0.61874 0 0.785596 0 0 1 0 0 -0.785596 0 0.61874 0 -211.673 0 142.138 1 0
0.61874 0 0.785596 0 0 1 0 0 -0.785596 0 0.61874 0 -211.673 0 142.138 1 0
0.61874 0 0.785596 0 0 1 0 0 -0.785596 0 0.61874 0 -211.673 0 142.138 1 0
0.61874 0 0.785596 0 0 1 0 0 -0.785596 0 0.61874 0 -211.673 0 142.138 1 0
0.61874 0 0.785596 0 0 1 0 0 -0.785596 0 0.61874 0 -211.673 0 142.138 1 0
0.61874 0 0.785596 0 0 1 0 0 -0.785596 0 0.61874 0 -211.673 0 142.138 1 0
0.609248 -0.0164641 0.792809 0 0.0115146 0.999863 0.0119153 0 -0.792896 0.0018695 0.609353 0 -161.541 -5.22464 172.482 1 1
0.613764 -0.0232933 0.789146 0 0.0128312 0.999727 0.0195295 0 -0.789385 -0.00186083 0.613896 0 -142.454 -7.87962 217.798 1 1
0.613764 -0.0232933 0.789146 0 0.0128312 0.999727 0.0195295 0 -0.789385 -0.00186083 0.613896 0 -142.454 -7.87962 217.798 1 2
0.613764 -0.0232933 0.789146 0 0.0128312 0.999727 0.0195295 0 -0.789385 -0.00186083 0.613896 0 -142.454 -7.87962 217.798 1 2
0.613764 -0.0232933 0.789146 0 0.0128312 0.999727 0.0195295 0 -0.789385 -0.00186083 0.613896 0 -142.454 -7.87962 217.798 1 2
0.613764 -0.0232933 0.789146 0 0.0128312 0.999727 0.0195295 0 -0.789385 -0.00186083 0.613896 0 -142.454 -7.87962 217.798 1 2
0.613764 -0.0232933 0.789146 0 0.0128312 0.999727 0.0195295 0 -0.789385 -0.00186083 0.613896 0 -142.454 -7.87962 217.798 1 2
0.613764 -0.0232933 0.789146 0 0.0128312 0.999727 0.0195295 0 -0.789385 -0.00186083 0.613896 0 -142.454 -7.87962 217.798 1 2
0.613764 -0.0232933 0.789146 0 0.0128312 0.999727 0.0195295 0 -0.789385 -0.00186083 0.613896 0 -142.454 -7.87962 217.798 1 2
0.613764 -0.0232933 0.789146 0 0.0128312 0.999727 0.0195295 0 -0.789385 -0.00186083 0.613896 0 -142.454 -7.87962 217.798 1 2
0.613764 -0.0232933 0.789146 0 0.0128312 0.999727 0.0195295 0 -0.789385 -0.00186083 0.613896 0 -142.454 -7.87962 217.798 1 2
0.613764 -0.0232933 0.789146 0 0.0128312 0.999727 0.0195295 0 -0.789385 -0.00186083 0.613896 0 -142.454 -7.87962 217.798 1 2
0.613764 -0.0232933 0.789146 0 0.0128312 0.999727 0.0195295 0 -0.789385 -0.00186083 0.613896 0 -142.454 -7.87962 217.798 1 2
0.613764 -0.0232933 0.789146 0 0.0128312 0.999727 0.0195295 0 -0.789385 -0.00186083 0.613896 0 -142.454 -7.87962 217.798 1 2
0.613764 -0.0232933 0.789146 0 0.0128312 0.999727 0.0195295 0 -0.789385 -0.00186083 0.613896 0 -142.454 -7.87962 217.798 1 2
0.613764 -0.0232933 0.789146 0 0.0128312 0.999727 0.0195295 0 -0.789385 -0.00186083 0.613896 0 -142.454 -7.87962 217.798 1 2
0.613764 -0.0232933 0.789146 0 0.0128312 0.999727 0.0195295 0 -0.789385 -0.00186083 0.613896 0 -142.454 -7.87962 217.798 1 2
0.613764 -0.0232933 0.789146 0 0.0128312 0.999727 0.0195295 0 -0.789385 -0.00186083 0.613896 0 -142.454 -7.87962 217.798 1 2
0.613764 -0.0232933 0.789146 0 0.0128312 0.999727 0.0195295 0 -0.789385 -0.00186083 0.613896 0 -142.454 -7.87962 217.798 1 2
0.613764 -0.0232933 0.789146 0 0.0128312 0.999727 0.0195295 0 -0.789385 -0.00186083 0.613896 0 -142.454 -7.87962 217.798 1 2
0.613764 -0.0232933 0.789146 0 0.0128312 0.999727 0.0195295 0 -0.789385 -0.00186083 0.613896 0 -142.454 -7.87962 217.798 1 2
0.613764 -0.0232933 0.789146 0 0.0128312 0.999727 0.0195295 0 -0.789385 -0.00186083 0.613896 0 -142.454 -7.87962 217.798 1 2
0.613764 -0.0232933 0.789146 0 0.0128312 0.999727 0.0195295 0 -0.789385 -0.00186083 0.613896 0 -142.454 -7.87962 217.798 1 2
0.613764 -0.0232933 0.789146 0 0.0128312 0.999727 0.0195295 0 -0.789385 -0.00186083 0.613896 0 -142.454 -7.87962 217.798 1 2
0.613764 -0.0232933 0.789146 0 0.0128312 0.999727 0.0195295 0 -0.789385 -0.00186083 0.613896 0 -142.454 -7.87962 217.798 1 2
0.613764 -0.0232933 0.789146 0 0.0128312 0.999727 0.0195295 0 -0.789385 -0.00186083 0.613896 0 -142.454 -7.87962 217.798 1 2
0.613764 -0.0232933 0.789146 0 0.0128312 0.999727 0.0195295 0 -0.789385 -0.00186083 0.613896 0 -142.454 -7.87962 217.798 1 2
0.613764 -0.0232933 0.789146 0 0.0128312 0.999727 0.0195295 0 -0.789385 -0.00186083 0.613896 0 -142.454 -7.87962 217.798 1 2
0.613764 -0.0232933 0.789146 0 0.0128312 0.999727 0.0195295 0 -0.789385 -0.00186083 0.613896 0 -142.454 -7.87962 217.798 1 2
0.613764 -0.0232933 0.789146 0 0.0128312 0.999727 0.0195295 0 -0.789385 -0.00186083 0.613896 0 -142.454 -7.87962 217.798 1 2
0.613764 -0.0232933 0.789146 0 0.0128312 0.999727 0.0195295 0 -0.789385 -0.00186083 0.613896 0 -142.454 -7.87962 217.798 1 2
0.613764 -0.0232933 0.789146 0 0.0128312 0.999727 0.0195295 0 -0.789385 -0.00186083 0.613896 0 -142.454 -7.87962 217.798 1 2
0.613764 -0.0232933 0.789146 0 0.0128312 0.999727 0.0195295 0 -0.789385 -0.00186083 0.613896 0 -142.454 -7.87962 217.798 1 2
0.613764 -0.0232933 0.789146 0 0.0128312 0.999727 0.0195295 0 -0.789385 -0.00186083 0.613896 0 -142.454 -7.87962 217.798 1 2
0.613764 -0.0232933 0.789146 0 0.0128312 0.999727 0.0195295 0 -0.789385 -0.00186083 0.613896 0 -142.454 -7.87962 217.798 1 2
0.613764 -0.0232933 0.789146 0 0.0128312 0.999727 0.0195295 0 -0.789385 -0.00186083 0.613896 0 -142.454 -7.87962 217.798 1 2
0.613764 -0.0232933 0.789146 0 0.0128312 0.999727 0.0195295 0 -0.789385 -0.00186083 0.613896 0 -142.454 -7.87962 217.798 1 2
0.613764 -0.0232933 0.789146 0 0.0128312 0.999727 0.0195295 0 -0.789385 -0.00186083 0.613896 0 -142.454 -7.87962 217.798 1 2
0.613764 -0.0232933 0.789146 0 0.0128312 0.999727 0.0195295 0 -0.789385 -0.00186083 0.613896 0 -142.454 -7.87962 217.798 1 2
0.613764 -0.0232933 0.789146 0 0.0128312 0.999727 0.0195295 0 -0.789385 -0.00186083 0.613896 0 -142.454 -7.87962 217.798 1 2
0.613764 -0.0232933 0.789146 0 0.0128312 0.999727 0.0195295 0 -0.789385 -0.00186083 0.613896 0 -142.454 -7.87962 217.798 1 2
0.613764 -0.0232933 0.789146 0 0.0128312 0.999727 0.0195295 0 -0.789385 -0.00186083 0.613896 0 -142.454 -7.87962 217.798 1 2
0.613764 -0.0232933 0.789146 0 0.0128312 0.999727 0.0195295 0 -0.789385 -0.00186083 0.613896 0 -142.454 -7.87962 217.798 1 2
0.613764 -0.0232933 0.789146 0 0.0128312 0.999727 0.0195295 0 -0.789385 -0.00186083 0.613896 0 -142.454 -7.87962 217.798 1 2
0.613764 -0.0232933 0.789146 0 0.0128312 0.999727 0.0195295 0 -0.789385 -0.00186083 0.613896 0 -142.454 -7.87962 217.798 1 2
0.613764 -0.0232933 0.789146 0 0.0128312 0.999727 0.0195295 0 -0.789385 -0.00186083 0.613896 0 -142.454 -7.87962 217.798 1 2
0.613764 -0.0232933 0.789146 0 0.0128312 0.999727 0.0195295 0 -0.789385 -0.00186083 0.613896 0 -142.454 -7.87962 217.798 1 2
0.613764 -0.0232933 0.789146 0 0.0128312 0.999727 0.0195295 0 -0.789385 -0.00186083 0.613896 0 -142.454 -7.87962 217.798 1 2
0.613764 -0.0232933 0.789146 0 0.0128312 0.999727 0.0195295 0 -0.789385 -0.00186083 0.613896 0 -142.454 -7.87962 217.798 1 2
0.613764 -0.0232933 0.789146 0 0.0128312 0.999727 0.0195295 0 -0.789385 -0.00186083 0.613896 0 -142.454 -7.87962 217.798 1 2
0.613764 -0.0232933 0.789146 0 0.0128312 0.999727 0.0195295 0 -0.789385 -0.00186083 0.613896 0 -142.454 -7.87962 217.798 1 2
0.613764 -0.0232933 0.789146 0 0.0128312 0.999727 0.0195295 0 -0.789385 -0.00186083 0.613896 0 -142.454 -7.87962 217.798 1 2
0.613764 -0.0232933 0.789146 0 0.0128312 0.999727 0.0195295 0 -0.789385 -0.00186083 0.613896 0 -142.454 -7.87962 217.798 1 2
0.613764 -0.0232933 0.789146 0 0.0128312 0.999727 0.0195295 0 -0.789385 -0.00186083 0.613896 0 -142.454 -7.87962 217.798 1 2
0.613764 -0.0232933 0.789146 0 0.0128312 0.999727 0.0195295 0 -0.789385 -0.00186083 0.613896 0 -142.454 -7.87962 217.798 1 2
0.613764 -0.0232933 0.789146 0 0.0128312 0.999727 0.0195295 0 -0.789385 -0.00186083 0.613896 0 -142.454 -7.87962 217.798 1 2
0.613764 -0.0232933 0.789146 0 0.0128312 0.999727 0.0195295 0 -0.789385 -0.00186083 0.613896 0 -142.454 -7.87962 217.798 1 2
0.613764 -0.0232933 0.789146 0 0.0128312 0.999727 0.0195295 0 -0.789385 -0.00186083 0.613896 0 -142.454 -7.87962 217.798 1 2
0.613764 -0.0232933 0.789146 0 0.0128312 0.999727 0.0195295 0 -0.789385 -0.00186083 0.613896 0 -142.454 -7.87962 217.798 1 2
0.613764 -0.0232933 0.789146 0 0.0128312 0.999727 0.0195295 0 -0.789385 -0.00186083 0.613896 0 -142.454 -7.87962 217.798 1 2
0.613764 -0.0232933 0.789146 0 0.0128312 0.999727 0.0195295 0 -0.789385 -0.00186083 0.613896 0 -142.454 -7.87962 217.798 1 2
0.613764 -0.0232933 0.789146 0 0.0128312 0.999727 0.0195295 0 -0.789385 -0.00186083 0.613896 0 -142.454 -7.87962 217.798 1 2
0.613764 -0.0232933 0.789146 0 0.0128312 0.999727 0.0195295 0 -0.789385 -0.00186083 0.613896 0 -142.454 -7.87962 217.798 1 2
0.613764 -0.0232933 0.789146 0 0.0128312 0.999727 0.0195295 0 -0.789385 -0.00186083 0.613896 0 -142.454 -7.87962 217.798 1 2
0.613764 -0.0232933 0.789146 0 0.0128312 0.999727 0.0195295 0 -0.789385 -0.00186083 0.613896 0 -142.454 -7.87962 217.798 1 2
0.613764 -0.0232933 0.789146 0 0.0128312 0.999727 0.0195295 0 -0.789385 -0.00186083 0.613896 0 -142.454 -7.87962 217.798 1 2
0.613764 -0.0232933 0.789146 0 0.0128312 0.999727 0.0195295 0 -0.789385 -0.00186083 0.613896 0 -142.454 -7.87962 217.798 1 2
0.613764 -0.0232933 0.789146 0 0.0128312 0.999727 0.0195295 0 -0.789385 -0.00186083 0.613896 0 -142.454 -7.87962 217.798 1 2
0.613764 -0.0232933 0.789146 0 0.0128312 0.999727 0.0195295 0 -0.789385 -0.00186083 0.613896 0 -142.454 -7.87962 217.798 1 2
0.613764 -0.0232933 0.789146 0 0.0128312 0.999727 0.0195295 0 -0.789385 -0.00186083 0.613896 0 -142.454 -7.87962 217.798 1 2
0.613764 -0.0232933 0.789146 0 0.0128312 0.999727 0.0195295 0 -0.789385 -0.00186083 0.613896 0 -142.454 -7.87962 217.798 1 2
0.613764 -0.0232933 0.789146 0 0.0128312 0.999727 0.0195295 0 -0.789385 -0.00186083 0.613896 0 -142.454 -7.87962 217.798 1 2
0.613764 -0.0232933 0.789146 0 0.0128312 0.999727 0.0195295 0 -0.789385 -0.00186083 0.613896 0 -142.454 -7.87962 217.798 1 2
0.613764 -0.0232933 0.789146 0 0.0128312 0.999727 0.0195295 0 -0.789385 -0.00186083 0.613896 0 -142.454 -7.87962 217.798 1 2
0.613764 -0.0232933 0.789146 0 0.0128312 0.999727 0.0195295 0 -0.789385 -0.00186083 0.613896 0 -142.454 -7.87962 217.798 1 2
0.613764 -0.0232933 0.789146 0 0.0128312 0.999727 0.0195295 0 -0.789385 -0.00186083 0.613896 0 -142.454 -7.87962 217.798 1 2
0.613764 -0.0232933 0.789146 0 0.0128312 0.999727 0.0195295 0 -0.789385 -0.00186083 0.613896 0 -142.454 -7.87962 217.798 1 2
0.613764 -0.0232933 0.789146 0 0.0128312 0.999727 0.0195295 0 -0.789385 -0.00186083 0.613896 0 -142.454 -7.87962 217.798 1 2
0.613764 -0.0232933 0.789146 0 0.0128312 0.999727 0.0195295 0 -0.789385 -0.00186083 0.613896 0 -142.454 -7.87962 217.798 1 2
0.613764 -0.0232933 0.789146 0 0.0128312 0.999727 0.0195295 0 -0.789385 -0.00186083 0.613896 0 -142.454 -7.87962 217.798 1 2
0.613764 -0.0232933 0.789146 0 0.0128312 0.999727 0.0195295 0 -0.789385 -0.00186083 0.613896 0 -142.454 -7.87962 217.798 1 2
0.613764 -0.0232933 0.789146 0 0.0128312 0.999727 0.0195295 0 -0.789385 -0.00186083 0.613896 0 -142.454 -7.87962 217.798 1 2
0.613764 -0.0232933 0.789146 0 0.0128312 0.999727 0.0195295 0 -0.789385 -0.00186083 0.613896 0 -142.454 -7.87962 217.798 1 2
0.613764 -0.0232933 0.789146 0 0.0128312 0.999727 0.0195295 0 -0.789385 -0.00186083 0.613896 0 -142.454 -7.87962 217.798 1 2
0.613764 -0.0232933 0.789146 0 0.0128312 0.999727 0.0195295 0 -0.789385 -0.00186083 0.613896 0 -142.454 -7.87962 217.798 1 2
0.613764 -0.0232933 0.789146 0 0.0128312 0.999727 0.0195295 0 -0.789385 -0.00186083 0.613896 0 -142.454 -7.87962 217.798 1 2
0.613764 -0.0232933 0.789146 0 0.0128312 0.999727 0.0195295 0 -0.789385 -0.00186083 0.613896 0 -142.454 -7.87962 217.798 1 2
0.613764 -0.0232933 0.789146 0 0.0128312 0.999727 0.0195295 0 -0.789385 -0.00186083 0.613896 0 -142.454 -7.87962 217.798 1 2
0.613764 -0.0232933 0.789146 0 0.0128312 0.999727 0.0195295 0 -0.789385 -0.00186083 0.613896 0 -142.454 -7.87962 217.798 1 2
0.613764 -0.0232933 0.789146 0 0.0128312 0.999727 0.0195295 0 -0.789385 -0.00186083 0.613896 0 -142.454 -7.87962 217.798 1 2
0.613764 -0.0232933 0.789146 0 0.0128312 0.999727 0.0195295 0 -0.789385 -0.00186083 0.613896 0 -142.454 -7.87962 217.798 1 2
0.613764 -0.0232933 0.789146 0 0.0128312 0.999727 0.0195295 0 -0.789385 -0.00186083 0.613896 0 -142.454 -7.87962 217.798 1 2
0.613764 -0.0232933 0.789146 0 0.0128312 0.999727 0.0195295 0 -0.789385 -0.00186083 0.613896 0 -142.454 -7.87962 217.798 1 2
0.613764 -0.0232933 0.789146 0 0.0128312 0.999727 0.0195295 0 -0.789385 -0.00186083 0.613896 0 -142.454 -7.87962 217.798 1 2
0.613764 -0.0232933 0.789146 0 0.0128312 0.999727 0.0195295 0 -0.789385 -0.00186083 0.613896 0 -142.454 -7.87962 217.798 1 2
0.613764 -0.0232933 0.789146 0 0.0128312 0.999727 0.0195295 0 -0.789385 -0.00186083 0.613896 0 -142.454 -7.87962 217.798 1 2
0.613764 -0.0232933 0.789146 0 0.0128312 0.999727 0.0195295 0 -0.789385 -0.00186083 0.613896 0 -142.454 -7.87962 217.798 1 2
0.613764 -0.0232933 0.789146 0 0.0128312 0.999727 0.0195295 0 -0.789385 -0.00186083 0.613896 0 -142.454 -7.87962 217.798 1 2
0.613764 -0.0232933 0.789146 0 0.0128312 0.999727 0.0195295 0 -0.789385 -0.00186083 0.613896 0 -142.454 -7.87962 217.798 1 2
0.613764 -0.0232933 0.789146 0 0.0128312 0.999727 0.0195295 0 -0.789385 -0.00186083 0.613896 0 -142.454 -7.87962 217.798 1 2
0.613764 -0.0232933 0.789146 0 0.0128312 0.999727 0.0195295 0 -0.789385 -0.00186083 0.613896 0 -142.454 -7.87962 217.798 1 2
0.613764 -0.0232933 0.789146 0 0.0128312 0.999727 0.0195295 0 -0.789385 -0.00186083 0.613896 0 -142.454 -7.87962 217.798 1 2
0.613764 -0.0232933 0.789146 0 0.0128312 0.999727 0.0195295 0 -0.789385 -0.00186083 0.613896 0 -142.454 -7.87962 217.798 1 2
0.613764 -0.0232933 0.789146 0 0.0128312 0.999727 0.0195295 0 -0.789385 -0.00186083 0.613896 0 -142.454 -7.87962 217.798 1 2
0.613764 -0.0232933 0.789146 0 0.0128312 0.999727 0.0195295 0 -0.789385 -0.00186083 0.613896 0 -142.454 -7.87962 217.798 1 2
0.613764 -0.0232933 0.789146 0 0.0128312 0.999727 0.0195295 0 -0.789385 -0.00186083 0.613896 0 -142.454 -7.87962 217.798 1 2
0.613764 -0.0232933 0.789146 0 0.0128312 0.999727 0.0195295 0 -0.789385 -0.00186083 0.613896 0 -142.454 -7.87962 217.798 1 2
0.613764 -0.0232933 0.789146 0 0.0128312 0.999727 0.0195295 0 -0.789385 -0.00186083 0.613896 0 -142.454 -7.87962 217.798 1 2
0.613764 -0.0232933 0.789146 0 0.0128312 0.999727 0.0195295 0 -0.789385 -0.00186083 0.613896 0 -142.454 -7.87962 217.798 1 2
0.613764 -0.0232933 0.789146 0 0.0128312 0.999727 0.0195295 0 -0.789385 -0.00186083 0.613896 0 -142.454 -7.87962 217.798 1 2
0.613764 -0.0232933 0.789146 0 0.0128312 0.999727 0.0195295 0 -0.789385 -0.00186083 0.613896 0 -142.454 -7.87962 217.798 1 2
0.613764 -0.0232933 0.789146 0 0.0128312 0.999727 0.0195295 0 -0.789385 -0.00186083 0.613896 0 -142.454 -7.87962 217.798 1 2
0.613764 -0.0232933 0.789146 0 0.0128312 0.999727 0.0195295 0 -0.789385 -0.00186083 0.613896 0 -142.454 -7.87962 217.798 1 2
0.613764 -0.0232933 0.789146 0 0.0128312 0.999727 0.0195295 0 -0.789385 -0.00186083 0.613896 0 -142.454 -7.87962 217.798 1 2
0.613764 -0.0232933 0.789146 0 0.0128312 0.999727 0.0195295 0 -0.789385 -0.00186083 0.613896 0 -142.454 -7.87962 217.798 1 2
0.613764 -0.0232933 0.789146 0 0.0128312 0.999727 0.0195295 0 -0.789385 -0.00186083 0.613896 0 -142.454 -7.87962 217.798 1 2
0.613764 -0.0232933 0.789146 0 0.0128312 0.999727 0.0195295 0 -0.789385 -0.00186083 0.613896 0 -142.454 -7.87962 217.798 1 2
0.613764 -0.0232933 0.789146 0 0.0128312 0.999727 0.0195295 0 -0.789385 -0.00186083 0.613896 0 -142.454 -7.87962 217.798 1 2
0.613764 -0.0232933 0.789146 0 0.0128312 0.999727 0.0195295 0 -0.789385 -0.00186083 0.613896 0 -142.454 -7.87962 217.798 1 2
0.613764 -0.0232933 0.789146 0 0.0128312 0.999727 0.0195295 0 -0.789385 -0.00186083 0.613896 0 -142.454 -7.87962 217.798 1 2
0.613764 -0.0232933 0.789146 0 0.0128312 0.999727 0.0195295 0 -0.789385 -0.00186083 0.613896 0 -142.454 -7.87962 217.798 1 2
0.613764 -0.0232933 0.789146 0 0.0128312 0.999727 0.0195295 0 -0.789385 -0.00186083 0.613896 0 -142.454 -7.87962 217.798 1 2
0.61395 -0.0218722 0.789042 0 0.0113337 0.999757 0.0188946 0 -0.789264 -0.00265754 0.614048 0 -141.92 -9.37713 219.373 1 3
0.614232 -0.0205007 0.788859 0 0.00994761 0.999784 0.0182366 0 -0.789062 -0.00335428 0.614304 0 -140.988 -10.1907 220.74 1 3
0.614454 -0.0192151 0.788718 0 0.00869812 0.999808 0.0175815 0 -0.788905 -0.00394264 0.614503 0 -139.993 -10.732 222.037 1 3
0.614717 -0.0179446 0.788543 0 0.00764126 0.99983 0.0167959 0 -0.788711 -0.00429927 0.61475 0 -139.165 -11.08 223.123 1 3
0.615067 -0.0168652 0.788295 0 0.00679502 0.999847 0.0160894 0 -0.788446 -0.0045396 0.615087 0 -138.504 -11.2624 223.963 1 3
0.615653 -0.01735 0.787826 0 0.00757998 0.999842 0.0160956 0 -0.787981 -0.00393763 0.615687 0 -138.499 -10.835 224.21 1 3
0.616285 -0.0176158 0.787326 0 0.00802481 0.999838 0.0160892 0 -0.787483 -0.00359737 0.616326 0 -138.326 -10.0043 224.287 1 3
0.616787 -0.0184461 0.786914 0 0.0084696 0.999823 0.0167984 0 -0.787084 -0.00369619 0.616834 0 -138.309 -8.98091 224.439 1 3
0.61707 -0.0189138 0.786681 0 0.00954524 0.999817 0.0165509 0 -0.78685 -0.00270402 0.617138 0 -137.843 -9.00424 225.317 1 3
0.617386 -0.0196273 0.786416 0 0.0107211 0.999806 0.0165363 0 -0.786588 -0.00177803 0.617476 0 -137.509 -8.79334 226.227 1 3
0.617359 -0.0203866 0.786418 0 0.0116597 0.999791 0.0167648 0 -0.786595 -0.00118054 0.617468 0 -137.299 -8.78418 226.871 1 3
0.617276 -0.0210815 0.786464 0 0.0124123 0.999777 0.0170574 0 -0.786649 -0.000767341 0.617401 0 -137.311 -8.96312 227.466 1 3
0.61693 -0.0216171 0.786721 0 0.0131025 0.999766 0.0171964 0 -0.786909 -0.00030094 0.617069 0 -137.226 -9.06524 228.013 1 3
0.616522 -0.021993 0.787031 0 0.0133751 0.999758 0.0174602 0 -0.787224 -0.000237998 0.616667 0 -137.06 -9.13622 228.482 1 3
0.616388 -0.0220662 0.787133 0 0.0133756 0.999756 0.0175526 0 -0.787329 -0.00029084 0.616533 0 -136.89 -9.17448 228.853 1 3
0.616391 -0.0221842 0.787127 0 0.0134567 0.999754 0.017639 0 -0.787325 -0.000280381 0.616538 0 -136.599 -9.12858 229.147 1 3
0.616613 -0.0225434 0.786944 0 0.0138748 0.999746 0.0177678 0 -0.787144 -3.71796e-05 0.616769 0 -136.328 -9.25012 229.268 1 3
0.618216 -0.0220119 0.7857 0 0.0141282 0.999757 0.0168923 0 -0.785882 0.000657478 0.618377 0 -139.212 -9.79461 228.943 1 3
0.619413 -0.0218028 0.784763 0 0.0144975 0.999761 0.0163333 0 -0.784932 0.00126005 0.619581 0 -141.261 -10.0492 228.707 1 3
0.620274 -0.0217484 0.784084 0 0.0148967 0.999762 0.0159462 0 -0.784244 0.00178926 0.62045 0 -142.949 -10.2207 228.428 1 3
0.620873 -0.0219599 0.783603 0 0.0153486 0.999756 0.0158562 0 -0.783761 0.00218249 0.621059 0 -144.129 -10.3126 228.157 1 3
0.621191 -0.0221355 0.783346 0 0.0156798 0.999752 0.0158166 0 -0.783502 0.00245764 0.621384 0 -144.996 -10.3752 227.954 1 3
0.621457 -0.0223854 0.783129 0 0.0159536 0.999746 0.0159172 0 -0.783286 0.0026019 0.621656 0 -145.597 -10.4351 227.682 1 3
0.621467 -0.0226132 0.783114 0 0.016163 0.999741 0.0160418 0 -0.783274 0.00268799 0.621671 0 -145.982 -10.4566 227.46 1 3
0.621422 -0.022808 0.783144 0 0.0163678 0.999736 0.0161282 0 -0.783305 0.00279591 0.621631 0 -146.147 -10.4888 227.273 1 3
0.621345 -0.0230509 0.783198 0 0.0166137 0.99973 0.0162434 0 -0.783361 0.0029191 0.62156 0 -146.295 -10.5076 227.065 1 3
0.621258 -0.0232291 0.783261 0 0.0167936 0.999726 0.0163286 0 -0.783426 0.00300951 0.621478 0 -146.342 -10.5167 226.834 1 3
0.621151 -0.0233453 0.783343 0 0.0169064 0.999723 0.0163879 0 -0.783508 0.00306411 0.621374 0 -146.276 -10.5422 226.612 1 3
0.621107 -0.0234631 0.783374 0 0.0169758 0.99972 0.0164835 0 -0.783542 0.00306042 0.621331 0 -146.125 -10.5557 226.412 1 3
0.621071 -0.0235271 0.783401 0 0.0172846 0.999717 0.0163205 0 -0.783564 0.0034046 0.621302 0 -146.19 -10.5804 226.976 1 3
0.620959 -0.0235462 0.783489 0 0.0174623 0.999716 0.0162047 0 -0.783648 0.00361908 0.621194 0 -146.235 -10.5436 227.322 1 3
0.62081 -0.0236338 0.783605 0 0.0175915 0.999714 0.016215 0 -0.783764 0.00371837 0.621048 0 -146.18 -10.5625 227.542 1 3
0.620719 -0.023628 0.783677 0 0.0175891 0.999714 0.0162099 0 -0.783836 0.00372241 0.620957 0 -146.051 -10.5415 227.648 1 3
0.620623 -0.0235912 0.783754 0 0.0175614 0.999715 0.0161855 0 -0.783912 0.00371868 0.62086 0 -145.904 -10.5409 227.736 1 3
0.620509 -0.023606 0.783844 0 0.0175612 0.999714 0.0162052 0 -0.784002 0.00370975 0.620747 0 -145.767 -10.5777 227.733 1 3
0.620438 -0.023746 0.783896 0 0.0173827 0.999712 0.0165255 0 -0.784063 0.00337323 0.620672 0 -145.819 -10.5466 227.699 1 3
0.620295 -0.0238097 0.784007 0 0.0172944 0.999711 0.0166774 0 -0.784178 0.00321407 0.620528 0 -145.82 -10.5449 227.641 1 3
0.620185 -0.0238016 0.784095 0 0.0172081 0.999712 0.0167359 0 -0.784267 0.00311343 0.620416 0 -145.803 -10.5329 227.663 1 3
0.620079 -0.0237511 0.78418 0 0.017113 0.999713 0.0167473 0 -0.784353 0.00303503 0.620308 0 -145.741 -10.5299 227.68 1 3
0.620008 -0.0236628 0.784238 0 0.0170085 0.999716 0.0167177 0 -0.784411 0.00297364 0.620234 0 -145.615 -10.5283 227.666 1 3
0.619995 -0.0236681 0.784249 0 0.0169452 0.999716 0.0167746 0 -0.784423 0.00288914 0.62022 0 -145.474 -10.5588 227.6 1 3
0.61999 -0.0236445 0.784253 0 0.0168974 0.999716 0.0167823 0 -0.784427 0.00284702 0.620214 0 -145.365 -10.561 227.534 1 3
0.619993 -0.0236052 0.784252 0 0.0168499 0.999717 0.0167697 0 -0.784426 0.00281746 0.620216 0 -145.205 -10.5724 227.503 1 3
0.619981 -0.0236103 0.784261 0 0.016809 0.999717 0.0168086 0 -0.784436 0.00276162 0.620203 0 -145.092 -10.5825 227.462 1 3
0.619953 -0.0235869 0.784285 0 0.0167596 0.999718 0.016818 0 -0.78446 0.0027179 0.620173 0 -144.982 -10.5836 227.477 1 3
