0.485802 0 -0.874069 0 0 1 0 0 0.874069 0 0.485802 0 -641.667 0 -472.739 1 0
0.485802 0 -0.874069 0 0 1 0 0 0.874069 0 0.485802 0 -641.667 0 -472.739 1 0
0.485802 0 -0.874069 0 0 1 0 0 0.874069 0 0.485802 0 -641.667 0 -472.739 1 0
0.485802 0 -0.874069 0 0 1 0 0 0.874069 0 0.485802 0 -641.667 0 -472.739 1 0
0.485802 0 -0.874069 0 0 1 0 0 0.874069 0 0.485802 0 -641.667 0 -472.739 1 0
0.485802 0 -0.874069 0 0 1 0 0 0.874069 0 0.485802 0 -641.667 0 -472.739 1 0
0.485802 0 -0.874069 0 0 1 0 0 0.874069 0 0.485802 0 -641.667 0 -472.739 1 0
0.485802 0 -0.874069 0 0 1 0 0 0.874069 0 0.485802 0 -641.667 0 -472.739 1 0
0.485802 0 -0.874069 0 0 1 0 0 0.874069 0 0.485802 0 -641.667 0 -472.739 1 0
0.485802 0 -0.874069 0 0 1 0 0 0.874069 0 0.485802 0 -641.667 0 -472.739 1 0
0.485802 0 -0.874069 0 0 1 0 0 0.874069 0 0.485802 0 -641.667 0 -472.739 1 0
0.485802 0 -0.874069 0 0 1 0 0 0.874069 0 0.485802 0 -641.667 0 -472.739 1 0
0.485802 0 -0.874069 0 0 1 0 0 0.874069 0 0.485802 0 -641.667 0 -472.739 1 0
0.485802 0 -0.874069 0 0 1 0 0 0.874069 0 0.485802 0 -641.667 0 -472.739 1 0
0.485802 0 -0.874069 0 0 1 0 0 0.874069 0 0.485802 0 -641.667 0 -472.739 1 0
0.485802 0 -0.874069 0 0 1 0 0 0.874069 0 0.485802 0 -641.667 0 -472.739 1 0
0.485802 0 -0.874069 0 0 1 0 0 0.874069 0 0.485802 0 -641.667 0 -472.739 1 0
0.485802 0 -0.874069 0 0 1 0 0 0.874069 0 0.485802 0 -641.667 0 -472.739 1 0
0.485802 0 -0.874069 0 0 1 0 0 0.874069 0 0.485802 0 -641.667 0 -472.739 1 0
0.485802 0 -0.874069 0 0 1 0 0 0.874069 0 0.485802 0 -641.667 0 -472.739 1 0
0.485802 0 -0.874069 0 0 1 0 0 0.874069 0 0.485802 0 -641.667 0 -472.739 1 0
0.485802 0 -0.874069 0 0 1 0 0 0.874069 0 0.485802 0 -641.667 0 -472.739 1 0
0.485802 0 -0.874069 0 0 1 0 0 0.874069 0 0.485802 0 -641.667 0 -472.739 1 0
0.485802 0 -0.874069 0 0 1 0 0 0.874069 0 0.485802 0 -641.667 0 -472.739 1 0
0.485802 0 -0.874069 0 0 1 0 0 0.874069 0 0.485802 0 -641.667 0 -472.739 1 0
0.485802 0 -0.874069 0 0 1 0 0 0.874069 0 0.485802 0 -641.667 0 -472.739 1 0
0.485802 0 -0.874069 0 0 1 0 0 0.874069 0 0.485802 0 -641.667 0 -472.739 1 0
0.485802 0 -0.874069 0 0 1 0 0 0.874069 0 0.485802 0 -641.667 0 -472.739 1 0
0.485802 0 -0.874069 0 0 1 0 0 0.874069 0 0.485802 0 -641.667 0 -472.739 1 0
0.485802 0 -0.874069 0 0 1 0 0 0.874069 0 0.485802 0 -641.667 0 -472.739 1 0
0.485802 0 -0.874069 0 0 1 0 0 0.874069 0 0.485802 0 -641.667 0 -472.739 1 0
0.485802 0 -0.874069 0 0 1 0 0 0.874069 0 0.485802 0 -641.667 0 -472.739 1 0
0.485802 0 -0.874069 0 0 1 0 0 0.874069 0 0.485802 0 -641.667 0 -472.739 1 0
0.485802 0 -0.874069 0 0 1 0 0 0.874069 0 0.485802 0 -641.667 0 -472.739 1 0
0.485802 0 -0.874069 0 0 1 0 0 0.874069 0 0.485802 0 -641.667 0 -472.739 1 0
0.485802 0 -0.874069 0 0 1 0 0 0.874069 0 0.485802 0 -641.667 0 -472.739 1 0
0.485802 0 -0.874069 0 0 1 0 0 0.874069 0 0.485802 0 -641.667 0 -472.739 1 0
0.485802 0 -0.874069 0 0 1 0 0 0.874069 0 0.485802 0 -641.667 0 -472.739 1 0
0.485802 0 -0.874069 0 0 1 0 0 0.874069 0 0.485802 0 -641.667 0 -472.739 1 0
0.485802 0 -0.874069 0 0 1 0 0 0.874069 0 0.485802 0 -641.667 0 -472.739 1 0
0.485802 0 -0.874069 0 0 1 0 0 0.874069 0 0.485802 0 -641.667 0 -472.739 1 0
0.485802 0 -0.874069 0 0 1 0 0 0.874069 0 0.485802 0 -641.667 0 -472.739 1 0
0.485802 0 -0.874069 0 0 1 0 0 0.874069 0 0.485802 0 -641.667 0 -472.739 1 0
0.485802 0 -0.874069 0 0 1 0 0 0.874069 0 0.485802 0 -641.667 0 -472.739 1 0
0.485802 0 -0.874069 0 0 1 0 0 0.874069 0 0.485802 0 -641.667 0 -472.739 1 0
0.485802 0 -0.874069 0 0 1 0 0 0.874069 0 0.485802 0 -641.667 0 -472.739 1 0
0.485802 0 -0.874069 0 0 1 0 0 0.874069 0 0.485802 0 -641.667 0 -472.739 1 0
0.485802 0 -0.874069 0 0 1 0 0 0.874069 0 0.485802 0 -641.667 0 -472.739 1 0
0.485802 0 -0.874069 0 0 1 0 0 0.874069 0 0.485802 0 -641.667 0 -472.739 1 0
0.485802 0 -0.874069 0 0 1 0 0 0.874069 0 0.485802 0 -641.667 0 -472.739 1 0
0.485802 0 -0.874069 0 0 1 0 0 0.874069 0 0.485802 0 -641.667 0 -472.739 1 0
0.485802 0 -0.874069 0 0 1 0 0 0.874069 0 0.485802 0 -641.667 0 -472.739 1 0
0.485802 0 -0.874069 0 0 1 0 0 0.874069 0 0.485802 0 -641.667 0 -472.739 1 0
0.485802 0 -0.874069 0 0 1 0 0 0.874069 0 0.485802 0 -641.667 0 -472.739 1 0
0.485802 0 -0.874069 0 0 1 0 0 0.874069 0 0.485802 0 -641.667 0 -472.739 1 0
0.485802 0 -0.874069 0 0 1 0 0 0.874069 0 0.485802 0 -641.667 0 -472.739 1 0
0.485802 0 -0.874069 0 0 1 0 0 0.874069 0 0.485802 0 -641.667 0 -472.739 1 0
0.485802 0 -0.874069 0 0 1 0 0 0.874069 0 0.485802 0 -641.667 0 -472.739 1 0
0.485802 0 -0.874069 0 0 1 0 0 0.874069 0 0.485802 0 -641.667 0 -472.739 1 0
0.485802 0 -0.874069 0 0 1 0 0 0.874069 0 0.485802 0 -641.667 0 -472.739 1 0
0.485802 0 -0.874069 0 0 1 0 0 0.874069 0 0.485802 0 -641.667 0 -472.739 1 0
0.485802 0 -0.874069 0 0 1 0 0 0.874069 0 0.485802 0 -641.667 0 -472.739 1 0
0.485802 0 -0.874069 0 0 1 0 0 0.874069 0 0.485802 0 -641.667 0 -472.739 1 0
0.485802 0 -0.874069 0 0 1 0 0 0.874069 0 0.485802 0 -641.667 0 -472.739 1 0
0.485802 0 -0.874069 0 0 1 0 0 0.874069 0 0.485802 0 -641.667 0 -472.739 1 0
0.485802 0 -0.874069 0 0 1 0 0 0.874069 0 0.485802 0 -641.667 0 -472.739 1 0
0.485802 0 -0.874069 0 0 1 0 0 0.874069 0 0.485802 0 -641.667 0 -472.739 1 0
0.485802 0 -0.874069 0 0 1 0 0 0.874069 0 0.485802 0 -641.667 0 -472.739 1 0
0.485802 0 -0.874069 0 0 1 0 0 0.874069 0 0.485802 0 -641.667 0 -472.739 1 0
0.485802 0 -0.874069 0 0 1 0 0 0.874069 0 0.485802 0 -641.667 0 -472.739 1 0
0.485802 0 -0.874069 0 0 1 0 0 0.874069 0 0.485802 0 -641.667 0 -472.739 1 0
0.485802 0 -0.874069 0 0 1 0 0 0.874069 0 0.485802 0 -641.667 0 -472.739 1 0
0.485802 0 -0.874069 0 0 1 0 0 0.874069 0 0.485802 0 -641.667 0 -472.739 1 0
0.485802 0 -0.874069 0 0 1 0 0 0.874069 0 0.485802 0 -641.667 0 -472.739 1 0
0.485802 0 -0.874069 0 0 1 0 0 0.874069 0 0.485802 0 -641.667 0 -472.739 1 0
0.485802 0 -0.874069 0 0 1 0 0 0.874069 0 0.485802 0 -641.667 0 -472.739 1 0
0.485802 0 -0.874069 0 0 1 0 0 0.874069 0 0.485802 0 -641.667 0 -472.739 1 0
0.485802 0 -0.874069 0 0 1 0 0 0.874069 0 0.485802 0 -641.667 0 -472.739 1 0
0.485802 0 -0.874069 0 0 1 0 0 0.874069 0 0.485802 0 -641.667 0 -472.739 1 0
0.485802 0 -0.874069 0 0 1 0 0 0.874069 0 0.485802 0 -641.667 0 -472.739 1 0
0.485802 0 -0.874069 0 0 1 0 0 0.874069 0 0.485802 0 -641.667 0 -472.739 1 0
0.485802 0 -0.874069 0 0 1 0 0 0.874069 0 0.485802 0 -641.667 0 -472.739 1 0
0.485802 0 -0.874069 0 0 1 0 0 0.874069 0 0.485802 0 -641.667 0 -472.739 1 0
0.485802 0 -0.874069 0 0 1 0 0 0.874069 0 0.485802 0 -641.667 0 -472.739 1 0
0.485802 0 -0.874069 0 0 1 0 0 0.874069 0 0.485802 0 -641.667 0 -472.739 1 0
0.485802 0 -0.874069 0 0 1 0 0 0.874069 0 0.485802 0 -641.667 0 -472.739 1 0
0.485802 0 -0.874069 0 0 1 0 0 0.874069 0 0.485802 0 -641.667 0 -472.739 1 0
0.485802 0 -0.874069 0 0 1 0 0 0.874069 0 0.485802 0 -641.667 0 -472.739 1 0
0.485802 0 -0.874069 0 0 1 0 0 0.874069 0 0.485802 0 -641.667 0 -472.739 1 0
0.485802 0 -0.874069 0 0 1 0 0 0.874069 0 0.485802 0 -641.667 0 -472.739 1 0
0.485802 0 -0.874069 0 0 1 0 0 0.874069 0 0.485802 0 -641.667 0 -472.739 1 0
0.485802 0 -0.874069 0 0 1 0 0 0.874069 0 0.485802 0 -641.667 0 -472.739 1 0
0.485802 0 -0.874069 0 0 1 0 0 0.874069 0 0.485802 0 -641.667 0 -472.739 1 0
0.485802 0 -0.874069 0 0 1 0 0 0.874069 0 0.485802 0 -641.667 0 -472.739 1 0
0.485802 0 -0.874069 0 0 1 0 0 0.874069 0 0.485802 0 -641.667 0 -472.739 1 0
0.485802 0 -0.874069 0 0 1 0 0 0.874069 0 0.485802 0 -641.667 0 -472.739 1 0
0.485802 0 -0.874069 0 0 1 0 0 0.874069 0 0.485802 0 -641.667 0 -472.739 1 0
0.485802 0 -0.874069 0 0 1 0 0 0.874069 0 0.485802 0 -641.667 0 -472.739 1 0
0.485802 0 -0.874069 0 0 1 0 0 0.874069 0 0.485802 0 -641.667 0 -472.739 1 0
0.485802 0 -0.874069 0 0 1 0 0 0.874069 0 0.485802 0 -641.667 0 -472.739 1 0
0.485802 0 -0.874069 0 0 1 0 0 0.874069 0 0.485802 0 -641.667 0 -472.739 1 0
0.485802 0 -0.874069 0 0 1 0 0 0.874069 0 0.485802 0 -641.667 0 -472.739 1 0
0.485802 0 -0.874069 0 0 1 0 0 0.874069 0 0.485802 0 -641.667 0 -472.739 1 0
0.485802 0 -0.874069 0 0 1 0 0 0.874069 0 0.485802 0 -641.667 0 -472.739 1 0
0.485802 0 -0.874069 0 0 1 0 0 0.874069 0 0.485802 0 -641.667 0 -472.739 1 0
0.485802 0 -0.874069 0 0 1 0 0 0.874069 0 0.485802 0 -641.667 0 -472.739 1 0
0.485802 0 -0.874069 0 0 1 0 0 0.874069 0 0.485802 0 -641.667 0 -472.739 1 0
0.485802 0 -0.874069 0 0 1 0 0 0.874069 0 0.485802 0 -641.667 0 -472.739 1 0
0.485802 0 -0.874069 0 0 1 0 0 0.874069 0 0.485802 0 -641.667 0 -472.739 1 0
0.485802 0 -0.874069 0 0 1 0 0 0.874069 0 0.485802 0 -641.667 0 -472.739 1 0
0.485802 0 -0.874069 0 0 1 0 0 0.874069 0 0.485802 0 -641.667 0 -472.739 1 0
0.485802 0 -0.874069 0 0 1 0 0 0.874069 0 0.485802 0 -641.667 0 -472.739 1 0
0.485802 0 -0.874069 0 0 1 0 0 0.874069 0 0.485802 0 -641.667 0 -472.739 1 0
0.485802 0 -0.874069 0 0 1 0 0 0.874069 0 0.485802 0 -641.667 0 -472.739 1 0
0.485802 0 -0.874069 0 0 1 0 0 0.874069 0 0.485802 0 -641.667 0 -472.739 1 0
0.485802 0 -0.874069 0 0 1 0 0 0.874069 0 0.485802 0 -641.667 0 -472.739 1 0
0.485802 0 -0.874069 0 0 1 0 0 0.874069 0 0.485802 0 -641.667 0 -472.739 1 0
0.485802 0 -0.874069 0 0 1 0 0 0.874069 0 0.485802 0 -641.667 0 -472.739 1 0
0.295899 0.0689984 -0.952724 0 -0.0297086 0.99757 0.0630193 0 0.954757 0.00965671 0.29723 0 -852.119 228.293 -677.343 1 1
0.287093 0.0750584 -0.954958 0 -0.03159 0.997125 0.0688757 0 0.957382 0.0103934 0.288638 0 -811.879 232.553 -744.828 1 1
0.287093 0.0750584 -0.954958 0 -0.03159 0.997125 0.0688757 0 0.957382 0.0103934 0.288638 0 -811.879 232.553 -744.828 1 2
0.287093 0.0750584 -0.954958 0 -0.03159 0.997125 0.0688757 0 0.957382 0.0103934 0.288638 0 -811.879 232.553 -744.828 1 2
0.287093 0.0750584 -0.954958 0 -0.03159 0.997125 0.0688757 0 0.957382 0.0103934 0.288638 0 -811.879 232.553 -744.828 1 2
0.287093 0.0750584 -0.954958 0 -0.03159 0.997125 0.0688757 0 0.957382 0.0103934 0.288638 0 -811.879 232.553 -744.828 1 2
0.287093 0.0750584 -0.954958 0 -0.03159 0.997125 0.0688757 0 0.957382 0.0103934 0.288638 0 -811.879 232.553 -744.828 1 2
0.287093 0.0750584 -0.954958 0 -0.03159 0.997125 0.0688757 0 0.957382 0.0103934 0.288638 0 -811.879 232.553 -744.828 1 2
0.287093 0.0750584 -0.954958 0 -0.03159 0.997125 0.0688757 0 0.957382 0.0103934 0.288638 0 -811.879 232.553 -744.828 1 2
0.287093 0.0750584 -0.954958 0 -0.03159 0.997125 0.0688757 0 0.957382 0.0103934 0.288638 0 -811.879 232.553 -744.828 1 2
0.283789 0.0922863 -0.954436 0 -0.0437127 0.995568 0.0832661 0 0.95789 0.018091 0.286565 0 -811.478 200.603 -758.235 1 3
0.280226 0.104069 -0.954276 0 -0.053133 0.994264 0.092827 0 0.958462 0.024691 0.284148 0 -812.206 170.106 -768.992 1 3
0.277104 0.111373 -0.954363 0 -0.0601845 0.993321 0.0984446 0 0.958953 0.0301585 0.281956 0 -814.286 142.354 -778.182 1 3
0.27404 0.114222 -0.954911 0 -0.0649834 0.992852 0.100112 0 0.95952 0.0346188 0.279504 0 -817.993 116.658 -785.618 1 3
0.271015 0.112052 -0.956031 0 -0.0663829 0.993012 0.0975679 0 0.960283 0.0370217 0.27656 0 -823.162 92.0577 -791.257 1 3
0.267508 0.105142 -0.957802 0 -0.0632594 0.993801 0.0914253 0 0.961477 0.036133 0.2725 0 -831.072 71.7568 -795.325 1 3
0.263417 0.0915587 -0.960327 0 -0.0581443 0.995183 0.0789329 0 0.962928 0.0350453 0.267472 0 -839.05 49.6319 -797.577 1 3
0.259055 0.0762202 -0.96285 0 -0.052192 0.99653 0.064844 0 0.964451 0.0334549 0.262134 0 -847.252 33.0414 -798.674 1 3
0.254186 0.0614719 -0.9652 0 -0.0461557 0.997612 0.0513811 0 0.966053 0.0314891 0.256416 0 -855.664 22.5546 -799.346 1 3
0.248869 0.0481691 -0.967338 0 -0.0403082 0.998412 0.0393462 0 0.967698 0.0291996 0.250416 0 -864.026 16.3267 -800.139 1 3
0.243525 0.0371641 -0.969182 0 -0.0353501 0.998942 0.0294229 0 0.96925 0.0270955 0.244581 0 -871.877 12.7061 -801.554 1 3
0.238783 0.0287684 -0.970647 0 -0.0313163 0.999269 0.0219128 0 0.970568 0.0251647 0.239509 0 -879.193 11.0261 -803.779 1 3
0.23464 0.022225 -0.971828 0 -0.0280447 0.999477 0.0160862 0 0.971678 0.0234802 0.235141 0 -885.602 10.5308 -806.432 1 3
0.231028 0.0175491 -0.972789 0 -0.0254552 0.999604 0.0119875 0 0.972614 0.0219931 0.231384 0 -891.489 10.6522 -809.587 1 3
0.227307 0.0138574 -0.973725 0 -0.0236261 0.999683 0.00871156 0 0.973537 0.0210251 0.227562 0 -897.004 10.7665 -812.63 1 3
0.223555 0.0110893 -0.974628 0 -0.0220967 0.999736 0.00630657 0 0.974441 0.0201262 0.223741 0 -902.13 11.1602 -815.509 1 3
0.219726 0.00881424 -0.975522 0 -0.0207284 0.999776 0.00436453 0 0.975341 0.019262 0.21986 0 -906.89 11.4459 -818.101 1 3
0.216113 0.00717498 -0.976342 0 -0.0197774 0.9998 0.00296965 0 0.976168 0.0186677 0.216212 0 -911.039 11.697 -820.309 1 3
0.212702 0.00600804 -0.977099 0 -0.0188507 0.99982 0.00204419 0 0.976935 0.0179842 0.212777 0 -914.878 11.9611 -822.246 1 3
0.209612 0.0051048 -0.977771 0 -0.0181158 0.999835 0.00133638 0 0.977617 0.017433 0.20967 0 -918.267 12.0779 -824.108 1 3
0.206864 0.00421763 -0.978361 0 -0.0175869 0.999845 0.000591696 0 0.978212 0.0170839 0.206906 0 -921.226 12.0899 -825.968 1 3
0.204662 0.00361865 -0.978826 0 -0.0171779 0.999852 0.000104665 0 0.978682 0.0167927 0.204694 0 -923.783 12.1009 -827.959 1 3
0.202733 0.00329813 -0.979229 0 -0.0167965 0.999859 -0.000109811 0 0.97909 0.0164699 0.20276 0 -926.196 12.3305 -829.964 1 3
0.201316 0.00314668 -0.979521 0 -0.0164789 0.999864 -0.000174785 0 0.979388 0.0161766 0.201341 0 -928.173 12.4565 -832.079 1 3
0.200112 0.00299602 -0.979768 0 -0.0161255 0.99987 -0.000236059 0 0.97964 0.0158465 0.200135 0 -929.903 12.5822 -834.238 1 3
0.199027 0.00296822 -0.979989 0 -0.0157186 0.999876 -0.000163857 0 0.979868 0.0154367 0.199049 0 -931.553 12.8025 -836.529 1 3
0.198099 0.0028944 -0.980178 0 -0.0152956 0.999883 -0.000138733 0 0.980063 0.0150199 0.19812 0 -933.211 12.9898 -838.801 1 3
0.197222 0.00284795 -0.980355 0 -0.0147839 0.999891 -6.94413e-05 0 0.980247 0.0145072 0.197243 0 -934.757 13.2804 -841.1 1 3
0.196278 0.00282296 -0.980544 0 -0.014398 0.999896 -3.40107e-06 0 0.980443 0.0141185 0.196298 0 -936.185 13.4997 -843.212 1 3
0.19536 0.00294505 -0.980727 0 -0.0143106 0.999898 0.000151956 0 0.980627 0.0140051 0.195382 0 -937.384 13.5047 -845.599 1 3
0.194545 0.00303776 -0.980889 0 -0.0142859 0.999898 0.000263222 0 0.98079 0.0139617 0.194568 0 -938.506 13.4871 -847.927 1 3
0.193829 0.00313298 -0.98103 0 -0.0142146 0.999899 0.000384755 0 0.980932 0.0138704 0.193854 0 -939.59 13.3587 -850.276 1 3
0.193226 0.0032259 -0.981149 0 -0.0141807 0.999899 0.000494809 0 0.981052 0.0138178 0.193252 0 -940.629 13.2073 -852.602 1 3
0.192733 0.00323288 -0.981246 0 -0.0141575 0.9999 0.000513567 0 0.981149 0.013793 0.19276 0 -941.588 12.9998 -854.865 1 3
0.192326 0.00323915 -0.981326 0 -0.0141321 0.9999 0.000530767 0 0.981229 0.0137661 0.192353 0 -942.474 12.8216 -857.006 1 3
0.192732 0.00502637 -0.981239 0 -0.0145724 0.999891 0.00225965 0 0.981143 0.0138635 0.192785 0 -945.034 13.8033 -860.179 1 3
0.192924 0.00621706 -0.981194 0 -0.0146752 0.999886 0.00345003 0 0.981104 0.0137337 0.192993 0 -947.03 14.3363 -862.946 1 3
0.192852 0.00704146 -0.981203 0 -0.0147074 0.999883 0.00428481 0 0.981118 0.0136046 0.192933 0 -948.712 14.597 -865.294 1 3
0.19264 0.00745108 -0.981241 0 -0.0146304 0.999882 0.00472035 0 0.98116 0.0134466 0.192726 0 -950.153 14.7579 -867.34 1 3
0.192284 0.00774426 -0.981309 0 -0.014539 0.999882 0.00504197 0 0.981232 0.0132977 0.192374 0 -951.395 14.8771 -868.91 1 3
0.191873 0.00802329 -0.981387 0 -0.014508 0.999881 0.00533799 0 0.981312 0.0132138 0.191967 0 -952.417 14.941 -870.285 1 3
0.191514 0.00821401 -0.981456 0 -0.0144996 0.99988 0.00553886 0 0.981383 0.01317 0.19161 0 -953.347 14.9162 -871.554 1 3
0.191099 0.00834929 -0.981535 0 -0.0145122 0.999879 0.00567989 0 0.981463 0.0131588 0.191197 0 -954.154 14.8244 -872.58 1 3
0.190768 0.00845518 -0.981599 0 -0.014518 0.999878 0.00579113 0 0.981528 0.0131461 0.190868 0 -954.808 14.7476 -873.522 1 3
0.190512 0.00852027 -0.981648 0 -0.0145382 0.999877 0.00585702 0 0.981577 0.0131555 0.190612 0 -955.333 14.653 -874.357 1 3
