0.462569 0 -0.886583 0 0 1 0 0 0.886583 0 0.462569 0 -3337.74 0 -2817.99 1 0
0.462569 0 -0.886583 0 0 1 0 0 0.886583 0 0.462569 0 -3337.74 0 -2817.99 1 0
0.462569 0 -0.886583 0 0 1 0 0 0.886583 0 0.462569 0 -3337.74 0 -2817.99 1 0
0.462569 0 -0.886583 0 0 1 0 0 0.886583 0 0.462569 0 -3337.74 0 -2817.99 1 0
0.462569 0 -0.886583 0 0 1 0 0 0.886583 0 0.462569 0 -3337.74 0 -2817.99 1 0
0.462569 0 -0.886583 0 0 1 0 0 0.886583 0 0.462569 0 -3337.74 0 -2817.99 1 0
0.462569 0 -0.886583 0 0 1 0 0 0.886583 0 0.462569 0 -3337.74 0 -2817.99 1 0
0.462569 0 -0.886583 0 0 1 0 0 0.886583 0 0.462569 0 -3337.74 0 -2817.99 1 0
0.462569 0 -0.886583 0 0 1 0 0 0.886583 0 0.462569 0 -3337.74 0 -2817.99 1 0
0.462569 0 -0.886583 0 0 1 0 0 0.886583 0 0.462569 0 -3337.74 0 -2817.99 1 0
0.462569 0 -0.886583 0 0 1 0 0 0.886583 0 0.462569 0 -3337.74 0 -2817.99 1 0
0.462569 0 -0.886583 0 0 1 0 0 0.886583 0 0.462569 0 -3337.74 0 -2817.99 1 0
0.462569 0 -0.886583 0 0 1 0 0 0.886583 0 0.462569 0 -3337.74 0 -2817.99 1 0
0.462569 0 -0.886583 0 0 1 0 0 0.886583 0 0.462569 0 -3337.74 0 -2817.99 1 0
0.462569 0 -0.886583 0 0 1 0 0 0.886583 0 0.462569 0 -3337.74 0 -2817.99 1 0
0.462569 0 -0.886583 0 0 1 0 0 0.886583 0 0.462569 0 -3337.74 0 -2817.99 1 0
0.462569 0 -0.886583 0 0 1 0 0 0.886583 0 0.462569 0 -3337.74 0 -2817.99 1 0
0.462569 0 -0.886583 0 0 1 0 0 0.886583 0 0.462569 0 -3337.74 0 -2817.99 1 0
0.462569 0 -0.886583 0 0 1 0 0 0.886583 0 0.462569 0 -3337.74 0 -2817.99 1 0
0.462569 0 -0.886583 0 0 1 0 0 0.886583 0 0.462569 0 -3337.74 0 -2817.99 1 0
0.462569 0 -0.886583 0 0 1 0 0 0.886583 0 0.462569 0 -3337.74 0 -2817.99 1 0
0.462569 0 -0.886583 0 0 1 0 0 0.886583 0 0.462569 0 -3337.74 0 -2817.99 1 0
0.462569 0 -0.886583 0 0 1 0 0 0.886583 0 0.462569 0 -3337.74 0 -2817.99 1 0
0.462569 0 -0.886583 0 0 1 0 0 0.886583 0 0.462569 0 -3337.74 0 -2817.99 1 0
0.462569 0 -0.886583 0 0 1 0 0 0.886583 0 0.462569 0 -3337.74 0 -2817.99 1 0
0.462569 0 -0.886583 0 0 1 0 0 0.886583 0 0.462569 0 -3337.74 0 -2817.99 1 0
0.462569 0 -0.886583 0 0 1 0 0 0.886583 0 0.462569 0 -3337.74 0 -2817.99 1 0
0.462569 0 -0.886583 0 0 1 0 0 0.886583 0 0.462569 0 -3337.74 0 -2817.99 1 0
0.462569 0 -0.886583 0 0 1 0 0 0.886583 0 0.462569 0 -3337.74 0 -2817.99 1 0
0.462569 0 -0.886583 0 0 1 0 0 0.886583 0 0.462569 0 -3337.74 0 -2817.99 1 0
0.462569 0 -0.886583 0 0 1 0 0 0.886583 0 0.462569 0 -3337.74 0 -2817.99 1 0
0.462569 0 -0.886583 0 0 1 0 0 0.886583 0 0.462569 0 -3337.74 0 -2817.99 1 0
0.462569 0 -0.886583 0 0 1 0 0 0.886583 0 0.462569 0 -3337.74 0 -2817.99 1 0
0.462569 0 -0.886583 0 0 1 0 0 0.886583 0 0.462569 0 -3337.74 0 -2817.99 1 0
0.462569 0 -0.886583 0 0 1 0 0 0.886583 0 0.462569 0 -3337.74 0 -2817.99 1 0
0.462569 0 -0.886583 0 0 1 0 0 0.886583 0 0.462569 0 -3337.74 0 -2817.99 1 0
0.462569 0 -0.886583 0 0 1 0 0 0.886583 0 0.462569 0 -3337.74 0 -2817.99 1 0
0.462569 0 -0.886583 0 0 1 0 0 0.886583 0 0.462569 0 -3337.74 0 -2817.99 1 0
0.462569 0 -0.886583 0 0 1 0 0 0.886583 0 0.462569 0 -3337.74 0 -2817.99 1 0
0.462569 0 -0.886583 0 0 1 0 0 0.886583 0 0.462569 0 -3337.74 0 -2817.99 1 0
0.462569 0 -0.886583 0 0 1 0 0 0.886583 0 0.462569 0 -3337.74 0 -2817.99 1 0
0.462569 0 -0.886583 0 0 1 0 0 0.886583 0 0.462569 0 -3337.74 0 -2817.99 1 0
0.462569 0 -0.886583 0 0 1 0 0 0.886583 0 0.462569 0 -3337.74 0 -2817.99 1 0
0.462569 0 -0.886583 0 0 1 0 0 0.886583 0 0.462569 0 -3337.74 0 -2817.99 1 0
0.462569 0 -0.886583 0 0 1 0 0 0.886583 0 0.462569 0 -3337.74 0 -2817.99 1 0
0.462569 0 -0.886583 0 0 1 0 0 0.886583 0 0.462569 0 -3337.74 0 -2817.99 1 0
0.462569 0 -0.886583 0 0 1 0 0 0.886583 0 0.462569 0 -3337.74 0 -2817.99 1 0
0.462569 0 -0.886583 0 0 1 0 0 0.886583 0 0.462569 0 -3337.74 0 -2817.99 1 0
0.462569 0 -0.886583 0 0 1 0 0 0.886583 0 0.462569 0 -3337.74 0 -2817.99 1 0
0.462569 0 -0.886583 0 0 1 0 0 0.886583 0 0.462569 0 -3337.74 0 -2817.99 1 0
0.462569 0 -0.886583 0 0 1 0 0 0.886583 0 0.462569 0 -3337.74 0 -2817.99 1 0
0.462569 0 -0.886583 0 0 1 0 0 0.886583 0 0.462569 0 -3337.74 0 -2817.99 1 0
0.462569 0 -0.886583 0 0 1 0 0 0.886583 0 0.462569 0 -3337.74 0 -2817.99 1 0
0.462569 0 -0.886583 0 0 1 0 0 0.886583 0 0.462569 0 -3337.74 0 -2817.99 1 0
0.462569 0 -0.886583 0 0 1 0 0 0.886583 0 0.462569 0 -3337.74 0 -2817.99 1 0
0.462569 0 -0.886583 0 0 1 0 0 0.886583 0 0.462569 0 -3337.74 0 -2817.99 1 0
0.462569 0 -0.886583 0 0 1 0 0 0.886583 0 0.462569 0 -3337.74 0 -2817.99 1 0
0.462569 0 -0.886583 0 0 1 0 0 0.886583 0 0.462569 0 -3337.74 0 -2817.99 1 0
0.462569 0 -0.886583 0 0 1 0 0 0.886583 0 0.462569 0 -3337.74 0 -2817.99 1 0
0.462569 0 -0.886583 0 0 1 0 0 0.886583 0 0.462569 0 -3337.74 0 -2817.99 1 0
0.462569 0 -0.886583 0 0 1 0 0 0.886583 0 0.462569 0 -3337.74 0 -2817.99 1 0
0.462569 0 -0.886583 0 0 1 0 0 0.886583 0 0.462569 0 -3337.74 0 -2817.99 1 0
0.462569 0 -0.886583 0 0 1 0 0 0.886583 0 0.462569 0 -3337.74 0 -2817.99 1 0
0.462569 0 -0.886583 0 0 1 0 0 0.886583 0 0.462569 0 -3337.74 0 -2817.99 1 0
0.462569 0 -0.886583 0 0 1 0 0 0.886583 0 0.462569 0 -3337.74 0 -2817.99 1 0
0.462569 0 -0.886583 0 0 1 0 0 0.886583 0 0.462569 0 -3337.74 0 -2817.99 1 0
0.462569 0 -0.886583 0 0 1 0 0 0.886583 0 0.462569 0 -3337.74 0 -2817.99 1 0
0.462569 0 -0.886583 0 0 1 0 0 0.886583 0 0.462569 0 -3337.74 0 -2817.99 1 0
0.462569 0 -0.886583 0 0 1 0 0 0.886583 0 0.462569 0 -3337.74 0 -2817.99 1 0
0.462569 0 -0.886583 0 0 1 0 0 0.886583 0 0.462569 0 -3337.74 0 -2817.99 1 0
0.462569 0 -0.886583 0 0 1 0 0 0.886583 0 0.462569 0 -3337.74 0 -2817.99 1 0
0.462569 0 -0.886583 0 0 1 0 0 0.886583 0 0.462569 0 -3337.74 0 -2817.99 1 0
0.462569 0 -0.886583 0 0 1 0 0 0.886583 0 0.462569 0 -3337.74 0 -2817.99 1 0
0.462569 0 -0.886583 0 0 1 0 0 0.886583 0 0.462569 0 -3337.74 0 -2817.99 1 0
0.462569 0 -0.886583 0 0 1 0 0 0.886583 0 0.462569 0 -3337.74 0 -2817.99 1 0
0.462569 0 -0.886583 0 0 1 0 0 0.886583 0 0.462569 0 -3337.74 0 -2817.99 1 0
0.462569 0 -0.886583 0 0 1 0 0 0.886583 0 0.462569 0 -3337.74 0 -2817.99 1 0
0.462569 0 -0.886583 0 0 1 0 0 0.886583 0 0.462569 0 -3337.74 0 -2817.99 1 0
0.462569 0 -0.886583 0 0 1 0 0 0.886583 0 0.462569 0 -3337.74 0 -2817.99 1 0
0.462569 0 -0.886583 0 0 1 0 0 0.886583 0 0.462569 0 -3337.74 0 -2817.99 1 0
0.462569 0 -0.886583 0 0 1 0 0 0.886583 0 0.462569 0 -3337.74 0 -2817.99 1 0
0.462569 0 -0.886583 0 0 1 0 0 0.886583 0 0.462569 0 -3337.74 0 -2817.99 1 0
0.462569 0 -0.886583 0 0 1 0 0 0.886583 0 0.462569 0 -3337.74 0 -2817.99 1 0
0.462569 0 -0.886583 0 0 1 0 0 0.886583 0 0.462569 0 -3337.74 0 -2817.99 1 0
0.462569 0 -0.886583 0 0 1 0 0 0.886583 0 0.462569 0 -3337.74 0 -2817.99 1 0
0.462569 0 -0.886583 0 0 1 0 0 0.886583 0 0.462569 0 -3337.74 0 -2817.99 1 0
0.462569 0 -0.886583 0 0 1 0 0 0.886583 0 0.462569 0 -3337.74 0 -2817.99 1 0
0.462569 0 -0.886583 0 0 1 0 0 0.886583 0 0.462569 0 -3337.74 0 -2817.99 1 0
0.362721 0.0999965 -0.926517 0 -0.0348672 0.994986 0.093736 0 0.931245 -0.00169498 0.364389 0 -4375.59 220.342 -1343.69 1 1
0.36596 0.0939264 -0.925879 0 -0.0321292 0.995576 0.0882976 0 0.930076 -0.00256563 0.367359 0 -4356.97 228.339 -1425.29 1 1
0.36596 0.0939264 -0.925879 0 -0.0321292 0.995576 0.0882976 0 0.930076 -0.00256563 0.367359 0 -4356.97 228.339 -1425.29 1 2
0.36596 0.0939264 -0.925879 0 -0.0321292 0.995576 0.0882976 0 0.930076 -0.00256563 0.367359 0 -4356.97 228.339 -1425.29 1 2
0.36596 0.0939264 -0.925879 0 -0.0321292 0.995576 0.0882976 0 0.930076 -0.00256563 0.367359 0 -4356.97 228.339 -1425.29 1 2
0.36596 0.0939264 -0.925879 0 -0.0321292 0.995576 0.0882976 0 0.930076 -0.00256563 0.367359 0 -4356.97 228.339 -1425.29 1 2
0.36596 0.0939264 -0.925879 0 -0.0321292 0.995576 0.0882976 0 0.930076 -0.00256563 0.367359 0 -4356.97 228.339 -1425.29 1 2
0.36596 0.0939264 -0.925879 0 -0.0321292 0.995576 0.0882976 0 0.930076 -0.00256563 0.367359 0 -4356.97 228.339 -1425.29 1 2
0.36596 0.0939264 -0.925879 0 -0.0321292 0.995576 0.0882976 0 0.930076 -0.00256563 0.367359 0 -4356.97 228.339 -1425.29 1 2
0.36596 0.0939264 -0.925879 0 -0.0321292 0.995576 0.0882976 0 0.930076 -0.00256563 0.367359 0 -4356.97 228.339 -1425.29 1 2
0.36596 0.0939264 -0.925879 0 -0.0321292 0.995576 0.0882976 0 0.930076 -0.00256563 0.367359 0 -4356.97 228.339 -1425.29 1 2
0.36596 0.0939264 -0.925879 0 -0.0321292 0.995576 0.0882976 0 0.930076 -0.00256563 0.367359 0 -4356.97 228.339 -1425.29 1 2
0.36596 0.0939264 -0.925879 0 -0.0321292 0.995576 0.0882976 0 0.930076 -0.00256563 0.367359 0 -4356.97 228.339 -1425.29 1 2
0.36596 0.0939264 -0.925879 0 -0.0321292 0.995576 0.0882976 0 0.930076 -0.00256563 0.367359 0 -4356.97 228.339 -1425.29 1 2
0.36596 0.0939264 -0.925879 0 -0.0321292 0.995576 0.0882976 0 0.930076 -0.00256563 0.367359 0 -4356.97 228.339 -1425.29 1 2
0.36596 0.0939264 -0.925879 0 -0.0321292 0.995576 0.0882976 0 0.930076 -0.00256563 0.367359 0 -4356.97 228.339 -1425.29 1 2
0.36596 0.0939264 -0.925879 0 -0.0321292 0.995576 0.0882976 0 0.930076 -0.00256563 0.367359 0 -4356.97 228.339 -1425.29 1 2
0.36596 0.0939264 -0.925879 0 -0.0321292 0.995576 0.0882976 0 0.930076 -0.00256563 0.367359 0 -4356.97 228.339 -1425.29 1 2
0.36596 0.0939264 -0.925879 0 -0.0321292 0.995576 0.0882976 0 0.930076 -0.00256563 0.367359 0 -4356.97 228.339 -1425.29 1 2
0.36596 0.0939264 -0.925879 0 -0.0321292 0.995576 0.0882976 0 0.930076 -0.00256563 0.367359 0 -4356.97 228.339 -1425.29 1 2
0.36596 0.0939264 -0.925879 0 -0.0321292 0.995576 0.0882976 0 0.930076 -0.00256563 0.367359 0 -4356.97 228.339 -1425.29 1 2
0.36596 0.0939264 -0.925879 0 -0.0321292 0.995576 0.0882976 0 0.930076 -0.00256563 0.367359 0 -4356.97 228.339 -1425.29 1 2
0.36596 0.0939264 -0.925879 0 -0.0321292 0.995576 0.0882976 0 0.930076 -0.00256563 0.367359 0 -4356.97 228.339 -1425.29 1 2
0.36596 0.0939264 -0.925879 0 -0.0321292 0.995576 0.0882976 0 0.930076 -0.00256563 0.367359 0 -4356.97 228.339 -1425.29 1 2
0.36596 0.0939264 -0.925879 0 -0.0321292 0.995576 0.0882976 0 0.930076 -0.00256563 0.367359 0 -4356.97 228.339 -1425.29 1 2
0.36596 0.0939264 -0.925879 0 -0.0321292 0.995576 0.0882976 0 0.930076 -0.00256563 0.367359 0 -4356.97 228.339 -1425.29 1 2
0.36596 0.0939264 -0.925879 0 -0.0321292 0.995576 0.0882976 0 0.930076 -0.00256563 0.367359 0 -4356.97 228.339 -1425.29 1 2
0.36596 0.0939264 -0.925879 0 -0.0321292 0.995576 0.0882976 0 0.930076 -0.00256563 0.367359 0 -4356.97 228.339 -1425.29 1 2
0.36596 0.0939264 -0.925879 0 -0.0321292 0.995576 0.0882976 0 0.930076 -0.00256563 0.367359 0 -4356.97 228.339 -1425.29 1 2
0.36596 0.0939264 -0.925879 0 -0.0321292 0.995576 0.0882976 0 0.930076 -0.00256563 0.367359 0 -4356.97 228.339 -1425.29 1 2
0.36596 0.0939264 -0.925879 0 -0.0321292 0.995576 0.0882976 0 0.930076 -0.00256563 0.367359 0 -4356.97 228.339 -1425.29 1 2
0.36596 0.0939264 -0.925879 0 -0.0321292 0.995576 0.0882976 0 0.930076 -0.00256563 0.367359 0 -4356.97 228.339 -1425.29 1 2
0.36596 0.0939264 -0.925879 0 -0.0321292 0.995576 0.0882976 0 0.930076 -0.00256563 0.367359 0 -4356.97 228.339 -1425.29 1 2
0.36596 0.0939264 -0.925879 0 -0.0321292 0.995576 0.0882976 0 0.930076 -0.00256563 0.367359 0 -4356.97 228.339 -1425.29 1 2
0.36596 0.0939264 -0.925879 0 -0.0321292 0.995576 0.0882976 0 0.930076 -0.00256563 0.367359 0 -4356.97 228.339 -1425.29 1 2
0.36596 0.0939264 -0.925879 0 -0.0321292 0.995576 0.0882976 0 0.930076 -0.00256563 0.367359 0 -4356.97 228.339 -1425.29 1 2
0.36596 0.0939264 -0.925879 0 -0.0321292 0.995576 0.0882976 0 0.930076 -0.00256563 0.367359 0 -4356.97 228.339 -1425.29 1 2
0.36596 0.0939264 -0.925879 0 -0.0321292 0.995576 0.0882976 0 0.930076 -0.00256563 0.367359 0 -4356.97 228.339 -1425.29 1 2
0.36596 0.0939264 -0.925879 0 -0.0321292 0.995576 0.0882976 0 0.930076 -0.00256563 0.367359 0 -4356.97 228.339 -1425.29 1 2
0.36596 0.0939264 -0.925879 0 -0.0321292 0.995576 0.0882976 0 0.930076 -0.00256563 0.367359 0 -4356.97 228.339 -1425.29 1 2
0.361263 0.109612 -0.925999 0 -0.041725 0.993972 0.10138 0 0.93153 0.00201243 0.363659 0 -4364.81 179.225 -1421 1 3
0.35714 0.119333 -0.926397 0 -0.0489891 0.992833 0.109004 0 0.932765 0.00645354 0.360426 0 -4372.33 131.951 -1416.73 1 3
0.353781 0.124548 -0.926999 0 -0.0538587 0.992163 0.112748 0 0.933776 0.0100388 0.357717 0 -4379.93 90.5064 -1413.31 1 3
0.350592 0.126153 -0.927993 0 -0.0569648 0.991924 0.113322 0 0.934794 0.0131331 0.354946 0 -4388.51 54.0079 -1409.14 1 3
0.347916 0.123796 -0.929316 0 -0.0573578 0.992197 0.110699 0 0.93577 0.0147897 0.352302 0 -4398.01 26.035 -1403.49 1 3
0.345053 0.118529 -0.931069 0 -0.0539729 0.992858 0.106392 0 0.93703 0.0135416 0.348986 0 -4410.28 14.4678 -1394.63 1 3
0.342207 0.10908 -0.933272 0 -0.049215 0.993956 0.0981266 0 0.938335 0.0123515 0.345507 0 -4422.4 3.40896 -1383.43 1 3
0.339547 0.0991822 -0.935345 0 -0.0441293 0.99501 0.0894892 0 0.939553 0.0108904 0.342229 0 -4434.25 -1.02808 -1371.61 1 3
0.336636 0.0895702 -0.937365 0 -0.0390375 0.995937 0.0811476 0 0.940825 0.00927523 0.338765 0 -4445.86 0.375373 -1358.47 1 3
0.333499 0.0812654 -0.939241 0 -0.0339036 0.996667 0.0741958 0 0.942141 0.00709943 0.335142 0 -4457.23 6.52192 -1344.72 1 3
0.330577 0.0745601 -0.940829 0 -0.0296264 0.997203 0.068618 0 0.943314 0.00518984 0.331861 0 -4467.74 13.0747 -1332.37 1 3
0.327823 0.0695442 -0.942176 0 -0.0261056 0.997573 0.0645499 0 0.944378 0.00343512 0.328843 0 -4477.37 19.9348 -1321.84 1 3
0.325571 0.0658992 -0.943218 0 -0.0233066 0.997824 0.0616696 0 0.94523 0.00190534 0.326399 0 -4485.59 26.7242 -1314.03 1 3
0.323366 0.0635637 -0.944137 0 -0.0211761 0.997978 0.0599357 0 0.946037 0.000611951 0.324058 0 -4493.14 32.62 -1307.31 1 3
0.320996 0.0617182 -0.945067 0 -0.0196287 0.998094 0.0585142 0 0.946877 -0.000232438 0.321596 0 -4500.4 36.4391 -1299.83 1 3
0.318535 0.0605498 -0.945975 0 -0.0183863 0.998165 0.0576991 0 0.947733 -0.000986228 0.319064 0 -4507.15 39.8842 -1291.82 1 3
0.315934 0.0595032 -0.946913 0 -0.0171111 0.998226 0.0570186 0 0.948627 -0.0018114 0.316392 0 -4513.67 43.1452 -1282.99 1 3
0.313361 0.0585356 -0.947828 0 -0.0162192 0.998283 0.0562893 0 0.949495 -0.00226591 0.313773 0 -4519.78 45.2035 -1273.49 1 3
0.311144 0.0577279 -0.948608 0 -0.0152209 0.998328 0.0557612 0 0.950241 -0.00291103 0.311502 0 -4525.32 47.8185 -1264.59 1 3
0.309331 0.057093 -0.949239 0 -0.0142816 0.998362 0.0553936 0 0.950847 -0.00357828 0.30964 0 -4530.19 50.1286 -1257.06 1 3
0.307885 0.0563835 -0.949751 0 -0.0133383 0.9984 0.0549477 0 0.95133 -0.0042495 0.308144 0 -4534.4 51.9382 -1250.83 1 3
0.306663 0.056059 -0.950166 0 -0.0127476 0.998416 0.0547915 0 0.951733 -0.00469021 0.306892 0 -4537.89 53.2324 -1246.26 1 3
0.305567 0.0559596 -0.950525 0 -0.0122383 0.99842 0.054845 0 0.952092 -0.00512605 0.305769 0 -4541.06 54.7929 -1242.46 1 3
0.30481 0.0558841 -0.950772 0 -0.0118948 0.998423 0.0548715 0 0.952339 -0.00541611 0.304994 0 -4543.58 55.9873 -1240.35 1 3
0.304098 0.055874 -0.951001 0 -0.0114755 0.998421 0.0549905 0 0.952572 -0.0058093 0.304259 0 -4545.81 57.4329 -1238.84 1 3
0.303444 0.0558958 -0.951208 0 -0.0109534 0.998417 0.0551757 0 0.952786 -0.0063238 0.303576 0 -4547.87 59.1442 -1237.76 1 3
0.30291 0.055906 -0.951378 0 -0.0105019 0.998413 0.0553262 0 0.952961 -0.00676764 0.303017 0 -4549.8 60.6471 -1236.98 1 3
0.302376 0.0558547 -0.951551 0 -0.0100387 0.998413 0.0554155 0 0.953136 -0.00720393 0.302457 0 -4551.55 62.4809 -1236.35 1 3
0.301745 0.0559059 -0.951748 0 -0.00966696 0.998407 0.0555818 0 0.95334 -0.007571 0.301804 0 -4553.26 63.857 -1235.33 1 3
0.301103 0.0558707 -0.951953 0 -0.00953311 0.998409 0.0555819 0 0.953544 -0.00766081 0.301157 0 -4554.75 64.1589 -1234.51 1 3
0.300524 0.0559096 -0.952134 0 -0.00948405 0.998406 0.0556333 0 0.953727 -0.00768908 0.300576 0 -4556.11 64.2313 -1234.04 1 3
0.300008 0.0560431 -0.952289 0 -0.00933643 0.998397 0.0558153 0 0.953891 -0.00785407 0.300051 0 -4557.41 64.5402 -1234.05 1 3
0.299519 0.0561452 -0.952437 0 -0.00926318 0.998391 0.0559411 0 0.954045 -0.00793285 0.299557 0 -4558.6 64.4682 -1234.21 1 3
0.299103 0.0561688 -0.952566 0 -0.00922785 0.99839 0.0559733 0 0.954176 -0.00795165 0.29914 0 -4559.7 64.1898 -1234.59 1 3
0.298762 0.0561903 -0.952672 0 -0.00919095 0.998388 0.0560044 0 0.954283 -0.00797605 0.298797 0 -4560.65 64.0248 -1235.18 1 3
0.298426 0.0574586 -0.952702 0 -0.00952737 0.998316 0.0572253 0 0.954385 -0.0080008 0.298471 0 -4562.98 64.1583 -1237.65 1 3
0.298194 0.0583597 -0.95272 0 -0.00962996 0.998262 0.0581354 0 0.954457 -0.00816095 0.298237 0 -4564.7 64.7693 -1239.86 1 3
0.29789 0.0590567 -0.952772 0 -0.00965295 0.99822 0.0588557 0 0.954551 -0.0083355 0.29793 0 -4566.26 65.1463 -1241.15 1 3
0.297535 0.0593948 -0.952862 0 -0.00962197 0.998199 0.0592163 0 0.954662 -0.0084505 0.29757 0 -4567.63 65.4867 -1241.78 1 3
0.297202 0.0596413 -0.95295 0 -0.00956162 0.998183 0.0594903 0 0.954767 -0.00856887 0.297232 0 -4568.83 65.9255 -1241.88 1 3
0.296848 0.059867 -0.953046 0 -0.00951611 0.998169 0.0597374 0 0.954877 -0.00866362 0.296874 0 -4569.88 66.1644 -1241.74 1 3
0.296502 0.0600303 -0.953144 0 -0.00950783 0.998159 0.0599077 0 0.954985 -0.00870043 0.296527 0 -4570.88 66.2048 -1241.65 1 3
0.296139 0.0601655 -0.953248 0 -0.0094889 0.99815 0.0600517 0 0.955098 -0.0087384 0.296162 0 -4571.81 66.1243 -1241.28 1 3
0.295849 0.0602745 -0.953331 0 -0.00951196 0.998144 0.0601559 0 0.955187 -0.00872904 0.295873 0 -4572.54 66.008 -1241.08 1 3
0.29563 0.0603411 -0.953395 0 -0.00952247 0.99814 0.0602203 0 0.955255 -0.00872422 0.295654 0 -4573.12 65.86 -1241.02 1 3
