-0.542427 0 -0.840103 0 0 1 0 0 0.840103 0 -0.542427 0 -4028.95 0 -3007.31 1 0
-0.542427 0 -0.840103 0 0 1 0 0 0.840103 0 -0.542427 0 -4028.95 0 -3007.31 1 0
-0.542427 0 -0.840103 0 0 1 0 0 0.840103 0 -0.542427 0 -4028.95 0 -3007.31 1 0
-0.542427 0 -0.840103 0 0 1 0 0 0.840103 0 -0.542427 0 -4028.95 0 -3007.31 1 0
-0.542427 0 -0.840103 0 0 1 0 0 0.840103 0 -0.542427 0 -4028.95 0 -3007.31 1 0
-0.542427 0 -0.840103 0 0 1 0 0 0.840103 0 -0.542427 0 -4028.95 0 -3007.31 1 0
-0.542427 0 -0.840103 0 0 1 0 0 0.840103 0 -0.542427 0 -4028.95 0 -3007.31 1 0
-0.542427 0 -0.840103 0 0 1 0 0 0.840103 0 -0.542427 0 -4028.95 0 -3007.31 1 0
-0.542427 0 -0.840103 0 0 1 0 0 0.840103 0 -0.542427 0 -4028.95 0 -3007.31 1 0
-0.542427 0 -0.840103 0 0 1 0 0 0.840103 0 -0.542427 0 -4028.95 0 -3007.31 1 0
-0.542427 0 -0.840103 0 0 1 0 0 0.840103 0 -0.542427 0 -4028.95 0 -3007.31 1 0
-0.542427 0 -0.840103 0 0 1 0 0 0.840103 0 -0.542427 0 -4028.95 0 -3007.31 1 0
-0.542427 0 -0.840103 0 0 1 0 0 0.840103 0 -0.542427 0 -4028.95 0 -3007.31 1 0
-0.542427 0 -0.840103 0 0 1 0 0 0.840103 0 -0.542427 0 -4028.95 0 -3007.31 1 0
-0.542427 0 -0.840103 0 0 1 0 0 0.840103 0 -0.542427 0 -4028.95 0 -3007.31 1 0
-0.542427 0 -0.840103 0 0 1 0 0 0.840103 0 -0.542427 0 -4028.95 0 -3007.31 1 0
-0.542427 0 -0.840103 0 0 1 0 0 0.840103 0 -0.542427 0 -4028.95 0 -3007.31 1 0
-0.542427 0 -0.840103 0 0 1 0 0 0.840103 0 -0.542427 0 -4028.95 0 -3007.31 1 0
-0.542427 0 -0.840103 0 0 1 0 0 0.840103 0 -0.542427 0 -4028.95 0 -3007.31 1 0
-0.542427 0 -0.840103 0 0 1 0 0 0.840103 0 -0.542427 0 -4028.95 0 -3007.31 1 0
-0.542427 0 -0.840103 0 0 1 0 0 0.840103 0 -0.542427 0 -4028.95 0 -3007.31 1 0
-0.542427 0 -0.840103 0 0 1 0 0 0.840103 0 -0.542427 0 -4028.95 0 -3007.31 1 0
-0.542427 0 -0.840103 0 0 1 0 0 0.840103 0 -0.542427 0 -4028.95 0 -3007.31 1 0
-0.542427 0 -0.840103 0 0 1 0 0 0.840103 0 -0.542427 0 -4028.95 0 -3007.31 1 0
-0.542427 0 -0.840103 0 0 1 0 0 0.840103 0 -0.542427 0 -4028.95 0 -3007.31 1 0
-0.542427 0 -0.840103 0 0 1 0 0 0.840103 0 -0.542427 0 -4028.95 0 -3007.31 1 0
-0.542427 0 -0.840103 0 0 1 0 0 0.840103 0 -0.542427 0 -4028.95 0 -3007.31 1 0
-0.542427 0 -0.840103 0 0 1 0 0 0.840103 0 -0.542427 0 -4028.95 0 -3007.31 1 0
-0.542427 0 -0.840103 0 0 1 0 0 0.840103 0 -0.542427 0 -4028.95 0 -3007.31 1 0
-0.542427 0 -0.840103 0 0 1 0 0 0.840103 0 -0.542427 0 -4028.95 0 -3007.31 1 0
-0.542427 0 -0.840103 0 0 1 0 0 0.840103 0 -0.542427 0 -4028.95 0 -3007.31 1 0
-0.542427 0 -0.840103 0 0 1 0 0 0.840103 0 -0.542427 0 -4028.95 0 -3007.31 1 0
-0.542427 0 -0.840103 0 0 1 0 0 0.840103 0 -0.542427 0 -4028.95 0 -3007.31 1 0
-0.542427 0 -0.840103 0 0 1 0 0 0.840103 0 -0.542427 0 -4028.95 0 -3007.31 1 0
-0.542427 0 -0.840103 0 0 1 0 0 0.840103 0 -0.542427 0 -4028.95 0 -3007.31 1 0
-0.542427 0 -0.840103 0 0 1 0 0 0.840103 0 -0.542427 0 -4028.95 0 -3007.31 1 0
-0.542427 0 -0.840103 0 0 1 0 0 0.840103 0 -0.542427 0 -4028.95 0 -3007.31 1 0
-0.542427 0 -0.840103 0 0 1 0 0 0.840103 0 -0.542427 0 -4028.95 0 -3007.31 1 0
-0.542427 0 -0.840103 0 0 1 0 0 0.840103 0 -0.542427 0 -4028.95 0 -3007.31 1 0
-0.542427 0 -0.840103 0 0 1 0 0 0.840103 0 -0.542427 0 -4028.95 0 -3007.31 1 0
-0.542427 0 -0.840103 0 0 1 0 0 0.840103 0 -0.542427 0 -4028.95 0 -3007.31 1 0
-0.542427 0 -0.840103 0 0 1 0 0 0.840103 0 -0.542427 0 -4028.95 0 -3007.31 1 0
-0.542427 0 -0.840103 0 0 1 0 0 0.840103 0 -0.542427 0 -4028.95 0 -3007.31 1 0
-0.542427 0 -0.840103 0 0 1 0 0 0.840103 0 -0.542427 0 -4028.95 0 -3007.31 1 0
-0.542427 0 -0.840103 0 0 1 0 0 0.840103 0 -0.542427 0 -4028.95 0 -3007.31 1 0
-0.542427 0 -0.840103 0 0 1 0 0 0.840103 0 -0.542427 0 -4028.95 0 -3007.31 1 0
-0.542427 0 -0.840103 0 0 1 0 0 0.840103 0 -0.542427 0 -4028.95 0 -3007.31 1 0
-0.542427 0 -0.840103 0 0 1 0 0 0.840103 0 -0.542427 0 -4028.95 0 -3007.31 1 0
-0.542427 0 -0.840103 0 0 1 0 0 0.840103 0 -0.542427 0 -4028.95 0 -3007.31 1 0
-0.542427 0 -0.840103 0 0 1 0 0 0.840103 0 -0.542427 0 -4028.95 0 -3007.31 1 0
-0.542427 0 -0.840103 0 0 1 0 0 0.840103 0 -0.542427 0 -4028.95 0 -3007.31 1 0
-0.542427 0 -0.840103 0 0 1 0 0 0.840103 0 -0.542427 0 -4028.95 0 -3007.31 1 0
-0.542427 0 -0.840103 0 0 1 0 0 0.840103 0 -0.542427 0 -4028.95 0 -3007.31 1 0
-0.542427 0 -0.840103 0 0 1 0 0 0.840103 0 -0.542427 0 -4028.95 0 -3007.31 1 0
-0.542427 0 -0.840103 0 0 1 0 0 0.840103 0 -0.542427 0 -4028.95 0 -3007.31 1 0
-0.542427 0 -0.840103 0 0 1 0 0 0.840103 0 -0.542427 0 -4028.95 0 -3007.31 1 0
-0.542427 0 -0.840103 0 0 1 0 0 0.840103 0 -0.542427 0 -4028.95 0 -3007.31 1 0
-0.542427 0 -0.840103 0 0 1 0 0 0.840103 0 -0.542427 0 -4028.95 0 -3007.31 1 0
-0.542427 0 -0.840103 0 0 1 0 0 0.840103 0 -0.542427 0 -4028.95 0 -3007.31 1 0
-0.542427 0 -0.840103 0 0 1 0 0 0.840103 0 -0.542427 0 -4028.95 0 -3007.31 1 0
-0.542427 0 -0.840103 0 0 1 0 0 0.840103 0 -0.542427 0 -4028.95 0 -3007.31 1 0
-0.542427 0 -0.840103 0 0 1 0 0 0.840103 0 -0.542427 0 -4028.95 0 -3007.31 1 0
-0.542427 0 -0.840103 0 0 1 0 0 0.840103 0 -0.542427 0 -4028.95 0 -3007.31 1 0
-0.542427 0 -0.840103 0 0 1 0 0 0.840103 0 -0.542427 0 -4028.95 0 -3007.31 1 0
-0.542427 0 -0.840103 0 0 1 0 0 0.840103 0 -0.542427 0 -4028.95 0 -3007.31 1 0
-0.542427 0 -0.840103 0 0 1 0 0 0.840103 0 -0.542427 0 -4028.95 0 -3007.31 1 0
-0.542427 0 -0.840103 0 0 1 0 0 0.840103 0 -0.542427 0 -4028.95 0 -3007.31 1 0
-0.542427 0 -0.840103 0 0 1 0 0 0.840103 0 -0.542427 0 -4028.95 0 -3007.31 1 0
-0.542427 0 -0.840103 0 0 1 0 0 0.840103 0 -0.542427 0 -4028.95 0 -3007.31 1 0
-0.542427 0 -0.840103 0 0 1 0 0 0.840103 0 -0.542427 0 -4028.95 0 -3007.31 1 0
-0.542427 0 -0.840103 0 0 1 0 0 0.840103 0 -0.542427 0 -4028.95 0 -3007.31 1 0
-0.542427 0 -0.840103 0 0 1 0 0 0.840103 0 -0.542427 0 -4028.95 0 -3007.31 1 0
-0.542427 0 -0.840103 0 0 1 0 0 0.840103 0 -0.542427 0 -4028.95 0 -3007.31 1 0
-0.542427 0 -0.840103 0 0 1 0 0 0.840103 0 -0.542427 0 -4028.95 0 -3007.31 1 0
-0.542427 0 -0.840103 0 0 1 0 0 0.840103 0 -0.542427 0 -4028.95 0 -3007.31 1 0
-0.542427 0 -0.840103 0 0 1 0 0 0.840103 0 -0.542427 0 -4028.95 0 -3007.31 1 0
-0.542427 0 -0.840103 0 0 1 0 0 0.840103 0 -0.542427 0 -4028.95 0 -3007.31 1 0
-0.542427 0 -0.840103 0 0 1 0 0 0.840103 0 -0.542427 0 -4028.95 0 -3007.31 1 0
-0.542427 0 -0.840103 0 0 1 0 0 0.840103 0 -0.542427 0 -4028.95 0 -3007.31 1 0
-0.542427 0 -0.840103 0 0 1 0 0 0.840103 0 -0.542427 0 -4028.95 0 -3007.31 1 0
-0.542427 0 -0.840103 0 0 1 0 0 0.840103 0 -0.542427 0 -4028.95 0 -3007.31 1 0
-0.542427 0 -0.840103 0 0 1 0 0 0.840103 0 -0.542427 0 -4028.95 0 -3007.31 1 0
-0.627416 0.0626095 -0.776163 0 -0.0386909 0.993025 0.111379 0 0.777722 0.0999113 -0.620618 0 -5028.04 185.706 -1218.68 1 1
-0.622644 0.0694125 -0.779421 0 -0.0358325 0.992484 0.117012 0 0.781684 0.100785 -0.615477 0 -5068.29 191.183 -1289.73 1 1
-0.622644 0.0694125 -0.779421 0 -0.0358325 0.992484 0.117012 0 0.781684 0.100785 -0.615477 0 -5068.29 191.183 -1289.73 1 2
-0.622644 0.0694125 -0.779421 0 -0.0358325 0.992484 0.117012 0 0.781684 0.100785 -0.615477 0 -5068.29 191.183 -1289.73 1 2
-0.622644 0.0694125 -0.779421 0 -0.0358325 0.992484 0.117012 0 0.781684 0.100785 -0.615477 0 -5068.29 191.183 -1289.73 1 2
-0.622644 0.0694125 -0.779421 0 -0.0358325 0.992484 0.117012 0 0.781684 0.100785 -0.615477 0 -5068.29 191.183 -1289.73 1 2
-0.622644 0.0694125 -0.779421 0 -0.0358325 0.992484 0.117012 0 0.781684 0.100785 -0.615477 0 -5068.29 191.183 -1289.73 1 2
-0.622644 0.0694125 -0.779421 0 -0.0358325 0.992484 0.117012 0 0.781684 0.100785 -0.615477 0 -5068.29 191.183 -1289.73 1 2
-0.622644 0.0694125 -0.779421 0 -0.0358325 0.992484 0.117012 0 0.781684 0.100785 -0.615477 0 -5068.29 191.183 -1289.73 1 2
-0.622644 0.0694125 -0.779421 0 -0.0358325 0.992484 0.117012 0 0.781684 0.100785 -0.615477 0 -5068.29 191.183 -1289.73 1 2
-0.622644 0.0694125 -0.779421 0 -0.0358325 0.992484 0.117012 0 0.781684 0.100785 -0.615477 0 -5068.29 191.183 -1289.73 1 2
-0.622644 0.0694125 -0.779421 0 -0.0358325 0.992484 0.117012 0 0.781684 0.100785 -0.615477 0 -5068.29 191.183 -1289.73 1 2
-0.622644 0.0694125 -0.779421 0 -0.0358325 0.992484 0.117012 0 0.781684 0.100785 -0.615477 0 -5068.29 191.183 -1289.73 1 2
-0.622644 0.0694125 -0.779421 0 -0.0358325 0.992484 0.117012 0 0.781684 0.100785 -0.615477 0 -5068.29 191.183 -1289.73 1 2
-0.622644 0.0694125 -0.779421 0 -0.0358325 0.992484 0.117012 0 0.781684 0.100785 -0.615477 0 -5068.29 191.183 -1289.73 1 2
-0.622644 0.0694125 -0.779421 0 -0.0358325 0.992484 0.117012 0 0.781684 0.100785 -0.615477 0 -5068.29 191.183 -1289.73 1 2
-0.622644 0.0694125 -0.779421 0 -0.0358325 0.992484 0.117012 0 0.781684 0.100785 -0.615477 0 -5068.29 191.183 -1289.73 1 2
-0.622644 0.0694125 -0.779421 0 -0.0358325 0.992484 0.117012 0 0.781684 0.100785 -0.615477 0 -5068.29 191.183 -1289.73 1 2
-0.622644 0.0694125 -0.779421 0 -0.0358325 0.992484 0.117012 0 0.781684 0.100785 -0.615477 0 -5068.29 191.183 -1289.73 1 2
-0.622644 0.0694125 -0.779421 0 -0.0358325 0.992484 0.117012 0 0.781684 0.100785 -0.615477 0 -5068.29 191.183 -1289.73 1 2
-0.622644 0.0694125 -0.779421 0 -0.0358325 0.992484 0.117012 0 0.781684 0.100785 -0.615477 0 -5068.29 191.183 -1289.73 1 2
-0.622644 0.0694125 -0.779421 0 -0.0358325 0.992484 0.117012 0 0.781684 0.100785 -0.615477 0 -5068.29 191.183 -1289.73 1 2
-0.622644 0.0694125 -0.779421 0 -0.0358325 0.992484 0.117012 0 0.781684 0.100785 -0.615477 0 -5068.29 191.183 -1289.73 1 2
-0.622644 0.0694125 -0.779421 0 -0.0358325 0.992484 0.117012 0 0.781684 0.100785 -0.615477 0 -5068.29 191.183 -1289.73 1 2
-0.622644 0.0694125 -0.779421 0 -0.0358325 0.992484 0.117012 0 0.781684 0.100785 -0.615477 0 -5068.29 191.183 -1289.73 1 2
-0.622644 0.0694125 -0.779421 0 -0.0358325 0.992484 0.117012 0 0.781684 0.100785 -0.615477 0 -5068.29 191.183 -1289.73 1 2
-0.622644 0.0694125 -0.779421 0 -0.0358325 0.992484 0.117012 0 0.781684 0.100785 -0.615477 0 -5068.29 191.183 -1289.73 1 2
-0.622644 0.0694125 -0.779421 0 -0.0358325 0.992484 0.117012 0 0.781684 0.100785 -0.615477 0 -5068.29 191.183 -1289.73 1 2
-0.622644 0.0694125 -0.779421 0 -0.0358325 0.992484 0.117012 0 0.781684 0.100785 -0.615477 0 -5068.29 191.183 -1289.73 1 2
-0.622644 0.0694125 -0.779421 0 -0.0358325 0.992484 0.117012 0 0.781684 0.100785 -0.615477 0 -5068.29 191.183 -1289.73 1 2
-0.622644 0.0694125 -0.779421 0 -0.0358325 0.992484 0.117012 0 0.781684 0.100785 -0.615477 0 -5068.29 191.183 -1289.73 1 2
-0.622644 0.0694125 -0.779421 0 -0.0358325 0.992484 0.117012 0 0.781684 0.100785 -0.615477 0 -5068.29 191.183 -1289.73 1 2
-0.622644 0.0694125 -0.779421 0 -0.0358325 0.992484 0.117012 0 0.781684 0.100785 -0.615477 0 -5068.29 191.183 -1289.73 1 2
-0.622644 0.0694125 -0.779421 0 -0.0358325 0.992484 0.117012 0 0.781684 0.100785 -0.615477 0 -5068.29 191.183 -1289.73 1 2
-0.622644 0.0694125 -0.779421 0 -0.0358325 0.992484 0.117012 0 0.781684 0.100785 -0.615477 0 -5068.29 191.183 -1289.73 1 2
-0.622644 0.0694125 -0.779421 0 -0.0358325 0.992484 0.117012 0 0.781684 0.100785 -0.615477 0 -5068.29 191.183 -1289.73 1 2
-0.622644 0.0694125 -0.779421 0 -0.0358325 0.992484 0.117012 0 0.781684 0.100785 -0.615477 0 -5068.29 191.183 -1289.73 1 2
-0.622644 0.0694125 -0.779421 0 -0.0358325 0.992484 0.117012 0 0.781684 0.100785 -0.615477 0 -5068.29 191.183 -1289.73 1 2
-0.622644 0.0694125 -0.779421 0 -0.0358325 0.992484 0.117012 0 0.781684 0.100785 -0.615477 0 -5068.29 191.183 -1289.73 1 2
-0.622644 0.0694125 -0.779421 0 -0.0358325 0.992484 0.117012 0 0.781684 0.100785 -0.615477 0 -5068.29 191.183 -1289.73 1 2
-0.622644 0.0694125 -0.779421 0 -0.0358325 0.992484 0.117012 0 0.781684 0.100785 -0.615477 0 -5068.29 191.183 -1289.73 1 2
-0.622644 0.0694125 -0.779421 0 -0.0358325 0.992484 0.117012 0 0.781684 0.100785 -0.615477 0 -5068.29 191.183 -1289.73 1 2
-0.622644 0.0694125 -0.779421 0 -0.0358325 0.992484 0.117012 0 0.781684 0.100785 -0.615477 0 -5068.29 191.183 -1289.73 1 2
-0.622644 0.0694125 -0.779421 0 -0.0358325 0.992484 0.117012 0 0.781684 0.100785 -0.615477 0 -5068.29 191.183 -1289.73 1 2
-0.622644 0.0694125 -0.779421 0 -0.0358325 0.992484 0.117012 0 0.781684 0.100785 -0.615477 0 -5068.29 191.183 -1289.73 1 2
-0.622644 0.0694125 -0.779421 0 -0.0358325 0.992484 0.117012 0 0.781684 0.100785 -0.615477 0 -5068.29 191.183 -1289.73 1 2
-0.626258 0.0681177 -0.776634 0 -0.0488585 0.990788 0.126299 0 0.778083 0.117041 -0.617161 0 -5074.68 132.686 -1284.27 1 3
-0.629198 0.0650016 -0.774522 0 -0.0586561 0.989684 0.13071 0 0.775028 0.127673 -0.618895 0 -5080.93 78.4597 -1278.87 1 3
-0.631688 0.0617134 -0.772762 0 -0.0653175 0.989045 0.132379 0 0.772466 0.134097 -0.620737 0 -5087.39 32.3821 -1274.29 1 3
-0.634192 0.0578424 -0.771009 0 -0.0696892 0.988862 0.131509 0 0.770029 0.137133 -0.623097 0 -5094.78 -7.01882 -1268.52 1 3
-0.636479 0.0543525 -0.769377 0 -0.0708095 0.989184 0.128459 0 0.768037 0.136241 -0.625745 0 -5103.39 -35.3288 -1261.21 1 3
-0.639143 0.052993 -0.76726 0 -0.0677051 0.989873 0.124768 0 0.766102 0.131692 -0.629083 0 -5114.95 -44.2955 -1250.23 1 3
-0.641803 0.0504713 -0.765207 0 -0.0629618 0.990995 0.118172 0 0.76428 0.124022 -0.632846 0 -5126.61 -51.1393 -1236.84 1 3
-0.644251 0.0484874 -0.763276 0 -0.0575697 0.992083 0.111615 0 0.762645 0.115849 -0.636358 0 -5138.13 -50.9526 -1223.08 1 3
-0.646793 0.0467714 -0.76123 0 -0.0520148 0.993089 0.105213 0 0.76089 0.107646 -0.63989 0 -5149.34 -44.8814 -1207.97 1 3
-0.64946 0.0461636 -0.758993 0 -0.0464136 0.993888 0.100166 0 0.758978 0.100281 -0.643348 0 -5160.27 -34.3184 -1192.21 1 3
-0.651834 0.0458209 -0.756976 0 -0.0416492 0.994504 0.0960629 0 0.757217 0.0941445 -0.646343 0 -5170.35 -24.0306 -1178.13 1 3
-0.654078 0.0459398 -0.755031 0 -0.0377667 0.994926 0.0932533 0 0.755483 0.08951 -0.649024 0 -5179.56 -14.1582 -1165.99 1 3
-0.655879 0.0463108 -0.753444 0 -0.0346258 0.99522 0.0913136 0 0.754071 0.0859793 -0.65114 0 -5187.36 -5.00836 -1156.91 1 3
-0.657624 0.0470427 -0.751876 0 -0.0322102 0.99538 0.0904505 0 0.752657 0.0837005 -0.653071 0 -5194.5 2.62365 -1149.02 1 3
-0.659389 0.0474688 -0.750301 0 -0.0304148 0.995503 0.0897113 0 0.751186 0.0819749 -0.654981 0 -5201.23 7.72477 -1140.24 1 3
-0.661237 0.0479024 -0.748646 0 -0.0290407 0.995577 0.0893524 0 0.749614 0.0808244 -0.656921 0 -5207.4 12.0964 -1130.86 1 3
-0.663178 0.0483495 -0.746899 0 -0.0276488 0.995648 0.0890015 0 0.747951 0.0796746 -0.658955 0 -5213.34 16.2721 -1120.52 1 3
-0.664932 0.048489 -0.745328 0 -0.0266457 0.995715 0.0885501 0 0.746428 0.0787396 -0.660791 0 -5218.92 18.9725 -1109.56 1 3
-0.666469 0.0486915 -0.743941 0 -0.0256555 0.995776 0.0881581 0 0.745091 0.0778409 -0.662405 0 -5223.91 22.2685 -1099.37 1 3
-0.667739 0.0489236 -0.742786 0 -0.0247386 0.995828 0.0878293 0 0.743984 0.0770225 -0.663743 0 -5228.35 25.1621 -1090.8 1 3
-0.668803 0.0491609 -0.741812 0 -0.0238145 0.995883 0.0874691 0 0.743058 0.0761655 -0.664879 0 -5232.19 27.6501 -1083.71 1 3
-0.669673 0.0493133 -0.741017 0 -0.0232608 0.995911 0.0872973 0 0.742291 0.0756973 -0.665788 0 -5235.41 29.339 -1078.44 1 3
-0.670422 0.0495788 -0.740322 0 -0.0227642 0.995921 0.0873109 0 0.741631 0.0753879 -0.666558 0 -5238.31 31.1739 -1074.07 1 3
-0.6709 0.0498429 -0.739871 0 -0.0223624 0.995925 0.0873703 0 0.74121 0.075162 -0.667052 0 -5240.56 32.5969 -1071.59 1 3
-0.671356 0.0501133 -0.739439 0 -0.0219873 0.995925 0.0874588 0 0.740809 0.0749742 -0.667519 0 -5242.54 34.2515 -1069.7 1 3
-0.671769 0.0504783 -0.739039 0 -0.0215358 0.995923 0.0875996 0 0.740448 0.0747624 -0.667943 0 -5244.38 36.2087 -1068.26 1 3
-0.672144 0.0508236 -0.738674 0 -0.0211152 0.99592 0.0877365 0 0.74012 0.0745688 -0.668328 0 -5246.13 37.9579 -1067.14 1 3
-0.672517 0.0511532 -0.738312 0 -0.0206555 0.995923 0.0878164 0 0.739793 0.0743082 -0.668718 0 -5247.72 40.0508 -1066.16 1 3
-0.672967 0.0514772 -0.737879 0 -0.0202832 0.995916 0.0879777 0 0.739394 0.0741727 -0.669175 0 -5249.28 41.6164 -1064.71 1 3
-0.673379 0.0514354 -0.737506 0 -0.0201726 0.995927 0.0878768 0 0.739022 0.0740518 -0.669599 0 -5250.62 41.9842 -1063.45 1 3
-0.673708 0.0514023 -0.737208 0 -0.0201003 0.995934 0.087811 0 0.738724 0.073977 -0.669936 0 -5251.84 42.087 -1062.58 1 3
-0.673996 0.0514691 -0.73694 0 -0.0199973 0.995933 0.0878468 0 0.738465 0.0739452 -0.670225 0 -5252.98 42.4109 -1062.25 1 3
-0.674283 0.0514912 -0.736676 0 -0.0199444 0.995932 0.0878675 0 0.738204 0.0739401 -0.670513 0 -5254.01 42.334 -1062.08 1 3
-0.674519 0.0514669 -0.736461 0 -0.0199213 0.995935 0.0878458 0 0.737988 0.073925 -0.670752 0 -5254.94 42.03 -1062.16 1 3
-0.674723 0.0514562 -0.736275 0 -0.0199227 0.995934 0.0878602 0 0.737802 0.0739499 -0.670954 0 -5255.75 41.8449 -1062.51 1 3
-0.67498 0.0518751 -0.73601 0 -0.020281 0.995844 0.0887879 0 0.737557 0.0748571 -0.671123 0 -5257.76 41.4613 -1064.62 1 3
-0.675137 0.0523042 -0.735836 0 -0.0203993 0.995778 0.0894978 0 0.73741 0.0754339 -0.67122 0 -5259.2 41.8183 -1066.59 1 3
-0.675359 0.0525396 -0.735615 0 -0.0205267 0.995734 0.0899633 0 0.737203 0.0758573 -0.671399 0 -5260.5 41.9759 -1067.58 1 3
-0.675606 0.0526884 -0.735378 0 -0.0205561 0.995709 0.0902259 0 0.736976 0.0760737 -0.671624 0 -5261.65 42.2079 -1067.94 1 3
-0.675845 0.0528614 -0.735146 0 -0.0204978 0.995691 0.0904404 0 0.736759 0.0761926 -0.671849 0 -5262.71 42.6156 -1067.79 1 3
-0.676081 0.0530336 -0.734917 0 -0.020428 0.995674 0.0906431 0 0.736545 0.0762949 -0.672072 0 -5263.64 42.8486 -1067.41 1 3
-0.676326 0.0530826 -0.734687 0 -0.0204372 0.995664 0.0907525 0 0.736319 0.0763933 -0.672309 0 -5264.51 42.8418 -1067.07 1 3
-0.676584 0.0531104 -0.734447 0 -0.0204283 0.995658 0.0908183 0 0.736082 0.0764497 -0.672562 0 -5265.32 42.7284 -1066.47 1 3
-0.676745 0.0531205 -0.734299 0 -0.0204342 0.995654 0.0908599 0 0.735934 0.0764938 -0.672718 0 -5265.97 42.5817 -1066.11 1 3
-0.67688 0.053114 -0.734175 0 -0.0204687 0.995649 0.0909017 0 0.735809 0.0765572 -0.672848 0 -5266.49 42.3902 -1065.92 1 3
