0.00795513 0 0.999968 0 0 1 0 0 -0.999968 0 0.00795513 0 -4217.31 0 -161.648 1 0
0.00795513 0 0.999968 0 0 1 0 0 -0.999968 0 0.00795513 0 -4217.31 0 -161.648 1 0
0.00795513 0 0.999968 0 0 1 0 0 -0.999968 0 0.00795513 0 -4217.31 0 -161.648 1 0
0.00795513 0 0.999968 0 0 1 0 0 -0.999968 0 0.00795513 0 -4217.31 0 -161.648 1 0
0.00795513 0 0.999968 0 0 1 0 0 -0.999968 0 0.00795513 0 -4217.31 0 -161.648 1 0
0.00795513 0 0.999968 0 0 1 0 0 -0.999968 0 0.00795513 0 -4217.31 0 -161.648 1 0
0.00795513 0 0.999968 0 0 1 0 0 -0.999968 0 0.00795513 0 -4217.31 0 -161.648 1 0
0.00795513 0 0.999968 0 0 1 0 0 -0.999968 0 0.00795513 0 -4217.31 0 -161.648 1 0
0.00795513 0 0.999968 0 0 1 0 0 -0.999968 0 0.00795513 0 -4217.31 0 -161.648 1 0
0.00795513 0 0.999968 0 0 1 0 0 -0.999968 0 0.00795513 0 -4217.31 0 -161.648 1 0
0.00795513 0 0.999968 0 0 1 0 0 -0.999968 0 0.00795513 0 -4217.31 0 -161.648 1 0
0.00795513 0 0.999968 0 0 1 0 0 -0.999968 0 0.00795513 0 -4217.31 0 -161.648 1 0
0.00795513 0 0.999968 0 0 1 0 0 -0.999968 0 0.00795513 0 -4217.31 0 -161.648 1 0
0.00795513 0 0.999968 0 0 1 0 0 -0.999968 0 0.00795513 0 -4217.31 0 -161.648 1 0
0.00795513 0 0.999968 0 0 1 0 0 -0.999968 0 0.00795513 0 -4217.31 0 -161.648 1 0
0.00795513 0 0.999968 0 0 1 0 0 -0.999968 0 0.00795513 0 -4217.31 0 -161.648 1 0
0.00795513 0 0.999968 0 0 1 0 0 -0.999968 0 0.00795513 0 -4217.31 0 -161.648 1 0
0.00795513 0 0.999968 0 0 1 0 0 -0.999968 0 0.00795513 0 -4217.31 0 -161.648 1 0
0.00795513 0 0.999968 0 0 1 0 0 -0.999968 0 0.00795513 0 -4217.31 0 -161.648 1 0
0.00795513 0 0.999968 0 0 1 0 0 -0.999968 0 0.00795513 0 -4217.31 0 -161.648 1 0
0.00795513 0 0.999968 0 0 1 0 0 -0.999968 0 0.00795513 0 -4217.31 0 -161.648 1 0
0.00795513 0 0.999968 0 0 1 0 0 -0.999968 0 0.00795513 0 -4217.31 0 -161.648 1 0
0.00795513 0 0.999968 0 0 1 0 0 -0.999968 0 0.00795513 0 -4217.31 0 -161.648 1 0
0.00795513 0 0.999968 0 0 1 0 0 -0.999968 0 0.00795513 0 -4217.31 0 -161.648 1 0
0.00795513 0 0.999968 0 0 1 0 0 -0.999968 0 0.00795513 0 -4217.31 0 -161.648 1 0
0.00795513 0 0.999968 0 0 1 0 0 -0.999968 0 0.00795513 0 -4217.31 0 -161.648 1 0
0.00795513 0 0.999968 0 0 1 0 0 -0.999968 0 0.00795513 0 -4217.31 0 -161.648 1 0
0.00795513 0 0.999968 0 0 1 0 0 -0.999968 0 0.00795513 0 -4217.31 0 -161.648 1 0
0.00795513 0 0.999968 0 0 1 0 0 -0.999968 0 0.00795513 0 -4217.31 0 -161.648 1 0
0.00795513 0 0.999968 0 0 1 0 0 -0.999968 0 0.00795513 0 -4217.31 0 -161.648 1 0
0.00795513 0 0.999968 0 0 1 0 0 -0.999968 0 0.00795513 0 -4217.31 0 -161.648 1 0
0.00795513 0 0.999968 0 0 1 0 0 -0.999968 0 0.00795513 0 -4217.31 0 -161.648 1 0
0.00795513 0 0.999968 0 0 1 0 0 -0.999968 0 0.00795513 0 -4217.31 0 -161.648 1 0
0.00795513 0 0.999968 0 0 1 0 0 -0.999968 0 0.00795513 0 -4217.31 0 -161.648 1 0
0.00795513 0 0.999968 0 0 1 0 0 -0.999968 0 0.00795513 0 -4217.31 0 -161.648 1 0
0.00795513 0 0.999968 0 0 1 0 0 -0.999968 0 0.00795513 0 -4217.31 0 -161.648 1 0
0.00795513 0 0.999968 0 0 1 0 0 -0.999968 0 0.00795513 0 -4217.31 0 -161.648 1 0
0.00795513 0 0.999968 0 0 1 0 0 -0.999968 0 0.00795513 0 -4217.31 0 -161.648 1 0
0.00795513 0 0.999968 0 0 1 0 0 -0.999968 0 0.00795513 0 -4217.31 0 -161.648 1 0
0.00795513 0 0.999968 0 0 1 0 0 -0.999968 0 0.00795513 0 -4217.31 0 -161.648 1 0
0.00795513 0 0.999968 0 0 1 0 0 -0.999968 0 0.00795513 0 -4217.31 0 -161.648 1 0
0.00795513 0 0.999968 0 0 1 0 0 -0.999968 0 0.00795513 0 -4217.31 0 -161.648 1 0
0.00795513 0 0.999968 0 0 1 0 0 -0.999968 0 0.00795513 0 -4217.31 0 -161.648 1 0
0.00795513 0 0.999968 0 0 1 0 0 -0.999968 0 0.00795513 0 -4217.31 0 -161.648 1 0
0.00795513 0 0.999968 0 0 1 0 0 -0.999968 0 0.00795513 0 -4217.31 0 -161.648 1 0
0.00795513 0 0.999968 0 0 1 0 0 -0.999968 0 0.00795513 0 -4217.31 0 -161.648 1 0
0.00795513 0 0.999968 0 0 1 0 0 -0.999968 0 0.00795513 0 -4217.31 0 -161.648 1 0
0.00795513 0 0.999968 0 0 1 0 0 -0.999968 0 0.00795513 0 -4217.31 0 -161.648 1 0
0.00795513 0 0.999968 0 0 1 0 0 -0.999968 0 0.00795513 0 -4217.31 0 -161.648 1 0
0.00795513 0 0.999968 0 0 1 0 0 -0.999968 0 0.00795513 0 -4217.31 0 -161.648 1 0
0.0410911 -0.0702859 0.99668 0 0.0169406 0.997428 0.0696403 0 -0.999012 0.0140227 0.0421761 0 -4016.46 -62.8958 1374.71 1 1
0.047965 -0.0500429 0.997595 0 0.0440952 0.997877 0.0479369 0 -0.997875 0.0416899 0.0500698 0 -4026.18 -63.3774 1447.02 1 1
0.047965 -0.0500429 0.997595 0 0.0440952 0.997877 0.0479369 0 -0.997875 0.0416899 0.0500698 0 -4026.18 -63.3774 1447.02 1 2
0.047965 -0.0500429 0.997595 0 0.0440952 0.997877 0.0479369 0 -0.997875 0.0416899 0.0500698 0 -4026.18 -63.3774 1447.02 1 2
0.047965 -0.0500429 0.997595 0 0.0440952 0.997877 0.0479369 0 -0.997875 0.0416899 0.0500698 0 -4026.18 -63.3774 1447.02 1 2
0.047965 -0.0500429 0.997595 0 0.0440952 0.997877 0.0479369 0 -0.997875 0.0416899 0.0500698 0 -4026.18 -63.3774 1447.02 1 2
0.047965 -0.0500429 0.997595 0 0.0440952 0.997877 0.0479369 0 -0.997875 0.0416899 0.0500698 0 -4026.18 -63.3774 1447.02 1 2
0.047965 -0.0500429 0.997595 0 0.0440952 0.997877 0.0479369 0 -0.997875 0.0416899 0.0500698 0 -4026.18 -63.3774 1447.02 1 2
0.047965 -0.0500429 0.997595 0 0.0440952 0.997877 0.0479369 0 -0.997875 0.0416899 0.0500698 0 -4026.18 -63.3774 1447.02 1 2
0.047965 -0.0500429 0.997595 0 0.0440952 0.997877 0.0479369 0 -0.997875 0.0416899 0.0500698 0 -4026.18 -63.3774 1447.02 1 2
0.047965 -0.0500429 0.997595 0 0.0440952 0.997877 0.0479369 0 -0.997875 0.0416899 0.0500698 0 -4026.18 -63.3774 1447.02 1 2
0.047965 -0.0500429 0.997595 0 0.0440952 0.997877 0.0479369 0 -0.997875 0.0416899 0.0500698 0 -4026.18 -63.3774 1447.02 1 2
0.047965 -0.0500429 0.997595 0 0.0440952 0.997877 0.0479369 0 -0.997875 0.0416899 0.0500698 0 -4026.18 -63.3774 1447.02 1 2
0.047965 -0.0500429 0.997595 0 0.0440952 0.997877 0.0479369 0 -0.997875 0.0416899 0.0500698 0 -4026.18 -63.3774 1447.02 1 2
0.047965 -0.0500429 0.997595 0 0.0440952 0.997877 0.0479369 0 -0.997875 0.0416899 0.0500698 0 -4026.18 -63.3774 1447.02 1 2
0.047965 -0.0500429 0.997595 0 0.0440952 0.997877 0.0479369 0 -0.997875 0.0416899 0.0500698 0 -4026.18 -63.3774 1447.02 1 2
0.047965 -0.0500429 0.997595 0 0.0440952 0.997877 0.0479369 0 -0.997875 0.0416899 0.0500698 0 -4026.18 -63.3774 1447.02 1 2
0.047965 -0.0500429 0.997595 0 0.0440952 0.997877 0.0479369 0 -0.997875 0.0416899 0.0500698 0 -4026.18 -63.3774 1447.02 1 2
0.047965 -0.0500429 0.997595 0 0.0440952 0.997877 0.0479369 0 -0.997875 0.0416899 0.0500698 0 -4026.18 -63.3774 1447.02 1 2
0.047965 -0.0500429 0.997595 0 0.0440952 0.997877 0.0479369 0 -0.997875 0.0416899 0.0500698 0 -4026.18 -63.3774 1447.02 1 2
0.047965 -0.0500429 0.997595 0 0.0440952 0.997877 0.0479369 0 -0.997875 0.0416899 0.0500698 0 -4026.18 -63.3774 1447.02 1 2
0.047965 -0.0500429 0.997595 0 0.0440952 0.997877 0.0479369 0 -0.997875 0.0416899 0.0500698 0 -4026.18 -63.3774 1447.02 1 2
0.047965 -0.0500429 0.997595 0 0.0440952 0.997877 0.0479369 0 -0.997875 0.0416899 0.0500698 0 -4026.18 -63.3774 1447.02 1 2
0.047965 -0.0500429 0.997595 0 0.0440952 0.997877 0.0479369 0 -0.997875 0.0416899 0.0500698 0 -4026.18 -63.3774 1447.02 1 2
0.047965 -0.0500429 0.997595 0 0.0440952 0.997877 0.0479369 0 -0.997875 0.0416899 0.0500698 0 -4026.18 -63.3774 1447.02 1 2
0.047965 -0.0500429 0.997595 0 0.0440952 0.997877 0.0479369 0 -0.997875 0.0416899 0.0500698 0 -4026.18 -63.3774 1447.02 1 2
0.047965 -0.0500429 0.997595 0 0.0440952 0.997877 0.0479369 0 -0.997875 0.0416899 0.0500698 0 -4026.18 -63.3774 1447.02 1 2
0.047965 -0.0500429 0.997595 0 0.0440952 0.997877 0.0479369 0 -0.997875 0.0416899 0.0500698 0 -4026.18 -63.3774 1447.02 1 2
0.047965 -0.0500429 0.997595 0 0.0440952 0.997877 0.0479369 0 -0.997875 0.0416899 0.0500698 0 -4026.18 -63.3774 1447.02 1 2
0.047965 -0.0500429 0.997595 0 0.0440952 0.997877 0.0479369 0 -0.997875 0.0416899 0.0500698 0 -4026.18 -63.3774 1447.02 1 2
0.047965 -0.0500429 0.997595 0 0.0440952 0.997877 0.0479369 0 -0.997875 0.0416899 0.0500698 0 -4026.18 -63.3774 1447.02 1 2
0.047965 -0.0500429 0.997595 0 0.0440952 0.997877 0.0479369 0 -0.997875 0.0416899 0.0500698 0 -4026.18 -63.3774 1447.02 1 2
0.047965 -0.0500429 0.997595 0 0.0440952 0.997877 0.0479369 0 -0.997875 0.0416899 0.0500698 0 -4026.18 -63.3774 1447.02 1 2
0.047965 -0.0500429 0.997595 0 0.0440952 0.997877 0.0479369 0 -0.997875 0.0416899 0.0500698 0 -4026.18 -63.3774 1447.02 1 2
0.047965 -0.0500429 0.997595 0 0.0440952 0.997877 0.0479369 0 -0.997875 0.0416899 0.0500698 0 -4026.18 -63.3774 1447.02 1 2
0.047965 -0.0500429 0.997595 0 0.0440952 0.997877 0.0479369 0 -0.997875 0.0416899 0.0500698 0 -4026.18 -63.3774 1447.02 1 2
0.047965 -0.0500429 0.997595 0 0.0440952 0.997877 0.0479369 0 -0.997875 0.0416899 0.0500698 0 -4026.18 -63.3774 1447.02 1 2
0.047965 -0.0500429 0.997595 0 0.0440952 0.997877 0.0479369 0 -0.997875 0.0416899 0.0500698 0 -4026.18 -63.3774 1447.02 1 2
0.047965 -0.0500429 0.997595 0 0.0440952 0.997877 0.0479369 0 -0.997875 0.0416899 0.0500698 0 -4026.18 -63.3774 1447.02 1 2
0.047965 -0.0500429 0.997595 0 0.0440952 0.997877 0.0479369 0 -0.997875 0.0416899 0.0500698 0 -4026.18 -63.3774 1447.02 1 2
0.047965 -0.0500429 0.997595 0 0.0440952 0.997877 0.0479369 0 -0.997875 0.0416899 0.0500698 0 -4026.18 -63.3774 1447.02 1 2
0.047965 -0.0500429 0.997595 0 0.0440952 0.997877 0.0479369 0 -0.997875 0.0416899 0.0500698 0 -4026.18 -63.3774 1447.02 1 2
0.047965 -0.0500429 0.997595 0 0.0440952 0.997877 0.0479369 0 -0.997875 0.0416899 0.0500698 0 -4026.18 -63.3774 1447.02 1 2
0.047965 -0.0500429 0.997595 0 0.0440952 0.997877 0.0479369 0 -0.997875 0.0416899 0.0500698 0 -4026.18 -63.3774 1447.02 1 2
0.047965 -0.0500429 0.997595 0 0.0440952 0.997877 0.0479369 0 -0.997875 0.0416899 0.0500698 0 -4026.18 -63.3774 1447.02 1 2
0.047965 -0.0500429 0.997595 0 0.0440952 0.997877 0.0479369 0 -0.997875 0.0416899 0.0500698 0 -4026.18 -63.3774 1447.02 1 2
0.047965 -0.0500429 0.997595 0 0.0440952 0.997877 0.0479369 0 -0.997875 0.0416899 0.0500698 0 -4026.18 -63.3774 1447.02 1 2
0.047965 -0.0500429 0.997595 0 0.0440952 0.997877 0.0479369 0 -0.997875 0.0416899 0.0500698 0 -4026.18 -63.3774 1447.02 1 2
0.047965 -0.0500429 0.997595 0 0.0440952 0.997877 0.0479369 0 -0.997875 0.0416899 0.0500698 0 -4026.18 -63.3774 1447.02 1 2
0.047965 -0.0500429 0.997595 0 0.0440952 0.997877 0.0479369 0 -0.997875 0.0416899 0.0500698 0 -4026.18 -63.3774 1447.02 1 2
0.047965 -0.0500429 0.997595 0 0.0440952 0.997877 0.0479369 0 -0.997875 0.0416899 0.0500698 0 -4026.18 -63.3774 1447.02 1 2
0.047965 -0.0500429 0.997595 0 0.0440952 0.997877 0.0479369 0 -0.997875 0.0416899 0.0500698 0 -4026.18 -63.3774 1447.02 1 2
0.047965 -0.0500429 0.997595 0 0.0440952 0.997877 0.0479369 0 -0.997875 0.0416899 0.0500698 0 -4026.18 -63.3774 1447.02 1 2
0.047965 -0.0500429 0.997595 0 0.0440952 0.997877 0.0479369 0 -0.997875 0.0416899 0.0500698 0 -4026.18 -63.3774 1447.02 1 2
0.047965 -0.0500429 0.997595 0 0.0440952 0.997877 0.0479369 0 -0.997875 0.0416899 0.0500698 0 -4026.18 -63.3774 1447.02 1 2
0.047965 -0.0500429 0.997595 0 0.0440952 0.997877 0.0479369 0 -0.997875 0.0416899 0.0500698 0 -4026.18 -63.3774 1447.02 1 2
0.047965 -0.0500429 0.997595 0 0.0440952 0.997877 0.0479369 0 -0.997875 0.0416899 0.0500698 0 -4026.18 -63.3774 1447.02 1 2
0.047965 -0.0500429 0.997595 0 0.0440952 0.997877 0.0479369 0 -0.997875 0.0416899 0.0500698 0 -4026.18 -63.3774 1447.02 1 2
0.047965 -0.0500429 0.997595 0 0.0440952 0.997877 0.0479369 0 -0.997875 0.0416899 0.0500698 0 -4026.18 -63.3774 1447.02 1 2
0.047965 -0.0500429 0.997595 0 0.0440952 0.997877 0.0479369 0 -0.997875 0.0416899 0.0500698 0 -4026.18 -63.3774 1447.02 1 2
0.047965 -0.0500429 0.997595 0 0.0440952 0.997877 0.0479369 0 -0.997875 0.0416899 0.0500698 0 -4026.18 -63.3774 1447.02 1 2
0.047965 -0.0500429 0.997595 0 0.0440952 0.997877 0.0479369 0 -0.997875 0.0416899 0.0500698 0 -4026.18 -63.3774 1447.02 1 2
0.047965 -0.0500429 0.997595 0 0.0440952 0.997877 0.0479369 0 -0.997875 0.0416899 0.0500698 0 -4026.18 -63.3774 1447.02 1 2
0.047965 -0.0500429 0.997595 0 0.0440952 0.997877 0.0479369 0 -0.997875 0.0416899 0.0500698 0 -4026.18 -63.3774 1447.02 1 2
0.047965 -0.0500429 0.997595 0 0.0440952 0.997877 0.0479369 0 -0.997875 0.0416899 0.0500698 0 -4026.18 -63.3774 1447.02 1 2
0.047965 -0.0500429 0.997595 0 0.0440952 0.997877 0.0479369 0 -0.997875 0.0416899 0.0500698 0 -4026.18 -63.3774 1447.02 1 2
0.047965 -0.0500429 0.997595 0 0.0440952 0.997877 0.0479369 0 -0.997875 0.0416899 0.0500698 0 -4026.18 -63.3774 1447.02 1 2
0.047965 -0.0500429 0.997595 0 0.0440952 0.997877 0.0479369 0 -0.997875 0.0416899 0.0500698 0 -4026.18 -63.3774 1447.02 1 2
0.047965 -0.0500429 0.997595 0 0.0440952 0.997877 0.0479369 0 -0.997875 0.0416899 0.0500698 0 -4026.18 -63.3774 1447.02 1 2
0.047965 -0.0500429 0.997595 0 0.0440952 0.997877 0.0479369 0 -0.997875 0.0416899 0.0500698 0 -4026.18 -63.3774 1447.02 1 2
0.047965 -0.0500429 0.997595 0 0.0440952 0.997877 0.0479369 0 -0.997875 0.0416899 0.0500698 0 -4026.18 -63.3774 1447.02 1 2
0.047965 -0.0500429 0.997595 0 0.0440952 0.997877 0.0479369 0 -0.997875 0.0416899 0.0500698 0 -4026.18 -63.3774 1447.02 1 2
0.047965 -0.0500429 0.997595 0 0.0440952 0.997877 0.0479369 0 -0.997875 0.0416899 0.0500698 0 -4026.18 -63.3774 1447.02 1 2
0.047965 -0.0500429 0.997595 0 0.0440952 0.997877 0.0479369 0 -0.997875 0.0416899 0.0500698 0 -4026.18 -63.3774 1447.02 1 2
0.047965 -0.0500429 0.997595 0 0.0440952 0.997877 0.0479369 0 -0.997875 0.0416899 0.0500698 0 -4026.18 -63.3774 1447.02 1 2
0.047965 -0.0500429 0.997595 0 0.0440952 0.997877 0.0479369 0 -0.997875 0.0416899 0.0500698 0 -4026.18 -63.3774 1447.02 1 2
0.047965 -0.0500429 0.997595 0 0.0440952 0.997877 0.0479369 0 -0.997875 0.0416899 0.0500698 0 -4026.18 -63.3774 1447.02 1 2
0.047965 -0.0500429 0.997595 0 0.0440952 0.997877 0.0479369 0 -0.997875 0.0416899 0.0500698 0 -4026.18 -63.3774 1447.02 1 2
0.045327 -0.055733 0.997416 0 0.0281333 0.998118 0.0544937 0 -0.998576 0.0255906 0.0468097 0 -4022.5 -118.992 1453.6 1 3
0.044631 -0.0571546 0.997367 0 0.0145004 0.998294 0.0565588 0 -0.998898 0.0119379 0.0453836 0 -4019.01 -161.395 1460.04 1 3
0.0451212 -0.0569014 0.99736 0 0.00330306 0.99838 0.0568101 0 -0.998976 0.000731003 0.045236 0 -4016.13 -193.065 1465.27 1 3
0.0465682 -0.0552599 0.997385 0 -0.00557873 0.998439 0.0555787 0 -0.9989 -0.00815234 0.0461872 0 -4013.78 -215.968 1471.14 1 3
0.0488393 -0.0528421 0.997408 0 -0.0103592 0.998519 0.0534082 0 -0.998753 -0.0129408 0.0482196 0 -4012.65 -228.193 1477.84 1 3
0.0519216 -0.0508513 0.997356 0 -0.0100114 0.998626 0.0514373 0 -0.998601 -0.0126556 0.0513412 0 -4013.22 -226.182 1486.66 1 3
0.055058 -0.0472463 0.997365 0 -0.00767105 0.99883 0.0477392 0 -0.998454 -0.0102793 0.0546312 0 -4013.95 -218.376 1497.29 1 3
0.0580249 -0.0441608 0.997338 0 -0.00384063 0.999004 0.044458 0 -0.998308 -0.00641008 0.0577975 0 -4015.41 -207.097 1507.93 1 3
0.0609743 -0.0409099 0.997301 0 0.00102669 0.999162 0.0409234 0 -0.998139 -0.00147136 0.0609651 0 -4016.6 -191.866 1519.49 1 3
0.0640516 -0.0384601 0.997205 0 0.00611015 0.999253 0.0381466 0 -0.997928 0.00364972 0.0642388 0 -4017.57 -175.887 1531.19 1 3
0.0669203 -0.0366052 0.997087 0 0.0104833 0.999297 0.0359828 0 -0.997703 0.00804479 0.067257 0 -4018.82 -161.807 1541.21 1 3
0.0695474 -0.0355878 0.996944 0 0.0141587 0.999298 0.0346841 0 -0.997478 0.0117033 0.0700025 0 -4020.12 -150.498 1549.58 1 3
0.0715898 -0.0350539 0.996818 0 0.0172575 0.999276 0.033901 0 -0.997285 0.0147756 0.0721429 0 -4021.54 -141.084 1555.51 1 3
0.0735502 -0.0352214 0.996669 0 0.0195618 0.999235 0.0338684 0 -0.9971 0.0170057 0.0741829 0 -4022.58 -134.746 1560.39 1 3
0.0756611 -0.03532 0.996508 0 0.0212368 0.999203 0.0338031 0 -0.996907 0.0186051 0.0763508 0 -4023.01 -130.401 1566.02 1 3
0.077863 -0.0354724 0.996333 0 0.0224626 0.999176 0.0338182 0 -0.996711 0.019747 0.0785956 0 -4022.9 -127.094 1572.2 1 3
0.0802069 -0.0355236 0.996145 0 0.0236828 0.999151 0.0337239 0 -0.996497 0.0208866 0.08098 0 -4022.14 -123.705 1579.19 1 3
0.0824056 -0.035096 0.995981 0 0.0245833 0.999147 0.0331736 0 -0.996296 0.0217508 0.0831981 0 -4022.32 -120.84 1587.39 1 3
0.0845099 -0.0348894 0.995812 0 0.0255288 0.999135 0.0328393 0 -0.996096 0.0226466 0.0853275 0 -4022.17 -117.709 1594.85 1 3
0.0863373 -0.0346967 0.995662 0 0.0263681 0.999123 0.0325308 0 -0.995917 0.0234451 0.0871765 0 -4022.15 -114.855 1600.99 1 3
0.0878533 -0.0345565 0.995534 0 0.0271692 0.999109 0.032283 0 -0.995763 0.0242117 0.0887139 0 -4022.14 -112.326 1605.99 1 3
0.0890584 -0.034538 0.995427 0 0.0276671 0.999099 0.0321901 0 -0.995642 0.0246738 0.0899337 0 -4022.27 -110.871 1609.5 1 3
0.0900955 -0.0346885 0.995329 0 0.0281681 0.999082 0.0322696 0 -0.995535 0.0251292 0.0909899 0 -4022.39 -109.754 1612.31 1 3
0.0907487 -0.0348624 0.995263 0 0.028538 0.999068 0.0323935 0 -0.995465 0.0254631 0.091659 0 -4022.83 -108.93 1613.73 1 3
0.0912915 -0.0350667 0.995207 0 0.0289321 0.999051 0.0325482 0 -0.995404 0.0258221 0.0922194 0 -4023.13 -108.042 1614.71 1 3
0.0917567 -0.0352445 0.995158 0 0.0293398 0.999035 0.0326766 0 -0.995349 0.0261995 0.0927023 0 -4023.45 -106.888 1615.4 1 3
0.0921738 -0.0354221 0.995113 0 0.0297002 0.99902 0.0328102 0 -0.9953 0.0265308 0.0931355 0 -4023.77 -105.973 1615.85 1 3
0.0925472 -0.0355336 0.995074 0 0.0301587 0.999005 0.032869 0 -0.995251 0.0269682 0.0935267 0 -4024.05 -104.732 1616.3 1 3
0.0930191 -0.0357583 0.995022 0 0.0304511 0.99899 0.0330541 0 -0.995199 0.0272248 0.094014 0 -4024.06 -104.017 1617.06 1 3
0.0932989 -0.0356667 0.994999 0 0.0304826 0.998992 0.0329515 0 -0.995171 0.0272558 0.094292 0 -4024.2 -103.404 1617.99 1 3
0.0935779 -0.0356715 0.994973 0 0.030462 0.998993 0.0329506 0 -0.995146 0.0272254 0.0945702 0 -4024.41 -103.162 1618.47 1 3
0.0937946 -0.0357761 0.994949 0 0.0304813 0.998989 0.0330478 0 -0.995125 0.0272276 0.0947902 0 -4024.67 -103.04 1618.5 1 3
0.0939929 -0.0358074 0.994929 0 0.0304585 0.998989 0.033076 0 -0.995107 0.0271951 0.0949884 0 -4024.81 -103.127 1618.44 1 3
0.0940968 -0.0358129 0.994919 0 0.0304098 0.99899 0.0330834 0 -0.995099 0.0271423 0.0950908 0 -4024.99 -103.341 1618.26 1 3
0.0941579 -0.0358353 0.994912 0 0.0303642 0.99899 0.0331086 0 -0.995094 0.0270923 0.0951509 0 -4025.17 -103.523 1617.88 1 3
0.0940045 -0.0364943 0.994903 0 0.0299287 0.99898 0.033816 0 -0.995122 0.0265972 0.0950008 0 -4026.01 -105.544 1616.08 1 3
0.0938035 -0.0370184 0.994902 0 0.0297112 0.998967 0.0343683 0 -0.995147 0.0263359 0.0948065 0 -4026.77 -106.636 1614.47 1 3
0.0937872 -0.0373911 0.99489 0 0.0295276 0.998959 0.0347605 0 -0.995154 0.0261166 0.0947937 0 -4027.24 -107.462 1613.62 1 3
0.0938567 -0.0376017 0.994875 0 0.0294646 0.998954 0.0349762 0 -0.99515 0.0260308 0.0948664 0 -4027.54 -107.897 1613.27 1 3
0.0940183 -0.0377529 0.994854 0 0.0294502 0.998949 0.0351251 0 -0.995135 0.0259962 0.0950313 0 -4027.71 -108.052 1613.28 1 3
0.0942393 -0.0379738 0.994825 0 0.0294147 0.998942 0.0353445 0 -0.995115 0.0259316 0.0952566 0 -4027.71 -108.374 1613.4 1 3
0.0944406 -0.0380603 0.994803 0 0.0293538 0.998941 0.035432 0 -0.995098 0.025855 0.0954578 0 -4027.69 -108.58 1613.52 1 3
0.0946773 -0.0381158 0.994778 0 0.0293068 0.99894 0.035486 0 -0.995077 0.0257941 0.095694 0 -4027.57 -108.793 1613.89 1 3
0.0948287 -0.0381659 0.994762 0 0.029222 0.998941 0.0355406 0 -0.995065 0.0256987 0.0958436 0 -4027.58 -109.005 1614.06 1 3
0.0949248 -0.038222 0.99475 0 0.0291375 0.998941 0.0356025 0 -0.995058 0.025605 0.095938 0 -4027.63 -109.243 1614.09 1 3
