0.215196 0 -0.976571 0 0 1 0 0 0.976571 0 0.215196 0 -2178.15 0 -1631.79 1 0
0.215196 0 -0.976571 0 0 1 0 0 0.976571 0 0.215196 0 -2178.15 0 -1631.79 1 0
0.215196 0 -0.976571 0 0 1 0 0 0.976571 0 0.215196 0 -2178.15 0 -1631.79 1 0
0.215196 0 -0.976571 0 0 1 0 0 0.976571 0 0.215196 0 -2178.15 0 -1631.79 1 0
0.215196 0 -0.976571 0 0 1 0 0 0.976571 0 0.215196 0 -2178.15 0 -1631.79 1 0
0.215196 0 -0.976571 0 0 1 0 0 0.976571 0 0.215196 0 -2178.15 0 -1631.79 1 0
0.215196 0 -0.976571 0 0 1 0 0 0.976571 0 0.215196 0 -2178.15 0 -1631.79 1 0
0.215196 0 -0.976571 0 0 1 0 0 0.976571 0 0.215196 0 -2178.15 0 -1631.79 1 0
0.215196 0 -0.976571 0 0 1 0 0 0.976571 0 0.215196 0 -2178.15 0 -1631.79 1 0
0.215196 0 -0.976571 0 0 1 0 0 0.976571 0 0.215196 0 -2178.15 0 -1631.79 1 0
0.215196 0 -0.976571 0 0 1 0 0 0.976571 0 0.215196 0 -2178.15 0 -1631.79 1 0
0.215196 0 -0.976571 0 0 1 0 0 0.976571 0 0.215196 0 -2178.15 0 -1631.79 1 0
0.215196 0 -0.976571 0 0 1 0 0 0.976571 0 0.215196 0 -2178.15 0 -1631.79 1 0
0.215196 0 -0.976571 0 0 1 0 0 0.976571 0 0.215196 0 -2178.15 0 -1631.79 1 0
0.215196 0 -0.976571 0 0 1 0 0 0.976571 0 0.215196 0 -2178.15 0 -1631.79 1 0
0.215196 0 -0.976571 0 0 1 0 0 0.976571 0 0.215196 0 -2178.15 0 -1631.79 1 0
0.215196 0 -0.976571 0 0 1 0 0 0.976571 0 0.215196 0 -2178.15 0 -1631.79 1 0
0.215196 0 -0.976571 0 0 1 0 0 0.976571 0 0.215196 0 -2178.15 0 -1631.79 1 0
0.215196 0 -0.976571 0 0 1 0 0 0.976571 0 0.215196 0 -2178.15 0 -1631.79 1 0
0.215196 0 -0.976571 0 0 1 0 0 0.976571 0 0.215196 0 -2178.15 0 -1631.79 1 0
0.215196 0 -0.976571 0 0 1 0 0 0.976571 0 0.215196 0 -2178.15 0 -1631.79 1 0
0.215196 0 -0.976571 0 0 1 0 0 0.976571 0 0.215196 0 -2178.15 0 -1631.79 1 0
0.215196 0 -0.976571 0 0 1 0 0 0.976571 0 0.215196 0 -2178.15 0 -1631.79 1 0
0.215196 0 -0.976571 0 0 1 0 0 0.976571 0 0.215196 0 -2178.15 0 -1631.79 1 0
0.215196 0 -0.976571 0 0 1 0 0 0.976571 0 0.215196 0 -2178.15 0 -1631.79 1 0
0.215196 0 -0.976571 0 0 1 0 0 0.976571 0 0.215196 0 -2178.15 0 -1631.79 1 0
0.215196 0 -0.976571 0 0 1 0 0 0.976571 0 0.215196 0 -2178.15 0 -1631.79 1 0
0.215196 0 -0.976571 0 0 1 0 0 0.976571 0 0.215196 0 -2178.15 0 -1631.79 1 0
0.215196 0 -0.976571 0 0 1 0 0 0.976571 0 0.215196 0 -2178.15 0 -1631.79 1 0
0.215196 0 -0.976571 0 0 1 0 0 0.976571 0 0.215196 0 -2178.15 0 -1631.79 1 0
0.215196 0 -0.976571 0 0 1 0 0 0.976571 0 0.215196 0 -2178.15 0 -1631.79 1 0
0.215196 0 -0.976571 0 0 1 0 0 0.976571 0 0.215196 0 -2178.15 0 -1631.79 1 0
0.215196 0 -0.976571 0 0 1 0 0 0.976571 0 0.215196 0 -2178.15 0 -1631.79 1 0
0.215196 0 -0.976571 0 0 1 0 0 0.976571 0 0.215196 0 -2178.15 0 -1631.79 1 0
0.215196 0 -0.976571 0 0 1 0 0 0.976571 0 0.215196 0 -2178.15 0 -1631.79 1 0
0.215196 0 -0.976571 0 0 1 0 0 0.976571 0 0.215196 0 -2178.15 0 -1631.79 1 0
0.215196 0 -0.976571 0 0 1 0 0 0.976571 0 0.215196 0 -2178.15 0 -1631.79 1 0
0.215196 0 -0.976571 0 0 1 0 0 0.976571 0 0.215196 0 -2178.15 0 -1631.79 1 0
0.215196 0 -0.976571 0 0 1 0 0 0.976571 0 0.215196 0 -2178.15 0 -1631.79 1 0
0.215196 0 -0.976571 0 0 1 0 0 0.976571 0 0.215196 0 -2178.15 0 -1631.79 1 0
0.215196 0 -0.976571 0 0 1 0 0 0.976571 0 0.215196 0 -2178.15 0 -1631.79 1 0
0.215196 0 -0.976571 0 0 1 0 0 0.976571 0 0.215196 0 -2178.15 0 -1631.79 1 0
0.215196 0 -0.976571 0 0 1 0 0 0.976571 0 0.215196 0 -2178.15 0 -1631.79 1 0
0.215196 0 -0.976571 0 0 1 0 0 0.976571 0 0.215196 0 -2178.15 0 -1631.79 1 0
0.215196 0 -0.976571 0 0 1 0 0 0.976571 0 0.215196 0 -2178.15 0 -1631.79 1 0
0.215196 0 -0.976571 0 0 1 0 0 0.976571 0 0.215196 0 -2178.15 0 -1631.79 1 0
0.215196 0 -0.976571 0 0 1 0 0 0.976571 0 0.215196 0 -2178.15 0 -1631.79 1 0
0.215196 0 -0.976571 0 0 1 0 0 0.976571 0 0.215196 0 -2178.15 0 -1631.79 1 0
0.215196 0 -0.976571 0 0 1 0 0 0.976571 0 0.215196 0 -2178.15 0 -1631.79 1 0
0.215196 0 -0.976571 0 0 1 0 0 0.976571 0 0.215196 0 -2178.15 0 -1631.79 1 0
0.215196 0 -0.976571 0 0 1 0 0 0.976571 0 0.215196 0 -2178.15 0 -1631.79 1 0
0.215196 0 -0.976571 0 0 1 0 0 0.976571 0 0.215196 0 -2178.15 0 -1631.79 1 0
0.215196 0 -0.976571 0 0 1 0 0 0.976571 0 0.215196 0 -2178.15 0 -1631.79 1 0
0.215196 0 -0.976571 0 0 1 0 0 0.976571 0 0.215196 0 -2178.15 0 -1631.79 1 0
0.215196 0 -0.976571 0 0 1 0 0 0.976571 0 0.215196 0 -2178.15 0 -1631.79 1 0
0.215196 0 -0.976571 0 0 1 0 0 0.976571 0 0.215196 0 -2178.15 0 -1631.79 1 0
0.215196 0 -0.976571 0 0 1 0 0 0.976571 0 0.215196 0 -2178.15 0 -1631.79 1 0
0.215196 0 -0.976571 0 0 1 0 0 0.976571 0 0.215196 0 -2178.15 0 -1631.79 1 0
0.215196 0 -0.976571 0 0 1 0 0 0.976571 0 0.215196 0 -2178.15 0 -1631.79 1 0
0.215196 0 -0.976571 0 0 1 0 0 0.976571 0 0.215196 0 -2178.15 0 -1631.79 1 0
0.215196 0 -0.976571 0 0 1 0 0 0.976571 0 0.215196 0 -2178.15 0 -1631.79 1 0
0.215196 0 -0.976571 0 0 1 0 0 0.976571 0 0.215196 0 -2178.15 0 -1631.79 1 0
0.215196 0 -0.976571 0 0 1 0 0 0.976571 0 0.215196 0 -2178.15 0 -1631.79 1 0
0.215196 0 -0.976571 0 0 1 0 0 0.976571 0 0.215196 0 -2178.15 0 -1631.79 1 0
0.215196 0 -0.976571 0 0 1 0 0 0.976571 0 0.215196 0 -2178.15 0 -1631.79 1 0
0.215196 0 -0.976571 0 0 1 0 0 0.976571 0 0.215196 0 -2178.15 0 -1631.79 1 0
0.215196 0 -0.976571 0 0 1 0 0 0.976571 0 0.215196 0 -2178.15 0 -1631.79 1 0
0.215196 0 -0.976571 0 0 1 0 0 0.976571 0 0.215196 0 -2178.15 0 -1631.79 1 0
0.215196 0 -0.976571 0 0 1 0 0 0.976571 0 0.215196 0 -2178.15 0 -1631.79 1 0
0.215196 0 -0.976571 0 0 1 0 0 0.976571 0 0.215196 0 -2178.15 0 -1631.79 1 0
0.215196 0 -0.976571 0 0 1 0 0 0.976571 0 0.215196 0 -2178.15 0 -1631.79 1 0
0.215196 0 -0.976571 0 0 1 0 0 0.976571 0 0.215196 0 -2178.15 0 -1631.79 1 0
0.215196 0 -0.976571 0 0 1 0 0 0.976571 0 0.215196 0 -2178.15 0 -1631.79 1 0
0.215196 0 -0.976571 0 0 1 0 0 0.976571 0 0.215196 0 -2178.15 0 -1631.79 1 0
0.215196 0 -0.976571 0 0 1 0 0 0.976571 0 0.215196 0 -2178.15 0 -1631.79 1 0
0.215196 0 -0.976571 0 0 1 0 0 0.976571 0 0.215196 0 -2178.15 0 -1631.79 1 0
0.215196 0 -0.976571 0 0 1 0 0 0.976571 0 0.215196 0 -2178.15 0 -1631.79 1 0
0.215196 0 -0.976571 0 0 1 0 0 0.976571 0 0.215196 0 -2178.15 0 -1631.79 1 0
0.215196 0 -0.976571 0 0 1 0 0 0.976571 0 0.215196 0 -2178.15 0 -1631.79 1 0
0.215196 0 -0.976571 0 0 1 0 0 0.976571 0 0.215196 0 -2178.15 0 -1631.79 1 0
0.215196 0 -0.976571 0 0 1 0 0 0.976571 0 0.215196 0 -2178.15 0 -1631.79 1 0
0.215196 0 -0.976571 0 0 1 0 0 0.976571 0 0.215196 0 -2178.15 0 -1631.79 1 0
0.215196 0 -0.976571 0 0 1 0 0 0.976571 0 0.215196 0 -2178.15 0 -1631.79 1 0
0.215196 0 -0.976571 0 0 1 0 0 0.976571 0 0.215196 0 -2178.15 0 -1631.79 1 0
0.215196 0 -0.976571 0 0 1 0 0 0.976571 0 0.215196 0 -2178.15 0 -1631.79 1 0
0.215196 0 -0.976571 0 0 1 0 0 0.976571 0 0.215196 0 -2178.15 0 -1631.79 1 0
0.215196 0 -0.976571 0 0 1 0 0 0.976571 0 0.215196 0 -2178.15 0 -1631.79 1 0
0.215196 0 -0.976571 0 0 1 0 0 0.976571 0 0.215196 0 -2178.15 0 -1631.79 1 0
0.215196 0 -0.976571 0 0 1 0 0 0.976571 0 0.215196 0 -2178.15 0 -1631.79 1 0
0.215196 0 -0.976571 0 0 1 0 0 0.976571 0 0.215196 0 -2178.15 0 -1631.79 1 0
0.215196 0 -0.976571 0 0 1 0 0 0.976571 0 0.215196 0 -2178.15 0 -1631.79 1 0
0.215196 0 -0.976571 0 0 1 0 0 0.976571 0 0.215196 0 -2178.15 0 -1631.79 1 0
0.215196 0 -0.976571 0 0 1 0 0 0.976571 0 0.215196 0 -2178.15 0 -1631.79 1 0
0.215196 0 -0.976571 0 0 1 0 0 0.976571 0 0.215196 0 -2178.15 0 -1631.79 1 0
0.215196 0 -0.976571 0 0 1 0 0 0.976571 0 0.215196 0 -2178.15 0 -1631.79 1 0
0.215196 0 -0.976571 0 0 1 0 0 0.976571 0 0.215196 0 -2178.15 0 -1631.79 1 0
0.215196 0 -0.976571 0 0 1 0 0 0.976571 0 0.215196 0 -2178.15 0 -1631.79 1 0
0.215196 0 -0.976571 0 0 1 0 0 0.976571 0 0.215196 0 -2178.15 0 -1631.79 1 0
0.215196 0 -0.976571 0 0 1 0 0 0.976571 0 0.215196 0 -2178.15 0 -1631.79 1 0
0.215196 0 -0.976571 0 0 1 0 0 0.976571 0 0.215196 0 -2178.15 0 -1631.79 1 0
0.215196 0 -0.976571 0 0 1 0 0 0.976571 0 0.215196 0 -2178.15 0 -1631.79 1 0
0.215196 0 -0.976571 0 0 1 0 0 0.976571 0 0.215196 0 -2178.15 0 -1631.79 1 0
0.0544611 0.0740619 -0.995765 0 -0.0271472 0.996987 0.072668 0 0.998147 0.0230746 0.0563076 0 -2776.67 207.955 -853.315 1 1
0.0492102 0.0686662 -0.996425 0 -0.0217832 0.99747 0.0676624 0 0.998551 0.0183757 0.0505814 0 -2751.6 211.291 -926.18 1 1
0.0492102 0.0686662 -0.996425 0 -0.0217832 0.99747 0.0676624 0 0.998551 0.0183757 0.0505814 0 -2751.6 211.291 -926.18 1 2
0.0492102 0.0686662 -0.996425 0 -0.0217832 0.99747 0.0676624 0 0.998551 0.0183757 0.0505814 0 -2751.6 211.291 -926.18 1 2
0.0492102 0.0686662 -0.996425 0 -0.0217832 0.99747 0.0676624 0 0.998551 0.0183757 0.0505814 0 -2751.6 211.291 -926.18 1 2
0.0492102 0.0686662 -0.996425 0 -0.0217832 0.99747 0.0676624 0 0.998551 0.0183757 0.0505814 0 -2751.6 211.291 -926.18 1 2
0.0492102 0.0686662 -0.996425 0 -0.0217832 0.99747 0.0676624 0 0.998551 0.0183757 0.0505814 0 -2751.6 211.291 -926.18 1 2
0.0492102 0.0686662 -0.996425 0 -0.0217832 0.99747 0.0676624 0 0.998551 0.0183757 0.0505814 0 -2751.6 211.291 -926.18 1 2
0.0492102 0.0686662 -0.996425 0 -0.0217832 0.99747 0.0676624 0 0.998551 0.0183757 0.0505814 0 -2751.6 211.291 -926.18 1 2
0.0492102 0.0686662 -0.996425 0 -0.0217832 0.99747 0.0676624 0 0.998551 0.0183757 0.0505814 0 -2751.6 211.291 -926.18 1 2
0.0492102 0.0686662 -0.996425 0 -0.0217832 0.99747 0.0676624 0 0.998551 0.0183757 0.0505814 0 -2751.6 211.291 -926.18 1 2
0.0492102 0.0686662 -0.996425 0 -0.0217832 0.99747 0.0676624 0 0.998551 0.0183757 0.0505814 0 -2751.6 211.291 -926.18 1 2
0.0492102 0.0686662 -0.996425 0 -0.0217832 0.99747 0.0676624 0 0.998551 0.0183757 0.0505814 0 -2751.6 211.291 -926.18 1 2
0.0492102 0.0686662 -0.996425 0 -0.0217832 0.99747 0.0676624 0 0.998551 0.0183757 0.0505814 0 -2751.6 211.291 -926.18 1 2
0.0492102 0.0686662 -0.996425 0 -0.0217832 0.99747 0.0676624 0 0.998551 0.0183757 0.0505814 0 -2751.6 211.291 -926.18 1 2
0.0492102 0.0686662 -0.996425 0 -0.0217832 0.99747 0.0676624 0 0.998551 0.0183757 0.0505814 0 -2751.6 211.291 -926.18 1 2
0.0492102 0.0686662 -0.996425 0 -0.0217832 0.99747 0.0676624 0 0.998551 0.0183757 0.0505814 0 -2751.6 211.291 -926.18 1 2
0.0492102 0.0686662 -0.996425 0 -0.0217832 0.99747 0.0676624 0 0.998551 0.0183757 0.0505814 0 -2751.6 211.291 -926.18 1 2
0.0492102 0.0686662 -0.996425 0 -0.0217832 0.99747 0.0676624 0 0.998551 0.0183757 0.0505814 0 -2751.6 211.291 -926.18 1 2
0.0492102 0.0686662 -0.996425 0 -0.0217832 0.99747 0.0676624 0 0.998551 0.0183757 0.0505814 0 -2751.6 211.291 -926.18 1 2
0.0492102 0.0686662 -0.996425 0 -0.0217832 0.99747 0.0676624 0 0.998551 0.0183757 0.0505814 0 -2751.6 211.291 -926.18 1 2
0.0492102 0.0686662 -0.996425 0 -0.0217832 0.99747 0.0676624 0 0.998551 0.0183757 0.0505814 0 -2751.6 211.291 -926.18 1 2
0.0492102 0.0686662 -0.996425 0 -0.0217832 0.99747 0.0676624 0 0.998551 0.0183757 0.0505814 0 -2751.6 211.291 -926.18 1 2
0.0492102 0.0686662 -0.996425 0 -0.0217832 0.99747 0.0676624 0 0.998551 0.0183757 0.0505814 0 -2751.6 211.291 -926.18 1 2
0.0492102 0.0686662 -0.996425 0 -0.0217832 0.99747 0.0676624 0 0.998551 0.0183757 0.0505814 0 -2751.6 211.291 -926.18 1 2
0.0492102 0.0686662 -0.996425 0 -0.0217832 0.99747 0.0676624 0 0.998551 0.0183757 0.0505814 0 -2751.6 211.291 -926.18 1 2
0.0412737 0.0813175 -0.995833 0 -0.0303282 0.996325 0.0801007 0 0.998687 0.0268958 0.0435882 0 -2754.75 166.897 -928.611 1 3
0.0350671 0.0886062 -0.995449 0 -0.0372667 0.995485 0.0872966 0 0.99869 0.0340359 0.0382108 0 -2758.37 125.621 -929.738 1 3
0.0303618 0.0925845 -0.995242 0 -0.0423555 0.994926 0.091263 0 0.998641 0.0393831 0.0341292 0 -2762.73 89.6799 -931.007 1 3
0.0265048 0.0931877 -0.995296 0 -0.0455978 0.994722 0.0919197 0 0.998608 0.042947 0.0306141 0 -2768.46 57.9932 -931.318 1 3
0.0232794 0.0901664 -0.995655 0 -0.0459412 0.994969 0.0890301 0 0.998673 0.043669 0.0273046 0 -2775.56 32.1425 -930.027 1 3
0.0199718 0.08434 -0.996237 0 -0.0424491 0.995609 0.0834359 0 0.998899 0.040623 0.0234642 0 -2785.42 17.7851 -926.213 1 3
0.0163873 0.0733263 -0.997173 0 -0.037465 0.996652 0.0726723 0 0.999164 0.0361682 0.0190796 0 -2795.13 3.78889 -920.02 1 3
0.0127647 0.061274 -0.998039 0 -0.0320708 0.997632 0.0608388 0 0.999404 0.0312313 0.0146996 0 -2804.81 -3.90722 -912.823 1 3
0.00886643 0.0497947 -0.99872 0 -0.0267861 0.998413 0.0495416 0 0.999602 0.0263126 0.0101862 0 -2814.23 -5.62514 -904.831 1 3
0.00473327 0.039728 -0.999199 0 -0.0215496 0.998983 0.0396173 0 0.999757 0.0213449 0.00558457 0 -2823.4 -3.21201 -896.548 1 3
0.000819686 0.0315989 -0.9995 0 -0.0173028 0.999351 0.03158 0 0.99985 0.0172682 0.0013659 0 -2831.9 0.381543 -889.257 1 3
-0.00287205 0.0253067 -0.999676 0 -0.0138522 0.999583 0.0253441 0 0.9999 0.0139205 -0.0025203 0 -2839.72 4.61334 -883.548 1 3
-0.00618796 0.0205016 -0.999771 0 -0.0110969 0.999727 0.0205693 0 0.999919 0.0112217 -0.00595877 0 -2846.45 9.10212 -879.555 1 3
-0.0097724 0.0172407 -0.999804 0 -0.00883174 0.999811 0.0173272 0 0.999913 0.00899934 -0.00961828 0 -2852.56 13.0712 -876.534 1 3
-0.0136981 0.0146715 -0.999799 0 -0.00722395 0.999865 0.0147714 0 0.99988 0.00742484 -0.0135902 0 -2858.32 15.7404 -873.075 1 3
-0.0174455 0.0129807 -0.999764 0 -0.00635783 0.999894 0.0130934 0 0.999828 0.00658475 -0.0173612 0 -2863.53 18.109 -869.433 1 3
-0.0211376 0.0115733 -0.99971 0 -0.00561982 0.999916 0.0116945 0 0.999761 0.00586538 -0.0210708 0 -2868.36 20.1261 -865.319 1 3
-0.0247474 0.0104985 -0.999639 0 -0.00525146 0.99993 0.0106316 0 0.99968 0.00551267 -0.0246905 0 -2872.72 21.5038 -860.676 1 3
-0.0281202 0.00981013 -0.999556 0 -0.00473238 0.999939 0.00994703 0 0.999593 0.00501 -0.028072 0 -2876.66 23.0591 -856.154 1 3
-0.0310716 0.00918425 -0.999475 0 -0.00432935 0.999947 0.00932318 0 0.999508 0.00461676 -0.0310302 0 -2880.13 24.1804 -852.249 1 3
-0.0336418 0.00856161 -0.999397 0 -0.00396357 0.999954 0.0086998 0 0.999426 0.00425386 -0.0336064 0 -2883.14 24.945 -849.03 1 3
-0.0356684 0.00811565 -0.999331 0 -0.00368823 0.999959 0.00825239 0 0.999357 0.00398012 -0.035637 0 -2885.72 25.4847 -847.029 1 3
-0.0374537 0.00805295 -0.999266 0 -0.00339511 0.999961 0.0081858 0 0.999293 0.0036992 -0.0374249 0 -2888.11 26.2579 -845.525 1 3
-0.0387653 0.00814941 -0.999215 0 -0.00311225 0.999961 0.00827623 0 0.999243 0.00343064 -0.0387384 0 -2890.05 26.8984 -845.134 1 3
-0.0399145 0.00829814 -0.999169 0 -0.00279049 0.999961 0.00841619 0 0.999199 0.0031241 -0.0398898 0 -2891.78 27.6203 -845.109 1 3
-0.040958 0.00849658 -0.999125 0 -0.00241166 0.99996 0.00860255 0 0.999158 0.0027619 -0.0409359 0 -2893.41 28.5265 -845.387 1 3
-0.0418885 0.00864139 -0.999085 0 -0.00208265 0.99996 0.00873627 0 0.99912 0.00244669 -0.0418688 0 -2895.03 29.3282 -845.868 1 3
-0.0427468 0.00877881 -0.999047 0 -0.00165334 0.999959 0.00885757 0 0.999085 0.0020304 -0.0427306 0 -2896.53 30.4071 -846.451 1 3
-0.0436673 0.00894705 -0.999006 0 -0.00133198 0.999958 0.0090138 0 0.999045 0.00172426 -0.0436535 0 -2897.92 31.187 -846.749 1 3
-0.0445899 0.0091036 -0.998964 0 -0.00123298 0.999957 0.00916768 0 0.999005 0.00164048 -0.0445767 0 -2899.12 31.3084 -847.284 1 3
-0.0454007 0.00927318 -0.998926 0 -0.0012177 0.999956 0.00933809 0 0.998968 0.00164035 -0.0453874 0 -2900.21 31.3292 -848.034 1 3
-0.0460805 0.00952667 -0.998892 0 -0.0011135 0.999953 0.00958816 0 0.998937 0.00155409 -0.0460677 0 -2901.25 31.3837 -849.098 1 3
-0.0466996 0.00970839 -0.998862 0 -0.00110459 0.999952 0.00977063 0 0.998908 0.00155962 -0.0466866 0 -2902.24 31.2157 -850.232 1 3
-0.0472187 0.00981661 -0.998836 0 -0.00111765 0.999951 0.00988039 0 0.998884 0.00158289 -0.0472054 0 -2903.15 30.9507 -851.487 1 3
-0.0476508 0.00988268 -0.998815 0 -0.00110908 0.99995 0.00994682 0 0.998863 0.00158174 -0.0476375 0 -2904 30.7538 -852.789 1 3
-0.0477396 0.0113879 -0.998795 0 -0.00147719 0.999933 0.0114715 0 0.998859 0.00202305 -0.0477196 0 -2906.36 30.9741 -855.904 1 3
-0.0478184 0.0124349 -0.998779 0 -0.00155943 0.99992 0.0125238 0 0.998855 0.00215639 -0.0477952 0 -2908.18 31.3576 -858.538 1 3
-0.0480564 0.0132131 -0.998757 0 -0.00158974 0.99991 0.0133048 0 0.998843 0.00222715 -0.048031 0 -2909.76 31.5274 -860.422 1 3
-0.0484028 0.0135775 -0.998736 0 -0.00156408 0.999905 0.0136692 0 0.998827 0.00222373 -0.048377 0 -2911.11 31.7174 -861.729 1 3
-0.0488017 0.0138722 -0.998712 0 -0.00149033 0.999901 0.0139615 0 0.998807 0.00216976 -0.0487762 0 -2912.27 31.9689 -862.488 1 3
-0.049213 0.0141116 -0.998689 0 -0.0014725 0.999898 0.0142012 0 0.998787 0.00216945 -0.0491872 0 -2913.25 32.0738 -863.023 1 3
-0.0495814 0.0142892 -0.998668 0 -0.00147068 0.999896 0.0143798 0 0.998769 0.00218169 -0.0495552 0 -2914.15 32.0562 -863.567 1 3
-0.0499641 0.0144256 -0.998647 0 -0.00147919 0.999894 0.0145176 0 0.99875 0.00220254 -0.0499375 0 -2914.96 31.9337 -863.826 1 3
-0.05028 0.0145325 -0.998629 0 -0.00149082 0.999892 0.0146259 0 0.998734 0.00222417 -0.0502529 0 -2915.61 31.8278 -864.144 1 3
-0.05053 0.0145956 -0.998616 0 -0.00150678 0.999891 0.0146904 0 0.998721 0.002247 -0.0505025 0 -2916.14 31.6916 -864.484 1 3
