0.999974 0 -0.00715893 0 0 1 0 0 0.00715893 0 0.999974 0 -6.60742 0 18.3227 1 0
0.999974 0 -0.00715893 0 0 1 0 0 0.00715893 0 0.999974 0 -6.60742 0 18.3227 1 0
0.999857 -0.000687659 -0.0168912 0 0.000678214 1 -0.000564912 0 0.0168916 0.000553376 0.999857 0 -2.9804 0.640021 20.3676 1 1
0.999993 -0.00150819 -0.00346573 0 0.00149107 0.999987 -0.00493766 0 0.00347313 0.00493246 0.999982 0 4.17811 1.81719 24.7345 1 1
0.999993 -0.00150819 -0.00346573 0 0.00149107 0.999987 -0.00493766 0 0.00347313 0.00493246 0.999982 0 4.17811 1.81719 24.7345 1 2
0.999993 -0.00150819 -0.00346573 0 0.00149107 0.999987 -0.00493766 0 0.00347313 0.00493246 0.999982 0 4.17811 1.81719 24.7345 1 2
0.999993 -0.00150819 -0.00346573 0 0.00149107 0.999987 -0.00493766 0 0.00347313 0.00493246 0.999982 0 4.17811 1.81719 24.7345 1 2
0.999993 -0.00150819 -0.00346573 0 0.00149107 0.999987 -0.00493766 0 0.00347313 0.00493246 0.999982 0 4.17811 1.81719 24.7345 1 2
0.999993 -0.00150819 -0.00346573 0 0.00149107 0.999987 -0.00493766 0 0.00347313 0.00493246 0.999982 0 4.17811 1.81719 24.7345 1 2
0.999993 -0.00150819 -0.00346573 0 0.00149107 0.999987 -0.00493766 0 0.00347313 0.00493246 0.999982 0 4.17811 1.81719 24.7345 1 2
0.999993 -0.00150819 -0.00346573 0 0.00149107 0.999987 -0.00493766 0 0.00347313 0.00493246 0.999982 0 4.17811 1.81719 24.7345 1 2
0.999993 -0.00150819 -0.00346573 0 0.00149107 0.999987 -0.00493766 0 0.00347313 0.00493246 0.999982 0 4.17811 1.81719 24.7345 1 2
0.999993 -0.00150819 -0.00346573 0 0.00149107 0.999987 -0.00493766 0 0.00347313 0.00493246 0.999982 0 4.17811 1.81719 24.7345 1 2
0.999993 -0.00150819 -0.00346573 0 0.00149107 0.999987 -0.00493766 0 0.00347313 0.00493246 0.999982 0 4.17811 1.81719 24.7345 1 2
0.999993 -0.00150819 -0.00346573 0 0.00149107 0.999987 -0.00493766 0 0.00347313 0.00493246 0.999982 0 4.17811 1.81719 24.7345 1 2
0.999993 -0.00150819 -0.00346573 0 0.00149107 0.999987 -0.00493766 0 0.00347313 0.00493246 0.999982 0 4.17811 1.81719 24.7345 1 2
0.999993 -0.00150819 -0.00346573 0 0.00149107 0.999987 -0.00493766 0 0.00347313 0.00493246 0.999982 0 4.17811 1.81719 24.7345 1 2
0.999993 -0.00150819 -0.00346573 0 0.00149107 0.999987 -0.00493766 0 0.00347313 0.00493246 0.999982 0 4.17811 1.81719 24.7345 1 2
0.999993 -0.00150819 -0.00346573 0 0.00149107 0.999987 -0.00493766 0 0.00347313 0.00493246 0.999982 0 4.17811 1.81719 24.7345 1 2
0.999993 -0.00150819 -0.00346573 0 0.00149107 0.999987 -0.00493766 0 0.00347313 0.00493246 0.999982 0 4.17811 1.81719 24.7345 1 2
0.999993 -0.00150819 -0.00346573 0 0.00149107 0.999987 -0.00493766 0 0.00347313 0.00493246 0.999982 0 4.17811 1.81719 24.7345 1 2
0.999993 -0.00150819 -0.00346573 0 0.00149107 0.999987 -0.00493766 0 0.00347313 0.00493246 0.999982 0 4.17811 1.81719 24.7345 1 2
0.999993 -0.00150819 -0.00346573 0 0.00149107 0.999987 -0.00493766 0 0.00347313 0.00493246 0.999982 0 4.17811 1.81719 24.7345 1 2
0.999993 -0.00150819 -0.00346573 0 0.00149107 0.999987 -0.00493766 0 0.00347313 0.00493246 0.999982 0 4.17811 1.81719 24.7345 1 2
0.999993 -0.00150819 -0.00346573 0 0.00149107 0.999987 -0.00493766 0 0.00347313 0.00493246 0.999982 0 4.17811 1.81719 24.7345 1 2
0.999993 -0.00150819 -0.00346573 0 0.00149107 0.999987 -0.00493766 0 0.00347313 0.00493246 0.999982 0 4.17811 1.81719 24.7345 1 2
0.999993 -0.00150819 -0.00346573 0 0.00149107 0.999987 -0.00493766 0 0.00347313 0.00493246 0.999982 0 4.17811 1.81719 24.7345 1 2
0.999993 -0.00150819 -0.00346573 0 0.00149107 0.999987 -0.00493766 0 0.00347313 0.00493246 0.999982 0 4.17811 1.81719 24.7345 1 2
0.999993 -0.00150819 -0.00346573 0 0.00149107 0.999987 -0.00493766 0 0.00347313 0.00493246 0.999982 0 4.17811 1.81719 24.7345 1 2
0.999993 -0.00150819 -0.00346573 0 0.00149107 0.999987 -0.00493766 0 0.00347313 0.00493246 0.999982 0 4.17811 1.81719 24.7345 1 2
0.999993 -0.00150819 -0.00346573 0 0.00149107 0.999987 -0.00493766 0 0.00347313 0.00493246 0.999982 0 4.17811 1.81719 24.7345 1 2
0.999993 -0.00150819 -0.00346573 0 0.00149107 0.999987 -0.00493766 0 0.00347313 0.00493246 0.999982 0 4.17811 1.81719 24.7345 1 2
0.999993 -0.00150819 -0.00346573 0 0.00149107 0.999987 -0.00493766 0 0.00347313 0.00493246 0.999982 0 4.17811 1.81719 24.7345 1 2
0.999993 -0.00150819 -0.00346573 0 0.00149107 0.999987 -0.00493766 0 0.00347313 0.00493246 0.999982 0 4.17811 1.81719 24.7345 1 2
0.999993 -0.00150819 -0.00346573 0 0.00149107 0.999987 -0.00493766 0 0.00347313 0.00493246 0.999982 0 4.17811 1.81719 24.7345 1 2
0.999993 -0.00150819 -0.00346573 0 0.00149107 0.999987 -0.00493766 0 0.00347313 0.00493246 0.999982 0 4.17811 1.81719 24.7345 1 2
0.999993 -0.00150819 -0.00346573 0 0.00149107 0.999987 -0.00493766 0 0.00347313 0.00493246 0.999982 0 4.17811 1.81719 24.7345 1 2
0.999993 -0.00150819 -0.00346573 0 0.00149107 0.999987 -0.00493766 0 0.00347313 0.00493246 0.999982 0 4.17811 1.81719 24.7345 1 2
0.999993 -0.00150819 -0.00346573 0 0.00149107 0.999987 -0.00493766 0 0.00347313 0.00493246 0.999982 0 4.17811 1.81719 24.7345 1 2
0.999993 -0.00150819 -0.00346573 0 0.00149107 0.999987 -0.00493766 0 0.00347313 0.00493246 0.999982 0 4.17811 1.81719 24.7345 1 2
0.999993 -0.00150819 -0.00346573 0 0.00149107 0.999987 -0.00493766 0 0.00347313 0.00493246 0.999982 0 4.17811 1.81719 24.7345 1 2
0.999993 -0.00150819 -0.00346573 0 0.00149107 0.999987 -0.00493766 0 0.00347313 0.00493246 0.999982 0 4.17811 1.81719 24.7345 1 2
0.999993 -0.00150819 -0.00346573 0 0.00149107 0.999987 -0.00493766 0 0.00347313 0.00493246 0.999982 0 4.17811 1.81719 24.7345 1 2
0.999993 -0.00150819 -0.00346573 0 0.00149107 0.999987 -0.00493766 0 0.00347313 0.00493246 0.999982 0 4.17811 1.81719 24.7345 1 2
0.999993 -0.00150819 -0.00346573 0 0.00149107 0.999987 -0.00493766 0 0.00347313 0.00493246 0.999982 0 4.17811 1.81719 24.7345 1 2
0.999993 -0.00150819 -0.00346573 0 0.00149107 0.999987 -0.00493766 0 0.00347313 0.00493246 0.999982 0 4.17811 1.81719 24.7345 1 2
0.999993 -0.00150819 -0.00346573 0 0.00149107 0.999987 -0.00493766 0 0.00347313 0.00493246 0.999982 0 4.17811 1.81719 24.7345 1 2
0.999993 -0.00150819 -0.00346573 0 0.00149107 0.999987 -0.00493766 0 0.00347313 0.00493246 0.999982 0 4.17811 1.81719 24.7345 1 2
0.999993 -0.00150819 -0.00346573 0 0.00149107 0.999987 -0.00493766 0 0.00347313 0.00493246 0.999982 0 4.17811 1.81719 24.7345 1 2
0.999993 -0.00150819 -0.00346573 0 0.00149107 0.999987 -0.00493766 0 0.00347313 0.00493246 0.999982 0 4.17811 1.81719 24.7345 1 2
0.999993 -0.00150819 -0.00346573 0 0.00149107 0.999987 -0.00493766 0 0.00347313 0.00493246 0.999982 0 4.17811 1.81719 24.7345 1 2
0.999993 -0.00150819 -0.00346573 0 0.00149107 0.999987 -0.00493766 0 0.00347313 0.00493246 0.999982 0 4.17811 1.81719 24.7345 1 2
0.999993 -0.00150819 -0.00346573 0 0.00149107 0.999987 -0.00493766 0 0.00347313 0.00493246 0.999982 0 4.17811 1.81719 24.7345 1 2
0.999993 -0.00150819 -0.00346573 0 0.00149107 0.999987 -0.00493766 0 0.00347313 0.00493246 0.999982 0 4.17811 1.81719 24.7345 1 2
0.999993 -0.00150819 -0.00346573 0 0.00149107 0.999987 -0.00493766 0 0.00347313 0.00493246 0.999982 0 4.17811 1.81719 24.7345 1 2
0.999993 -0.00150819 -0.00346573 0 0.00149107 0.999987 -0.00493766 0 0.00347313 0.00493246 0.999982 0 4.17811 1.81719 24.7345 1 2
0.999993 -0.00150819 -0.00346573 0 0.00149107 0.999987 -0.00493766 0 0.00347313 0.00493246 0.999982 0 4.17811 1.81719 24.7345 1 2
0.999993 -0.00150819 -0.00346573 0 0.00149107 0.999987 -0.00493766 0 0.00347313 0.00493246 0.999982 0 4.17811 1.81719 24.7345 1 2
0.999993 -0.00150819 -0.00346573 0 0.00149107 0.999987 -0.00493766 0 0.00347313 0.00493246 0.999982 0 4.17811 1.81719 24.7345 1 2
0.999993 -0.00150819 -0.00346573 0 0.00149107 0.999987 -0.00493766 0 0.00347313 0.00493246 0.999982 0 4.17811 1.81719 24.7345 1 2
0.999993 -0.00150819 -0.00346573 0 0.00149107 0.999987 -0.00493766 0 0.00347313 0.00493246 0.999982 0 4.17811 1.81719 24.7345 1 2
0.999993 -0.00150819 -0.00346573 0 0.00149107 0.999987 -0.00493766 0 0.00347313 0.00493246 0.999982 0 4.17811 1.81719 24.7345 1 2
0.999993 -0.00150819 -0.00346573 0 0.00149107 0.999987 -0.00493766 0 0.00347313 0.00493246 0.999982 0 4.17811 1.81719 24.7345 1 2
0.999993 -0.00150819 -0.00346573 0 0.00149107 0.999987 -0.00493766 0 0.00347313 0.00493246 0.999982 0 4.17811 1.81719 24.7345 1 2
0.999993 -0.00150819 -0.00346573 0 0.00149107 0.999987 -0.00493766 0 0.00347313 0.00493246 0.999982 0 4.17811 1.81719 24.7345 1 2
0.999993 -0.00150819 -0.00346573 0 0.00149107 0.999987 -0.00493766 0 0.00347313 0.00493246 0.999982 0 4.17811 1.81719 24.7345 1 2
0.999993 -0.00150819 -0.00346573 0 0.00149107 0.999987 -0.00493766 0 0.00347313 0.00493246 0.999982 0 4.17811 1.81719 24.7345 1 2
0.999993 -0.00150819 -0.00346573 0 0.00149107 0.999987 -0.00493766 0 0.00347313 0.00493246 0.999982 0 4.17811 1.81719 24.7345 1 2
0.999993 -0.00150819 -0.00346573 0 0.00149107 0.999987 -0.00493766 0 0.00347313 0.00493246 0.999982 0 4.17811 1.81719 24.7345 1 2
0.999993 -0.00150819 -0.00346573 0 0.00149107 0.999987 -0.00493766 0 0.00347313 0.00493246 0.999982 0 4.17811 1.81719 24.7345 1 2
0.999993 -0.00150819 -0.00346573 0 0.00149107 0.999987 -0.00493766 0 0.00347313 0.00493246 0.999982 0 4.17811 1.81719 24.7345 1 2
0.999993 -0.00150819 -0.00346573 0 0.00149107 0.999987 -0.00493766 0 0.00347313 0.00493246 0.999982 0 4.17811 1.81719 24.7345 1 2
0.999993 -0.00150819 -0.00346573 0 0.00149107 0.999987 -0.00493766 0 0.00347313 0.00493246 0.999982 0 4.17811 1.81719 24.7345 1 2
0.999993 -0.00150819 -0.00346573 0 0.00149107 0.999987 -0.00493766 0 0.00347313 0.00493246 0.999982 0 4.17811 1.81719 24.7345 1 2
0.999993 -0.00150819 -0.00346573 0 0.00149107 0.999987 -0.00493766 0 0.00347313 0.00493246 0.999982 0 4.17811 1.81719 24.7345 1 2
0.999993 -0.00150819 -0.00346573 0 0.00149107 0.999987 -0.00493766 0 0.00347313 0.00493246 0.999982 0 4.17811 1.81719 24.7345 1 2
0.999993 -0.00150819 -0.00346573 0 0.00149107 0.999987 -0.00493766 0 0.00347313 0.00493246 0.999982 0 4.17811 1.81719 24.7345 1 2
0.999993 -0.00150819 -0.00346573 0 0.00149107 0.999987 -0.00493766 0 0.00347313 0.00493246 0.999982 0 4.17811 1.81719 24.7345 1 2
0.999993 -0.00150819 -0.00346573 0 0.00149107 0.999987 -0.00493766 0 0.00347313 0.00493246 0.999982 0 4.17811 1.81719 24.7345 1 2
0.999993 -0.00150819 -0.00346573 0 0.00149107 0.999987 -0.00493766 0 0.00347313 0.00493246 0.999982 0 4.17811 1.81719 24.7345 1 2
0.999993 -0.00150819 -0.00346573 0 0.00149107 0.999987 -0.00493766 0 0.00347313 0.00493246 0.999982 0 4.17811 1.81719 24.7345 1 2
0.999993 -0.00150819 -0.00346573 0 0.00149107 0.999987 -0.00493766 0 0.00347313 0.00493246 0.999982 0 4.17811 1.81719 24.7345 1 2
0.999993 -0.00150819 -0.00346573 0 0.00149107 0.999987 -0.00493766 0 0.00347313 0.00493246 0.999982 0 4.17811 1.81719 24.7345 1 2
0.999993 -0.00150819 -0.00346573 0 0.00149107 0.999987 -0.00493766 0 0.00347313 0.00493246 0.999982 0 4.17811 1.81719 24.7345 1 2
0.999993 -0.00150819 -0.00346573 0 0.00149107 0.999987 -0.00493766 0 0.00347313 0.00493246 0.999982 0 4.17811 1.81719 24.7345 1 2
0.999993 -0.00150819 -0.00346573 0 0.00149107 0.999987 -0.00493766 0 0.00347313 0.00493246 0.999982 0 4.17811 1.81719 24.7345 1 2
0.999993 -0.00150819 -0.00346573 0 0.00149107 0.999987 -0.00493766 0 0.00347313 0.00493246 0.999982 0 4.17811 1.81719 24.7345 1 2
0.999993 -0.00150819 -0.00346573 0 0.00149107 0.999987 -0.00493766 0 0.00347313 0.00493246 0.999982 0 4.17811 1.81719 24.7345 1 2
0.999993 -0.00150819 -0.00346573 0 0.00149107 0.999987 -0.00493766 0 0.00347313 0.00493246 0.999982 0 4.17811 1.81719 24.7345 1 2
0.999993 -0.00150819 -0.00346573 0 0.00149107 0.999987 -0.00493766 0 0.00347313 0.00493246 0.999982 0 4.17811 1.81719 24.7345 1 2
0.999993 -0.00150819 -0.00346573 0 0.00149107 0.999987 -0.00493766 0 0.00347313 0.00493246 0.999982 0 4.17811 1.81719 24.7345 1 2
0.999993 -0.00150819 -0.00346573 0 0.00149107 0.999987 -0.00493766 0 0.00347313 0.00493246 0.999982 0 4.17811 1.81719 24.7345 1 2
0.999993 -0.00150819 -0.00346573 0 0.00149107 0.999987 -0.00493766 0 0.00347313 0.00493246 0.999982 0 4.17811 1.81719 24.7345 1 2
0.999993 -0.00150819 -0.00346573 0 0.00149107 0.999987 -0.00493766 0 0.00347313 0.00493246 0.999982 0 4.17811 1.81719 24.7345 1 2
0.999993 -0.00150819 -0.00346573 0 0.00149107 0.999987 -0.00493766 0 0.00347313 0.00493246 0.999982 0 4.17811 1.81719 24.7345 1 2
0.999993 -0.00150819 -0.00346573 0 0.00149107 0.999987 -0.00493766 0 0.00347313 0.00493246 0.999982 0 4.17811 1.81719 24.7345 1 2
0.999993 -0.00150819 -0.00346573 0 0.00149107 0.999987 -0.00493766 0 0.00347313 0.00493246 0.999982 0 4.17811 1.81719 24.7345 1 2
0.999993 -0.00150819 -0.00346573 0 0.00149107 0.999987 -0.00493766 0 0.00347313 0.00493246 0.999982 0 4.17811 1.81719 24.7345 1 2
0.999993 -0.00150819 -0.00346573 0 0.00149107 0.999987 -0.00493766 0 0.00347313 0.00493246 0.999982 0 4.17811 1.81719 24.7345 1 2
0.999993 -0.00150819 -0.00346573 0 0.00149107 0.999987 -0.00493766 0 0.00347313 0.00493246 0.999982 0 4.17811 1.81719 24.7345 1 2
0.999993 -0.00150819 -0.00346573 0 0.00149107 0.999987 -0.00493766 0 0.00347313 0.00493246 0.999982 0 4.17811 1.81719 24.7345 1 2
0.999993 -0.00150819 -0.00346573 0 0.00149107 0.999987 -0.00493766 0 0.00347313 0.00493246 0.999982 0 4.17811 1.81719 24.7345 1 2
0.999993 -0.00150819 -0.00346573 0 0.00149107 0.999987 -0.00493766 0 0.00347313 0.00493246 0.999982 0 4.17811 1.81719 24.7345 1 2
0.999993 -0.00150819 -0.00346573 0 0.00149107 0.999987 -0.00493766 0 0.00347313 0.00493246 0.999982 0 4.17811 1.81719 24.7345 1 2
0.999993 -0.00150819 -0.00346573 0 0.00149107 0.999987 -0.00493766 0 0.00347313 0.00493246 0.999982 0 4.17811 1.81719 24.7345 1 2
0.999993 -0.00150819 -0.00346573 0 0.00149107 0.999987 -0.00493766 0 0.00347313 0.00493246 0.999982 0 4.17811 1.81719 24.7345 1 2
0.999993 -0.00150819 -0.00346573 0 0.00149107 0.999987 -0.00493766 0 0.00347313 0.00493246 0.999982 0 4.17811 1.81719 24.7345 1 2
0.999993 -0.00150819 -0.00346573 0 0.00149107 0.999987 -0.00493766 0 0.00347313 0.00493246 0.999982 0 4.17811 1.81719 24.7345 1 2
0.999993 -0.00150819 -0.00346573 0 0.00149107 0.999987 -0.00493766 0 0.00347313 0.00493246 0.999982 0 4.17811 1.81719 24.7345 1 2
0.999993 -0.00150819 -0.00346573 0 0.00149107 0.999987 -0.00493766 0 0.00347313 0.00493246 0.999982 0 4.17811 1.81719 24.7345 1 2
0.999993 -0.00150819 -0.00346573 0 0.00149107 0.999987 -0.00493766 0 0.00347313 0.00493246 0.999982 0 4.17811 1.81719 24.7345 1 2
0.999993 -0.00150819 -0.00346573 0 0.00149107 0.999987 -0.00493766 0 0.00347313 0.00493246 0.999982 0 4.17811 1.81719 24.7345 1 2
0.999993 -0.00150819 -0.00346573 0 0.00149107 0.999987 -0.00493766 0 0.00347313 0.00493246 0.999982 0 4.17811 1.81719 24.7345 1 2
0.999993 -0.00150819 -0.00346573 0 0.00149107 0.999987 -0.00493766 0 0.00347313 0.00493246 0.999982 0 4.17811 1.81719 24.7345 1 2
0.999993 -0.00150819 -0.00346573 0 0.00149107 0.999987 -0.00493766 0 0.00347313 0.00493246 0.999982 0 4.17811 1.81719 24.7345 1 2
0.999993 -0.00150819 -0.00346573 0 0.00149107 0.999987 -0.00493766 0 0.00347313 0.00493246 0.999982 0 4.17811 1.81719 24.7345 1 2
0.999993 -0.00150819 -0.00346573 0 0.00149107 0.999987 -0.00493766 0 0.00347313 0.00493246 0.999982 0 4.17811 1.81719 24.7345 1 2
0.999993 -0.00150819 -0.00346573 0 0.00149107 0.999987 -0.00493766 0 0.00347313 0.00493246 0.999982 0 4.17811 1.81719 24.7345 1 2
0.999993 -0.00150819 -0.00346573 0 0.00149107 0.999987 -0.00493766 0 0.00347313 0.00493246 0.999982 0 4.17811 1.81719 24.7345 1 2
0.999993 -0.00150819 -0.00346573 0 0.00149107 0.999987 -0.00493766 0 0.00347313 0.00493246 0.999982 0 4.17811 1.81719 24.7345 1 2
0.999993 -0.00150819 -0.00346573 0 0.00149107 0.999987 -0.00493766 0 0.00347313 0.00493246 0.999982 0 4.17811 1.81719 24.7345 1 2
0.999993 -0.00150819 -0.00346573 0 0.00149107 0.999987 -0.00493766 0 0.00347313 0.00493246 0.999982 0 4.17811 1.81719 24.7345 1 2
0.999993 -0.00150819 -0.00346573 0 0.00149107 0.999987 -0.00493766 0 0.00347313 0.00493246 0.999982 0 4.17811 1.81719 24.7345 1 2
0.999993 -0.00150819 -0.00346573 0 0.00149107 0.999987 -0.00493766 0 0.00347313 0.00493246 0.999982 0 4.17811 1.81719 24.7345 1 2
0.999993 -0.00150819 -0.00346573 0 0.00149107 0.999987 -0.00493766 0 0.00347313 0.00493246 0.999982 0 4.17811 1.81719 24.7345 1 2
0.999993 -0.00150819 -0.00346573 0 0.00149107 0.999987 -0.00493766 0 0.00347313 0.00493246 0.999982 0 4.17811 1.81719 24.7345 1 2
0.999993 -0.00150819 -0.00346573 0 0.00149107 0.999987 -0.00493766 0 0.00347313 0.00493246 0.999982 0 4.17811 1.81719 24.7345 1 2
0.999993 -0.00150819 -0.00346573 0 0.00149107 0.999987 -0.00493766 0 0.00347313 0.00493246 0.999982 0 4.17811 1.81719 24.7345 1 2
0.999995 -0.00104874 -0.00303764 0 0.00103146 0.999983 -0.00568549 0 0.00304355 0.00568233 0.999979 0 5.07697 1.04445 24.6745 1 3
0.999995 -0.000689815 -0.0030391 0 0.000671063 0.999981 -0.00616704 0 0.00304329 0.00616497 0.999976 0 5.71127 0.634576 24.675 1 3
0.999995 -0.000405066 -0.0031441 0 0.000385025 0.99998 -0.00637228 0 0.00314662 0.00637104 0.999975 0 6.31309 0.423291 24.5915 1 3
0.999995 -0.00010337 -0.00318647 0 8.25456e-05 0.999979 -0.00653477 0 0.00318707 0.00653447 0.999974 0 6.78894 0.271871 24.5117 1 3
0.999994 0.000110706 -0.00334895 0 -0.000132984 0.999978 -0.0066528 0 0.00334814 0.00665321 0.999972 0 7.10581 0.187443 24.3777 1 3
0.999993 -0.000135807 -0.00369768 0 0.000113065 0.999981 -0.00615003 0 0.00369845 0.00614957 0.999974 0 7.14041 0.724599 23.904 1 3
0.999992 -5.61417e-05 -0.0038787 0 3.50604e-05 0.999985 -0.00543498 0 0.00387895 0.0054348 0.999978 0 7.29381 1.52663 23.3058 1 3
0.999992 0.000101576 -0.00399125 0 -0.000119115 0.99999 -0.0043944 0 0.00399076 0.00439484 0.999982 0 7.44621 2.3193 22.8447 1 3
0.999992 6.96929e-05 -0.00402223 0 -8.38559e-05 0.999994 -0.00352113 0 0.00402196 0.00352144 0.999986 0 7.88927 2.81133 22.5773 1 3
0.999992 1.60623e-05 -0.00404311 0 -2.72481e-05 0.999996 -0.00276658 0 0.00404305 0.00276667 0.999988 0 8.1351 3.1666 22.3125 1 3
0.999992 -6.10251e-06 -0.00392079 0 -2.89222e-06 0.999997 -0.00229411 0 0.00392079 0.0022941 0.99999 0 8.30497 3.25359 21.9363 1 3
0.999993 1.18002e-05 -0.00368803 0 -1.8909e-05 0.999998 -0.0019275 0 0.003688 0.00192756 0.999991 0 8.38752 3.13589 21.585 1 3
0.999995 -6.36989e-05 -0.00321429 0 5.82061e-05 0.999999 -0.00170892 0 0.0032144 0.00170873 0.999993 0 8.50153 3.00862 21.2254 1 3
0.999996 4.06184e-05 -0.00291445 0 -4.49314e-05 0.999999 -0.0014798 0 0.00291438 0.00147993 0.999995 0 8.66139 2.85311 20.7267 1 3
0.999996 0.000209988 -0.00281273 0 -0.0002141 0.999999 -0.00146194 0 0.00281242 0.00146254 0.999995 0 8.80858 2.68086 20.1689 1 3
0.999996 0.000364191 -0.00275773 0 -0.000368062 0.999999 -0.0014033 0 0.00275721 0.00140431 0.999995 0 8.9931 2.58602 19.6154 1 3
0.999996 0.000322909 -0.00270316 0 -0.000326644 0.999999 -0.00138136 0 0.00270271 0.00138224 0.999995 0 9.24339 2.39792 19.0177 1 3
0.999996 0.0003733 -0.00282675 0 -0.000377701 0.999999 -0.00155635 0 0.00282617 0.00155742 0.999995 0 8.80154 2.1409 18.4134 1 3
0.999995 0.000360312 -0.0030796 0 -0.000365085 0.999999 -0.00154934 0 0.00307904 0.00155046 0.999994 0 8.43418 1.98771 17.8332 1 3
0.999995 0.000337585 -0.00327089 0 -0.000342656 0.999999 -0.00154997 0 0.00327037 0.00155109 0.999993 0 8.12497 1.89345 17.2372 1 3
0.999994 0.000349646 -0.00333706 0 -0.000354764 0.999999 -0.00153312 0 0.00333652 0.00153429 0.999993 0 7.96882 1.87626 16.7665 1 3
0.999995 0.000409535 -0.00328685 0 -0.000414253 0.999999 -0.00143476 0 0.00328626 0.00143612 0.999994 0 7.8165 1.84524 16.4106 1 3
0.999994 0.000417919 -0.00331147 0 -0.000422192 0.999999 -0.0012899 0 0.00331093 0.00129129 0.999994 0 7.74199 1.82898 16.0389 1 3
0.999995 0.000491149 -0.0031463 0 -0.000494779 0.999999 -0.00115295 0 0.00314574 0.0011545 0.999994 0 7.81665 1.82709 15.7367 1 3
0.999995 0.000496905 -0.00300702 0 -0.000499998 0.999999 -0.00102778 0 0.00300651 0.00102928 0.999995 0 7.98179 1.78838 15.5053 1 3
0.999996 0.000420976 -0.00286831 0 -0.000423523 1 -0.000887467 0 0.00286793 0.000888678 0.999995 0 8.12168 1.76837 15.2737 1 3
0.999996 0.000414703 -0.00272165 0 -0.000416915 1 -0.000811928 0 0.00272132 0.00081306 0.999996 0 8.28457 1.76003 15.0199 1 3
0.999997 0.00043226 -0.00253574 0 -0.000434182 1 -0.000757401 0 0.00253541 0.0007585 0.999996 0 8.51561 1.74345 14.8007 1 3
0.999997 0.000463517 -0.00242075 0 -0.000465198 1 -0.000694168 0 0.00242043 0.000695292 0.999997 0 8.80007 1.73905 14.6287 1 3
0.999997 0.000146235 -0.00236521 0 -0.000148366 1 -0.000901176 0 0.00236507 0.000901525 0.999997 0 8.81894 1.62834 15.2078 1 3
0.999998 -2.26874e-05 -0.00221163 0 2.03313e-05 0.999999 -0.00106533 0 0.00221165 0.00106528 0.999997 0 8.8404 1.60427 15.5884 1 3
0.999998 -0.000151215 -0.0020166 0 0.000149041 0.999999 -0.00107809 0 0.00201677 0.00107779 0.999997 0 8.9542 1.56321 15.8606 1 3
0.999998 -0.000142109 -0.00191531 0 0.000140021 0.999999 -0.0010905 0 0.00191546 0.00109023 0.999998 0 9.11355 1.58254 16.0055 1 3
0.999998 -0.000122853 -0.00180759 0 0.000120836 0.999999 -0.0011159 0 0.00180773 0.00111568 0.999998 0 9.28592 1.58401 16.1291 1 3
0.999999 -0.000125271 -0.00168452 0 0.000123423 0.999999 -0.00109697 0 0.00168466 0.00109676 0.999998 0 9.45605 1.55305 16.1702 1 3
0.999998 -3.36949e-06 -0.00177231 0 1.89321e-06 1 -0.00083297 0 0.00177232 0.000832965 0.999998 0 9.472 1.66631 16.2046 1 3
0.999999 7.14766e-05 -0.00168254 0 -7.27105e-05 1 -0.000733313 0 0.00168248 0.000733434 0.999998 0 9.55137 1.71055 16.2091 1 3
0.999999 0.000143543 -0.00158904 0 -0.000144618 1 -0.000676194 0 0.00158895 0.000676423 0.999999 0 9.63547 1.73512 16.2728 1 3
0.999999 0.000217231 -0.00145593 0 -0.000218204 1 -0.000667739 0 0.00145579 0.000668056 0.999999 0 9.74041 1.74985 16.3418 1 3
0.999999 0.000303252 -0.00134077 0 -0.000304188 1 -0.00069767 0 0.00134055 0.000698078 0.999999 0 9.91258 1.75587 16.3618 1 3
0.999999 0.000371686 -0.00130163 0 -0.000372513 1 -0.000634863 0 0.0013014 0.000635347 0.999999 0 10.0714 1.76354 16.309 1 3
0.999999 0.000434215 -0.00128437 0 -0.000435013 1 -0.000621741 0 0.0012841 0.000622299 0.999999 0 10.2031 1.78181 16.2543 1 3
0.999999 0.000485245 -0.00126444 0 -0.000486045 1 -0.00063269 0 0.00126414 0.000633304 0.999999 0 10.3683 1.77647 16.2202 1 3
0.999999 0.000528282 -0.0012195 0 -0.000529008 1 -0.000595098 0 0.00121918 0.000595743 0.999999 0 10.4942 1.77899 16.1779 1 3
0.999999 0.00057889 -0.00116315 0 -0.000579577 1 -0.000590492 0 0.00116281 0.000591166 0.999999 0 10.6065 1.7795 16.197 1 3
