0.224526 0 -0.974468 0 0 1 0 0 0.974468 0 0.224526 0 -2586.54 0 -1894.38 1 0
0.224526 0 -0.974468 0 0 1 0 0 0.974468 0 0.224526 0 -2586.54 0 -1894.38 1 0
0.224526 0 -0.974468 0 0 1 0 0 0.974468 0 0.224526 0 -2586.54 0 -1894.38 1 0
0.224526 0 -0.974468 0 0 1 0 0 0.974468 0 0.224526 0 -2586.54 0 -1894.38 1 0
0.224526 0 -0.974468 0 0 1 0 0 0.974468 0 0.224526 0 -2586.54 0 -1894.38 1 0
0.224526 0 -0.974468 0 0 1 0 0 0.974468 0 0.224526 0 -2586.54 0 -1894.38 1 0
0.224526 0 -0.974468 0 0 1 0 0 0.974468 0 0.224526 0 -2586.54 0 -1894.38 1 0
0.224526 0 -0.974468 0 0 1 0 0 0.974468 0 0.224526 0 -2586.54 0 -1894.38 1 0
0.224526 0 -0.974468 0 0 1 0 0 0.974468 0 0.224526 0 -2586.54 0 -1894.38 1 0
0.224526 0 -0.974468 0 0 1 0 0 0.974468 0 0.224526 0 -2586.54 0 -1894.38 1 0
0.224526 0 -0.974468 0 0 1 0 0 0.974468 0 0.224526 0 -2586.54 0 -1894.38 1 0
0.224526 0 -0.974468 0 0 1 0 0 0.974468 0 0.224526 0 -2586.54 0 -1894.38 1 0
0.224526 0 -0.974468 0 0 1 0 0 0.974468 0 0.224526 0 -2586.54 0 -1894.38 1 0
0.224526 0 -0.974468 0 0 1 0 0 0.974468 0 0.224526 0 -2586.54 0 -1894.38 1 0
0.224526 0 -0.974468 0 0 1 0 0 0.974468 0 0.224526 0 -2586.54 0 -1894.38 1 0
0.224526 0 -0.974468 0 0 1 0 0 0.974468 0 0.224526 0 -2586.54 0 -1894.38 1 0
0.224526 0 -0.974468 0 0 1 0 0 0.974468 0 0.224526 0 -2586.54 0 -1894.38 1 0
0.224526 0 -0.974468 0 0 1 0 0 0.974468 0 0.224526 0 -2586.54 0 -1894.38 1 0
0.224526 0 -0.974468 0 0 1 0 0 0.974468 0 0.224526 0 -2586.54 0 -1894.38 1 0
0.224526 0 -0.974468 0 0 1 0 0 0.974468 0 0.224526 0 -2586.54 0 -1894.38 1 0
0.224526 0 -0.974468 0 0 1 0 0 0.974468 0 0.224526 0 -2586.54 0 -1894.38 1 0
0.224526 0 -0.974468 0 0 1 0 0 0.974468 0 0.224526 0 -2586.54 0 -1894.38 1 0
0.224526 0 -0.974468 0 0 1 0 0 0.974468 0 0.224526 0 -2586.54 0 -1894.38 1 0
0.224526 0 -0.974468 0 0 1 0 0 0.974468 0 0.224526 0 -2586.54 0 -1894.38 1 0
0.224526 0 -0.974468 0 0 1 0 0 0.974468 0 0.224526 0 -2586.54 0 -1894.38 1 0
0.224526 0 -0.974468 0 0 1 0 0 0.974468 0 0.224526 0 -2586.54 0 -1894.38 1 0
0.224526 0 -0.974468 0 0 1 0 0 0.974468 0 0.224526 0 -2586.54 0 -1894.38 1 0
0.224526 0 -0.974468 0 0 1 0 0 0.974468 0 0.224526 0 -2586.54 0 -1894.38 1 0
0.224526 0 -0.974468 0 0 1 0 0 0.974468 0 0.224526 0 -2586.54 0 -1894.38 1 0
0.224526 0 -0.974468 0 0 1 0 0 0.974468 0 0.224526 0 -2586.54 0 -1894.38 1 0
0.224526 0 -0.974468 0 0 1 0 0 0.974468 0 0.224526 0 -2586.54 0 -1894.38 1 0
0.224526 0 -0.974468 0 0 1 0 0 0.974468 0 0.224526 0 -2586.54 0 -1894.38 1 0
0.224526 0 -0.974468 0 0 1 0 0 0.974468 0 0.224526 0 -2586.54 0 -1894.38 1 0
0.224526 0 -0.974468 0 0 1 0 0 0.974468 0 0.224526 0 -2586.54 0 -1894.38 1 0
0.224526 0 -0.974468 0 0 1 0 0 0.974468 0 0.224526 0 -2586.54 0 -1894.38 1 0
0.224526 0 -0.974468 0 0 1 0 0 0.974468 0 0.224526 0 -2586.54 0 -1894.38 1 0
0.224526 0 -0.974468 0 0 1 0 0 0.974468 0 0.224526 0 -2586.54 0 -1894.38 1 0
0.224526 0 -0.974468 0 0 1 0 0 0.974468 0 0.224526 0 -2586.54 0 -1894.38 1 0
0.224526 0 -0.974468 0 0 1 0 0 0.974468 0 0.224526 0 -2586.54 0 -1894.38 1 0
0.224526 0 -0.974468 0 0 1 0 0 0.974468 0 0.224526 0 -2586.54 0 -1894.38 1 0
0.224526 0 -0.974468 0 0 1 0 0 0.974468 0 0.224526 0 -2586.54 0 -1894.38 1 0
0.224526 0 -0.974468 0 0 1 0 0 0.974468 0 0.224526 0 -2586.54 0 -1894.38 1 0
0.224526 0 -0.974468 0 0 1 0 0 0.974468 0 0.224526 0 -2586.54 0 -1894.38 1 0
0.224526 0 -0.974468 0 0 1 0 0 0.974468 0 0.224526 0 -2586.54 0 -1894.38 1 0
0.224526 0 -0.974468 0 0 1 0 0 0.974468 0 0.224526 0 -2586.54 0 -1894.38 1 0
0.224526 0 -0.974468 0 0 1 0 0 0.974468 0 0.224526 0 -2586.54 0 -1894.38 1 0
0.224526 0 -0.974468 0 0 1 0 0 0.974468 0 0.224526 0 -2586.54 0 -1894.38 1 0
0.224526 0 -0.974468 0 0 1 0 0 0.974468 0 0.224526 0 -2586.54 0 -1894.38 1 0
0.224526 0 -0.974468 0 0 1 0 0 0.974468 0 0.224526 0 -2586.54 0 -1894.38 1 0
0.224526 0 -0.974468 0 0 1 0 0 0.974468 0 0.224526 0 -2586.54 0 -1894.38 1 0
0.224526 0 -0.974468 0 0 1 0 0 0.974468 0 0.224526 0 -2586.54 0 -1894.38 1 0
0.224526 0 -0.974468 0 0 1 0 0 0.974468 0 0.224526 0 -2586.54 0 -1894.38 1 0
0.224526 0 -0.974468 0 0 1 0 0 0.974468 0 0.224526 0 -2586.54 0 -1894.38 1 0
0.224526 0 -0.974468 0 0 1 0 0 0.974468 0 0.224526 0 -2586.54 0 -1894.38 1 0
0.224526 0 -0.974468 0 0 1 0 0 0.974468 0 0.224526 0 -2586.54 0 -1894.38 1 0
0.224526 0 -0.974468 0 0 1 0 0 0.974468 0 0.224526 0 -2586.54 0 -1894.38 1 0
0.224526 0 -0.974468 0 0 1 0 0 0.974468 0 0.224526 0 -2586.54 0 -1894.38 1 0
0.224526 0 -0.974468 0 0 1 0 0 0.974468 0 0.224526 0 -2586.54 0 -1894.38 1 0
0.224526 0 -0.974468 0 0 1 0 0 0.974468 0 0.224526 0 -2586.54 0 -1894.38 1 0
0.224526 0 -0.974468 0 0 1 0 0 0.974468 0 0.224526 0 -2586.54 0 -1894.38 1 0
0.224526 0 -0.974468 0 0 1 0 0 0.974468 0 0.224526 0 -2586.54 0 -1894.38 1 0
0.224526 0 -0.974468 0 0 1 0 0 0.974468 0 0.224526 0 -2586.54 0 -1894.38 1 0
0.224526 0 -0.974468 0 0 1 0 0 0.974468 0 0.224526 0 -2586.54 0 -1894.38 1 0
0.224526 0 -0.974468 0 0 1 0 0 0.974468 0 0.224526 0 -2586.54 0 -1894.38 1 0
0.224526 0 -0.974468 0 0 1 0 0 0.974468 0 0.224526 0 -2586.54 0 -1894.38 1 0
0.224526 0 -0.974468 0 0 1 0 0 0.974468 0 0.224526 0 -2586.54 0 -1894.38 1 0
0.224526 0 -0.974468 0 0 1 0 0 0.974468 0 0.224526 0 -2586.54 0 -1894.38 1 0
0.224526 0 -0.974468 0 0 1 0 0 0.974468 0 0.224526 0 -2586.54 0 -1894.38 1 0
0.224526 0 -0.974468 0 0 1 0 0 0.974468 0 0.224526 0 -2586.54 0 -1894.38 1 0
0.224526 0 -0.974468 0 0 1 0 0 0.974468 0 0.224526 0 -2586.54 0 -1894.38 1 0
0.224526 0 -0.974468 0 0 1 0 0 0.974468 0 0.224526 0 -2586.54 0 -1894.38 1 0
0.224526 0 -0.974468 0 0 1 0 0 0.974468 0 0.224526 0 -2586.54 0 -1894.38 1 0
0.224526 0 -0.974468 0 0 1 0 0 0.974468 0 0.224526 0 -2586.54 0 -1894.38 1 0
0.224526 0 -0.974468 0 0 1 0 0 0.974468 0 0.224526 0 -2586.54 0 -1894.38 1 0
0.224526 0 -0.974468 0 0 1 0 0 0.974468 0 0.224526 0 -2586.54 0 -1894.38 1 0
0.224526 0 -0.974468 0 0 1 0 0 0.974468 0 0.224526 0 -2586.54 0 -1894.38 1 0
0.224526 0 -0.974468 0 0 1 0 0 0.974468 0 0.224526 0 -2586.54 0 -1894.38 1 0
0.224526 0 -0.974468 0 0 1 0 0 0.974468 0 0.224526 0 -2586.54 0 -1894.38 1 0
0.224526 0 -0.974468 0 0 1 0 0 0.974468 0 0.224526 0 -2586.54 0 -1894.38 1 0
0.224526 0 -0.974468 0 0 1 0 0 0.974468 0 0.224526 0 -2586.54 0 -1894.38 1 0
0.224526 0 -0.974468 0 0 1 0 0 0.974468 0 0.224526 0 -2586.54 0 -1894.38 1 0
0.224526 0 -0.974468 0 0 1 0 0 0.974468 0 0.224526 0 -2586.54 0 -1894.38 1 0
0.224526 0 -0.974468 0 0 1 0 0 0.974468 0 0.224526 0 -2586.54 0 -1894.38 1 0
0.224526 0 -0.974468 0 0 1 0 0 0.974468 0 0.224526 0 -2586.54 0 -1894.38 1 0
0.224526 0 -0.974468 0 0 1 0 0 0.974468 0 0.224526 0 -2586.54 0 -1894.38 1 0
0.224526 0 -0.974468 0 0 1 0 0 0.974468 0 0.224526 0 -2586.54 0 -1894.38 1 0
0.224526 0 -0.974468 0 0 1 0 0 0.974468 0 0.224526 0 -2586.54 0 -1894.38 1 0
0.224526 0 -0.974468 0 0 1 0 0 0.974468 0 0.224526 0 -2586.54 0 -1894.38 1 0
0.224526 0 -0.974468 0 0 1 0 0 0.974468 0 0.224526 0 -2586.54 0 -1894.38 1 0
0.224526 0 -0.974468 0 0 1 0 0 0.974468 0 0.224526 0 -2586.54 0 -1894.38 1 0
0.224526 0 -0.974468 0 0 1 0 0 0.974468 0 0.224526 0 -2586.54 0 -1894.38 1 0
0.224526 0 -0.974468 0 0 1 0 0 0.974468 0 0.224526 0 -2586.54 0 -1894.38 1 0
0.224526 0 -0.974468 0 0 1 0 0 0.974468 0 0.224526 0 -2586.54 0 -1894.38 1 0
0.224526 0 -0.974468 0 0 1 0 0 0.974468 0 0.224526 0 -2586.54 0 -1894.38 1 0
0.224526 0 -0.974468 0 0 1 0 0 0.974468 0 0.224526 0 -2586.54 0 -1894.38 1 0
0.224526 0 -0.974468 0 0 1 0 0 0.974468 0 0.224526 0 -2586.54 0 -1894.38 1 0
0.224526 0 -0.974468 0 0 1 0 0 0.974468 0 0.224526 0 -2586.54 0 -1894.38 1 0
0.224526 0 -0.974468 0 0 1 0 0 0.974468 0 0.224526 0 -2586.54 0 -1894.38 1 0
0.0719237 0.0830453 -0.993947 0 -0.0323959 0.996197 0.080889 0 0.996884 0.026382 0.0743405 0 -3268.8 202.144 -876.657 1 1
0.0629581 0.0818689 -0.994653 0 -0.0278717 0.996385 0.0802473 0 0.997627 0.0226705 0.0650124 0 -3244.47 204.967 -954.366 1 1
0.0629581 0.0818689 -0.994653 0 -0.0278717 0.996385 0.0802473 0 0.997627 0.0226705 0.0650124 0 -3244.47 204.967 -954.366 1 2
0.0629581 0.0818689 -0.994653 0 -0.0278717 0.996385 0.0802473 0 0.997627 0.0226705 0.0650124 0 -3244.47 204.967 -954.366 1 2
0.0629581 0.0818689 -0.994653 0 -0.0278717 0.996385 0.0802473 0 0.997627 0.0226705 0.0650124 0 -3244.47 204.967 -954.366 1 2
0.0629581 0.0818689 -0.994653 0 -0.0278717 0.996385 0.0802473 0 0.997627 0.0226705 0.0650124 0 -3244.47 204.967 -954.366 1 2
0.0629581 0.0818689 -0.994653 0 -0.0278717 0.996385 0.0802473 0 0.997627 0.0226705 0.0650124 0 -3244.47 204.967 -954.366 1 2
0.0629581 0.0818689 -0.994653 0 -0.0278717 0.996385 0.0802473 0 0.997627 0.0226705 0.0650124 0 -3244.47 204.967 -954.366 1 2
0.0629581 0.0818689 -0.994653 0 -0.0278717 0.996385 0.0802473 0 0.997627 0.0226705 0.0650124 0 -3244.47 204.967 -954.366 1 2
0.0629581 0.0818689 -0.994653 0 -0.0278717 0.996385 0.0802473 0 0.997627 0.0226705 0.0650124 0 -3244.47 204.967 -954.366 1 2
0.0629581 0.0818689 -0.994653 0 -0.0278717 0.996385 0.0802473 0 0.997627 0.0226705 0.0650124 0 -3244.47 204.967 -954.366 1 2
0.0629581 0.0818689 -0.994653 0 -0.0278717 0.996385 0.0802473 0 0.997627 0.0226705 0.0650124 0 -3244.47 204.967 -954.366 1 2
0.0629581 0.0818689 -0.994653 0 -0.0278717 0.996385 0.0802473 0 0.997627 0.0226705 0.0650124 0 -3244.47 204.967 -954.366 1 2
0.0629581 0.0818689 -0.994653 0 -0.0278717 0.996385 0.0802473 0 0.997627 0.0226705 0.0650124 0 -3244.47 204.967 -954.366 1 2
0.0629581 0.0818689 -0.994653 0 -0.0278717 0.996385 0.0802473 0 0.997627 0.0226705 0.0650124 0 -3244.47 204.967 -954.366 1 2
0.0629581 0.0818689 -0.994653 0 -0.0278717 0.996385 0.0802473 0 0.997627 0.0226705 0.0650124 0 -3244.47 204.967 -954.366 1 2
0.0629581 0.0818689 -0.994653 0 -0.0278717 0.996385 0.0802473 0 0.997627 0.0226705 0.0650124 0 -3244.47 204.967 -954.366 1 2
0.0629581 0.0818689 -0.994653 0 -0.0278717 0.996385 0.0802473 0 0.997627 0.0226705 0.0650124 0 -3244.47 204.967 -954.366 1 2
0.0629581 0.0818689 -0.994653 0 -0.0278717 0.996385 0.0802473 0 0.997627 0.0226705 0.0650124 0 -3244.47 204.967 -954.366 1 2
0.0629581 0.0818689 -0.994653 0 -0.0278717 0.996385 0.0802473 0 0.997627 0.0226705 0.0650124 0 -3244.47 204.967 -954.366 1 2
0.0629581 0.0818689 -0.994653 0 -0.0278717 0.996385 0.0802473 0 0.997627 0.0226705 0.0650124 0 -3244.47 204.967 -954.366 1 2
0.0629581 0.0818689 -0.994653 0 -0.0278717 0.996385 0.0802473 0 0.997627 0.0226705 0.0650124 0 -3244.47 204.967 -954.366 1 2
0.0629581 0.0818689 -0.994653 0 -0.0278717 0.996385 0.0802473 0 0.997627 0.0226705 0.0650124 0 -3244.47 204.967 -954.366 1 2
0.0629581 0.0818689 -0.994653 0 -0.0278717 0.996385 0.0802473 0 0.997627 0.0226705 0.0650124 0 -3244.47 204.967 -954.366 1 2
0.0629581 0.0818689 -0.994653 0 -0.0278717 0.996385 0.0802473 0 0.997627 0.0226705 0.0650124 0 -3244.47 204.967 -954.366 1 2
0.0629581 0.0818689 -0.994653 0 -0.0278717 0.996385 0.0802473 0 0.997627 0.0226705 0.0650124 0 -3244.47 204.967 -954.366 1 2
0.0629581 0.0818689 -0.994653 0 -0.0278717 0.996385 0.0802473 0 0.997627 0.0226705 0.0650124 0 -3244.47 204.967 -954.366 1 2
0.0629581 0.0818689 -0.994653 0 -0.0278717 0.996385 0.0802473 0 0.997627 0.0226705 0.0650124 0 -3244.47 204.967 -954.366 1 2
0.0629581 0.0818689 -0.994653 0 -0.0278717 0.996385 0.0802473 0 0.997627 0.0226705 0.0650124 0 -3244.47 204.967 -954.366 1 2
0.0629581 0.0818689 -0.994653 0 -0.0278717 0.996385 0.0802473 0 0.997627 0.0226705 0.0650124 0 -3244.47 204.967 -954.366 1 2
0.0547195 0.0983489 -0.993646 0 -0.0374629 0.994639 0.0963841 0 0.997799 0.0319508 0.0581105 0 -3247.75 157.164 -954.521 1 3
0.0484034 0.107902 -0.992983 0 -0.0448401 0.99338 0.105759 0 0.997821 0.0394063 0.0529213 0 -3251.58 113.047 -953.705 1 3
0.0435817 0.113249 -0.99261 0 -0.0499504 0.992559 0.11105 0 0.9978 0.0447416 0.0489143 0 -3256.21 74.9128 -953.331 1 3
0.0395921 0.114796 -0.9926 0 -0.0531963 0.992212 0.11263 0 0.997799 0.0483434 0.0453905 0 -3262.17 41.6965 -952.183 1 3
0.0362944 0.112323 -0.993009 0 -0.0535294 0.992455 0.110304 0 0.997906 0.0491518 0.0420332 0 -3269.46 15.5205 -949.389 1 3
0.0330276 0.106977 -0.993713 0 -0.0501115 0.993182 0.105254 0 0.998197 0.0463202 0.0381632 0 -3279.5 2.57806 -943.868 1 3
0.0295411 0.0965898 -0.994886 0 -0.0452691 0.994428 0.0952012 0 0.998538 0.0422253 0.0337491 0 -3289.36 -9.45342 -935.858 1 3
0.0260424 0.0852745 -0.996017 0 -0.0400526 0.995644 0.0841954 0 0.998858 0.0377004 0.0293444 0 -3299.14 -15.0301 -926.932 1 3
0.0221426 0.074558 -0.996971 0 -0.0349675 0.996663 0.0737584 0 0.999143 0.0332283 0.0246758 0 -3308.66 -14.7196 -917.076 1 3
0.0179502 0.0653291 -0.997702 0 -0.0299606 0.99745 0.0647735 0 0.99939 0.0287291 0.0198617 0 -3317.94 -10.3104 -906.854 1 3
0.0140405 0.0578343 -0.998227 0 -0.0258221 0.998014 0.0574587 0 0.999568 0.0249696 0.015506 0 -3326.54 -5.17552 -897.723 1 3
0.0103783 0.0520115 -0.998593 0 -0.022525 0.998405 0.0517677 0 0.999692 0.021956 0.0115333 0 -3334.38 0.296919 -890.289 1 3
0.0073157 0.0476669 -0.998836 0 -0.0198786 0.998673 0.0475135 0 0.999776 0.0195079 0.00825354 0 -3341.13 5.78116 -884.914 1 3
0.00434269 0.0447949 -0.998987 0 -0.0178301 0.998841 0.0447109 0 0.999832 0.0176179 0.00513636 0 -3347.3 10.4598 -880.528 1 3
0.00125711 0.0426201 -0.999091 0 -0.0163463 0.998959 0.0425939 0 0.999866 0.0162779 0.00195248 0 -3353.14 13.5913 -875.628 1 3
-0.00197368 0.0412657 -0.999146 0 -0.0151661 0.999032 0.0412909 0 0.999883 0.0152347 -0.00134593 0 -3358.5 16.3235 -870.486 1 3
-0.00538788 0.0401758 -0.999178 0 -0.0138905 0.999093 0.0402473 0 0.999889 0.0140959 -0.00482494 0 -3363.55 18.7113 -864.791 1 3
-0.00888787 0.0392813 -0.999189 0 -0.0129812 0.999139 0.0393948 0 0.999876 0.0133208 -0.00837031 0 -3368.11 20.3254 -858.567 1 3
-0.0121918 0.0387531 -0.999174 0 -0.012065 0.99917 0.0389002 0 0.999853 0.0125293 -0.0117141 0 -3372.24 22.2054 -852.547 1 3
-0.015071 0.0382861 -0.999153 0 -0.0112316 0.999197 0.0384572 0 0.999823 0.0118017 -0.0146289 0 -3375.95 23.6079 -847.319 1 3
-0.0175567 0.0378144 -0.999131 0 -0.0105588 0.999222 0.0380034 0 0.99979 0.0112169 -0.0171438 0 -3379.19 24.6501 -842.986 1 3
-0.0196088 0.0374672 -0.999105 0 -0.010118 0.999239 0.0376708 0 0.999757 0.0108476 -0.0192148 0 -3381.97 25.3892 -840.062 1 3
-0.0214023 0.0374609 -0.999069 0 -0.00967318 0.999243 0.0376747 0 0.999724 0.0104705 -0.0210237 0 -3384.54 26.3495 -837.755 1 3
-0.0226964 0.0376122 -0.999035 0 -0.00937071 0.99924 0.0378328 0 0.999698 0.0102203 -0.0223267 0 -3386.64 27.1352 -836.758 1 3
-0.0238046 0.0377758 -0.999003 0 -0.00899329 0.999237 0.037999 0 0.999676 0.00988887 -0.0234467 0 -3388.53 28.0331 -836.185 1 3
-0.024787 0.037986 -0.998971 0 -0.00851278 0.999234 0.0382072 0 0.999657 0.00945107 -0.0244447 0 -3390.34 29.1442 -835.958 1 3
-0.0256831 0.0381179 -0.998943 0 -0.00809794 0.999232 0.0383371 0 0.999637 0.009074 -0.0253547 0 -3392.11 30.1215 -835.98 1 3
-0.0264944 0.0382522 -0.998917 0 -0.00764359 0.999231 0.038467 0 0.99962 0.00865447 -0.0261817 0 -3393.7 31.3877 -836.142 1 3
-0.0273658 0.0384322 -0.998886 0 -0.0072877 0.999226 0.0386449 0 0.999599 0.00833713 -0.0270646 0 -3395.18 32.3135 -835.994 1 3
-0.0282375 0.0385626 -0.998857 0 -0.00714871 0.999222 0.0387788 0 0.999576 0.00823555 -0.0279398 0 -3396.44 32.4784 -836.056 1 3
-0.0290216 0.0387137 -0.998829 0 -0.00710573 0.999216 0.0389351 0 0.999554 0.00822737 -0.0287238 0 -3397.58 32.5023 -836.379 1 3
-0.0296787 0.038956 -0.9988 0 -0.00696151 0.999208 0.0391787 0 0.999535 0.00811593 -0.029384 0 -3398.68 32.6003 -837.095 1 3
-0.0302795 0.0391319 -0.998775 0 -0.00693393 0.999201 0.0393588 0 0.999517 0.0081172 -0.0299839 0 -3399.7 32.4253 -837.904 1 3
-0.0307937 0.0392385 -0.998755 0 -0.00693883 0.999197 0.0394697 0 0.999502 0.00814561 -0.0304967 0 -3400.64 32.1509 -838.887 1 3
-0.0312219 0.0392982 -0.99874 0 -0.00693211 0.999194 0.0395327 0 0.999488 0.00815766 -0.0309243 0 -3401.51 31.9546 -839.955 1 3
-0.0314072 0.0407411 -0.998676 0 -0.0072866 0.999133 0.0409889 0 0.99948 0.0085643 -0.0310831 0 -3403.86 31.9815 -842.937 1 3
-0.0315233 0.0417694 -0.99863 0 -0.00735458 0.99909 0.0420208 0 0.999476 0.00866914 -0.0311874 0 -3405.67 32.3028 -845.486 1 3
-0.0317889 0.0425383 -0.998589 0 -0.00737436 0.999057 0.042793 0 0.999467 0.0087243 -0.0314452 0 -3407.24 32.444 -847.216 1 3
-0.0321383 0.0429067 -0.998562 0 -0.0073388 0.999041 0.0431635 0 0.999456 0.00871545 -0.0317926 0 -3408.57 32.6401 -848.331 1 3
-0.0325211 0.0431945 -0.998537 0 -0.00726028 0.999029 0.0434522 0 0.999445 0.00866278 -0.0321759 0 -3409.73 32.92 -848.881 1 3
-0.0329251 0.0434336 -0.998514 0 -0.00723498 0.999019 0.0436942 0 0.999432 0.00866286 -0.0325786 0 -3410.7 33.0283 -849.21 1 3
-0.0332905 0.0436072 -0.998494 0 -0.00722623 0.999011 0.0438707 0 0.99942 0.00867582 -0.0329425 0 -3411.6 33.0083 -849.564 1 3
-0.0336679 0.0437467 -0.998475 0 -0.00721995 0.999005 0.0440134 0 0.999407 0.00869078 -0.0333185 0 -3412.4 32.8777 -849.638 1 3
-0.033978 0.0438558 -0.99846 0 -0.00722883 0.999 0.0441255 0 0.999396 0.00871699 -0.033627 0 -3413.04 32.7598 -849.801 1 3
-0.0342265 0.0439188 -0.998449 0 -0.0072362 0.998997 0.044191 0 0.999388 0.00873748 -0.0338744 0 -3413.57 32.6134 -850.018 1 3
