-0.993516 0 0.113689 0 0 1 0 0 -0.113689 0 -0.993516 0 -4990.48 0 -2025.28 1 0
-0.993516 0 0.113689 0 0 1 0 0 -0.113689 0 -0.993516 0 -4990.48 0 -2025.28 1 0
-0.993516 0 0.113689 0 0 1 0 0 -0.113689 0 -0.993516 0 -4990.48 0 -2025.28 1 0
-0.993516 0 0.113689 0 0 1 0 0 -0.113689 0 -0.993516 0 -4990.48 0 -2025.28 1 0
-0.993516 0 0.113689 0 0 1 0 0 -0.113689 0 -0.993516 0 -4990.48 0 -2025.28 1 0
-0.993516 0 0.113689 0 0 1 0 0 -0.113689 0 -0.993516 0 -4990.48 0 -2025.28 1 0
-0.993516 0 0.113689 0 0 1 0 0 -0.113689 0 -0.993516 0 -4990.48 0 -2025.28 1 0
-0.993516 0 0.113689 0 0 1 0 0 -0.113689 0 -0.993516 0 -4990.48 0 -2025.28 1 0
-0.993516 0 0.113689 0 0 1 0 0 -0.113689 0 -0.993516 0 -4990.48 0 -2025.28 1 0
-0.993516 0 0.113689 0 0 1 0 0 -0.113689 0 -0.993516 0 -4990.48 0 -2025.28 1 0
-0.993516 0 0.113689 0 0 1 0 0 -0.113689 0 -0.993516 0 -4990.48 0 -2025.28 1 0
-0.993516 0 0.113689 0 0 1 0 0 -0.113689 0 -0.993516 0 -4990.48 0 -2025.28 1 0
-0.993516 0 0.113689 0 0 1 0 0 -0.113689 0 -0.993516 0 -4990.48 0 -2025.28 1 0
-0.993516 0 0.113689 0 0 1 0 0 -0.113689 0 -0.993516 0 -4990.48 0 -2025.28 1 0
-0.993516 0 0.113689 0 0 1 0 0 -0.113689 0 -0.993516 0 -4990.48 0 -2025.28 1 0
-0.993516 0 0.113689 0 0 1 0 0 -0.113689 0 -0.993516 0 -4990.48 0 -2025.28 1 0
-0.993516 0 0.113689 0 0 1 0 0 -0.113689 0 -0.993516 0 -4990.48 0 -2025.28 1 0
-0.993516 0 0.113689 0 0 1 0 0 -0.113689 0 -0.993516 0 -4990.48 0 -2025.28 1 0
-0.993516 0 0.113689 0 0 1 0 0 -0.113689 0 -0.993516 0 -4990.48 0 -2025.28 1 0
-0.993516 0 0.113689 0 0 1 0 0 -0.113689 0 -0.993516 0 -4990.48 0 -2025.28 1 0
-0.993516 0 0.113689 0 0 1 0 0 -0.113689 0 -0.993516 0 -4990.48 0 -2025.28 1 0
-0.993516 0 0.113689 0 0 1 0 0 -0.113689 0 -0.993516 0 -4990.48 0 -2025.28 1 0
-0.993516 0 0.113689 0 0 1 0 0 -0.113689 0 -0.993516 0 -4990.48 0 -2025.28 1 0
-0.993516 0 0.113689 0 0 1 0 0 -0.113689 0 -0.993516 0 -4990.48 0 -2025.28 1 0
-0.993516 0 0.113689 0 0 1 0 0 -0.113689 0 -0.993516 0 -4990.48 0 -2025.28 1 0
-0.993516 0 0.113689 0 0 1 0 0 -0.113689 0 -0.993516 0 -4990.48 0 -2025.28 1 0
-0.993516 0 0.113689 0 0 1 0 0 -0.113689 0 -0.993516 0 -4990.48 0 -2025.28 1 0
-0.993516 0 0.113689 0 0 1 0 0 -0.113689 0 -0.993516 0 -4990.48 0 -2025.28 1 0
-0.993516 0 0.113689 0 0 1 0 0 -0.113689 0 -0.993516 0 -4990.48 0 -2025.28 1 0
-0.993516 0 0.113689 0 0 1 0 0 -0.113689 0 -0.993516 0 -4990.48 0 -2025.28 1 0
-0.993516 0 0.113689 0 0 1 0 0 -0.113689 0 -0.993516 0 -4990.48 0 -2025.28 1 0
-0.993516 0 0.113689 0 0 1 0 0 -0.113689 0 -0.993516 0 -4990.48 0 -2025.28 1 0
-0.993516 0 0.113689 0 0 1 0 0 -0.113689 0 -0.993516 0 -4990.48 0 -2025.28 1 0
-0.993516 0 0.113689 0 0 1 0 0 -0.113689 0 -0.993516 0 -4990.48 0 -2025.28 1 0
-0.993516 0 0.113689 0 0 1 0 0 -0.113689 0 -0.993516 0 -4990.48 0 -2025.28 1 0
-0.993516 0 0.113689 0 0 1 0 0 -0.113689 0 -0.993516 0 -4990.48 0 -2025.28 1 0
-0.993516 0 0.113689 0 0 1 0 0 -0.113689 0 -0.993516 0 -4990.48 0 -2025.28 1 0
-0.993516 0 0.113689 0 0 1 0 0 -0.113689 0 -0.993516 0 -4990.48 0 -2025.28 1 0
-0.993516 0 0.113689 0 0 1 0 0 -0.113689 0 -0.993516 0 -4990.48 0 -2025.28 1 0
-0.993516 0 0.113689 0 0 1 0 0 -0.113689 0 -0.993516 0 -4990.48 0 -2025.28 1 0
-0.993516 0 0.113689 0 0 1 0 0 -0.113689 0 -0.993516 0 -4990.48 0 -2025.28 1 0
-0.993516 0 0.113689 0 0 1 0 0 -0.113689 0 -0.993516 0 -4990.48 0 -2025.28 1 0
-0.993516 0 0.113689 0 0 1 0 0 -0.113689 0 -0.993516 0 -4990.48 0 -2025.28 1 0
-0.993516 0 0.113689 0 0 1 0 0 -0.113689 0 -0.993516 0 -4990.48 0 -2025.28 1 0
-0.993516 0 0.113689 0 0 1 0 0 -0.113689 0 -0.993516 0 -4990.48 0 -2025.28 1 0
-0.993516 0 0.113689 0 0 1 0 0 -0.113689 0 -0.993516 0 -4990.48 0 -2025.28 1 0
-0.993516 0 0.113689 0 0 1 0 0 -0.113689 0 -0.993516 0 -4990.48 0 -2025.28 1 0
-0.993516 0 0.113689 0 0 1 0 0 -0.113689 0 -0.993516 0 -4990.48 0 -2025.28 1 0
-0.993516 0 0.113689 0 0 1 0 0 -0.113689 0 -0.993516 0 -4990.48 0 -2025.28 1 0
-0.993516 0 0.113689 0 0 1 0 0 -0.113689 0 -0.993516 0 -4990.48 0 -2025.28 1 0
-0.993516 0 0.113689 0 0 1 0 0 -0.113689 0 -0.993516 0 -4990.48 0 -2025.28 1 0
-0.993516 0 0.113689 0 0 1 0 0 -0.113689 0 -0.993516 0 -4990.48 0 -2025.28 1 0
-0.993516 0 0.113689 0 0 1 0 0 -0.113689 0 -0.993516 0 -4990.48 0 -2025.28 1 0
-0.993516 0 0.113689 0 0 1 0 0 -0.113689 0 -0.993516 0 -4990.48 0 -2025.28 1 0
-0.993516 0 0.113689 0 0 1 0 0 -0.113689 0 -0.993516 0 -4990.48 0 -2025.28 1 0
-0.993516 0 0.113689 0 0 1 0 0 -0.113689 0 -0.993516 0 -4990.48 0 -2025.28 1 0
-0.993516 0 0.113689 0 0 1 0 0 -0.113689 0 -0.993516 0 -4990.48 0 -2025.28 1 0
-0.993516 0 0.113689 0 0 1 0 0 -0.113689 0 -0.993516 0 -4990.48 0 -2025.28 1 0
-0.993516 0 0.113689 0 0 1 0 0 -0.113689 0 -0.993516 0 -4990.48 0 -2025.28 1 0
-0.993516 0 0.113689 0 0 1 0 0 -0.113689 0 -0.993516 0 -4990.48 0 -2025.28 1 0
-0.993516 0 0.113689 0 0 1 0 0 -0.113689 0 -0.993516 0 -4990.48 0 -2025.28 1 0
-0.993516 0 0.113689 0 0 1 0 0 -0.113689 0 -0.993516 0 -4990.48 0 -2025.28 1 0
-0.993516 0 0.113689 0 0 1 0 0 -0.113689 0 -0.993516 0 -4990.48 0 -2025.28 1 0
-0.993516 0 0.113689 0 0 1 0 0 -0.113689 0 -0.993516 0 -4990.48 0 -2025.28 1 0
-0.993516 0 0.113689 0 0 1 0 0 -0.113689 0 -0.993516 0 -4990.48 0 -2025.28 1 0
-0.993516 0 0.113689 0 0 1 0 0 -0.113689 0 -0.993516 0 -4990.48 0 -2025.28 1 0
-0.993516 0 0.113689 0 0 1 0 0 -0.113689 0 -0.993516 0 -4990.48 0 -2025.28 1 0
-0.993516 0 0.113689 0 0 1 0 0 -0.113689 0 -0.993516 0 -4990.48 0 -2025.28 1 0
-0.993516 0 0.113689 0 0 1 0 0 -0.113689 0 -0.993516 0 -4990.48 0 -2025.28 1 0
-0.993516 0 0.113689 0 0 1 0 0 -0.113689 0 -0.993516 0 -4990.48 0 -2025.28 1 0
-0.984064 -0.0301735 0.175236 0 -0.0113209 0.99413 0.107602 0 -0.177454 0.103904 -0.978629 0 -5429.46 58.3429 40.4902 1 1
-0.981648 -0.0310125 0.188163 0 -0.0114344 0.994485 0.104255 0 -0.190358 0.10019 -0.976589 0 -5509.48 56.1641 37.4406 1 1
-0.981648 -0.0310125 0.188163 0 -0.0114344 0.994485 0.104255 0 -0.190358 0.10019 -0.976589 0 -5509.48 56.1641 37.4406 1 2
-0.981648 -0.0310125 0.188163 0 -0.0114344 0.994485 0.104255 0 -0.190358 0.10019 -0.976589 0 -5509.48 56.1641 37.4406 1 2
-0.981648 -0.0310125 0.188163 0 -0.0114344 0.994485 0.104255 0 -0.190358 0.10019 -0.976589 0 -5509.48 56.1641 37.4406 1 2
-0.981648 -0.0310125 0.188163 0 -0.0114344 0.994485 0.104255 0 -0.190358 0.10019 -0.976589 0 -5509.48 56.1641 37.4406 1 2
-0.981648 -0.0310125 0.188163 0 -0.0114344 0.994485 0.104255 0 -0.190358 0.10019 -0.976589 0 -5509.48 56.1641 37.4406 1 2
-0.981648 -0.0310125 0.188163 0 -0.0114344 0.994485 0.104255 0 -0.190358 0.10019 -0.976589 0 -5509.48 56.1641 37.4406 1 2
-0.981648 -0.0310125 0.188163 0 -0.0114344 0.994485 0.104255 0 -0.190358 0.10019 -0.976589 0 -5509.48 56.1641 37.4406 1 2
-0.981648 -0.0310125 0.188163 0 -0.0114344 0.994485 0.104255 0 -0.190358 0.10019 -0.976589 0 -5509.48 56.1641 37.4406 1 2
-0.981648 -0.0310125 0.188163 0 -0.0114344 0.994485 0.104255 0 -0.190358 0.10019 -0.976589 0 -5509.48 56.1641 37.4406 1 2
-0.981648 -0.0310125 0.188163 0 -0.0114344 0.994485 0.104255 0 -0.190358 0.10019 -0.976589 0 -5509.48 56.1641 37.4406 1 2
-0.981648 -0.0310125 0.188163 0 -0.0114344 0.994485 0.104255 0 -0.190358 0.10019 -0.976589 0 -5509.48 56.1641 37.4406 1 2
-0.981648 -0.0310125 0.188163 0 -0.0114344 0.994485 0.104255 0 -0.190358 0.10019 -0.976589 0 -5509.48 56.1641 37.4406 1 2
-0.981648 -0.0310125 0.188163 0 -0.0114344 0.994485 0.104255 0 -0.190358 0.10019 -0.976589 0 -5509.48 56.1641 37.4406 1 2
-0.981648 -0.0310125 0.188163 0 -0.0114344 0.994485 0.104255 0 -0.190358 0.10019 -0.976589 0 -5509.48 56.1641 37.4406 1 2
-0.981648 -0.0310125 0.188163 0 -0.0114344 0.994485 0.104255 0 -0.190358 0.10019 -0.976589 0 -5509.48 56.1641 37.4406 1 2
-0.981648 -0.0310125 0.188163 0 -0.0114344 0.994485 0.104255 0 -0.190358 0.10019 -0.976589 0 -5509.48 56.1641 37.4406 1 2
-0.981648 -0.0310125 0.188163 0 -0.0114344 0.994485 0.104255 0 -0.190358 0.10019 -0.976589 0 -5509.48 56.1641 37.4406 1 2
-0.981648 -0.0310125 0.188163 0 -0.0114344 0.994485 0.104255 0 -0.190358 0.10019 -0.976589 0 -5509.48 56.1641 37.4406 1 2
-0.981648 -0.0310125 0.188163 0 -0.0114344 0.994485 0.104255 0 -0.190358 0.10019 -0.976589 0 -5509.48 56.1641 37.4406 1 2
-0.981648 -0.0310125 0.188163 0 -0.0114344 0.994485 0.104255 0 -0.190358 0.10019 -0.976589 0 -5509.48 56.1641 37.4406 1 2
-0.981648 -0.0310125 0.188163 0 -0.0114344 0.994485 0.104255 0 -0.190358 0.10019 -0.976589 0 -5509.48 56.1641 37.4406 1 2
-0.981648 -0.0310125 0.188163 0 -0.0114344 0.994485 0.104255 0 -0.190358 0.10019 -0.976589 0 -5509.48 56.1641 37.4406 1 2
-0.981648 -0.0310125 0.188163 0 -0.0114344 0.994485 0.104255 0 -0.190358 0.10019 -0.976589 0 -5509.48 56.1641 37.4406 1 2
-0.981648 -0.0310125 0.188163 0 -0.0114344 0.994485 0.104255 0 -0.190358 0.10019 -0.976589 0 -5509.48 56.1641 37.4406 1 2
-0.981648 -0.0310125 0.188163 0 -0.0114344 0.994485 0.104255 0 -0.190358 0.10019 -0.976589 0 -5509.48 56.1641 37.4406 1 2
-0.981648 -0.0310125 0.188163 0 -0.0114344 0.994485 0.104255 0 -0.190358 0.10019 -0.976589 0 -5509.48 56.1641 37.4406 1 2
-0.981648 -0.0310125 0.188163 0 -0.0114344 0.994485 0.104255 0 -0.190358 0.10019 -0.976589 0 -5509.48 56.1641 37.4406 1 2
-0.981648 -0.0310125 0.188163 0 -0.0114344 0.994485 0.104255 0 -0.190358 0.10019 -0.976589 0 -5509.48 56.1641 37.4406 1 2
-0.981648 -0.0310125 0.188163 0 -0.0114344 0.994485 0.104255 0 -0.190358 0.10019 -0.976589 0 -5509.48 56.1641 37.4406 1 2
-0.981648 -0.0310125 0.188163 0 -0.0114344 0.994485 0.104255 0 -0.190358 0.10019 -0.976589 0 -5509.48 56.1641 37.4406 1 2
-0.981648 -0.0310125 0.188163 0 -0.0114344 0.994485 0.104255 0 -0.190358 0.10019 -0.976589 0 -5509.48 56.1641 37.4406 1 2
-0.981648 -0.0310125 0.188163 0 -0.0114344 0.994485 0.104255 0 -0.190358 0.10019 -0.976589 0 -5509.48 56.1641 37.4406 1 2
-0.981648 -0.0310125 0.188163 0 -0.0114344 0.994485 0.104255 0 -0.190358 0.10019 -0.976589 0 -5509.48 56.1641 37.4406 1 2
-0.981648 -0.0310125 0.188163 0 -0.0114344 0.994485 0.104255 0 -0.190358 0.10019 -0.976589 0 -5509.48 56.1641 37.4406 1 2
-0.981648 -0.0310125 0.188163 0 -0.0114344 0.994485 0.104255 0 -0.190358 0.10019 -0.976589 0 -5509.48 56.1641 37.4406 1 2
-0.981648 -0.0310125 0.188163 0 -0.0114344 0.994485 0.104255 0 -0.190358 0.10019 -0.976589 0 -5509.48 56.1641 37.4406 1 2
-0.981648 -0.0310125 0.188163 0 -0.0114344 0.994485 0.104255 0 -0.190358 0.10019 -0.976589 0 -5509.48 56.1641 37.4406 1 2
-0.981648 -0.0310125 0.188163 0 -0.0114344 0.994485 0.104255 0 -0.190358 0.10019 -0.976589 0 -5509.48 56.1641 37.4406 1 2
-0.981648 -0.0310125 0.188163 0 -0.0114344 0.994485 0.104255 0 -0.190358 0.10019 -0.976589 0 -5509.48 56.1641 37.4406 1 2
-0.981648 -0.0310125 0.188163 0 -0.0114344 0.994485 0.104255 0 -0.190358 0.10019 -0.976589 0 -5509.48 56.1641 37.4406 1 2
-0.981648 -0.0310125 0.188163 0 -0.0114344 0.994485 0.104255 0 -0.190358 0.10019 -0.976589 0 -5509.48 56.1641 37.4406 1 2
-0.981648 -0.0310125 0.188163 0 -0.0114344 0.994485 0.104255 0 -0.190358 0.10019 -0.976589 0 -5509.48 56.1641 37.4406 1 2
-0.981648 -0.0310125 0.188163 0 -0.0114344 0.994485 0.104255 0 -0.190358 0.10019 -0.976589 0 -5509.48 56.1641 37.4406 1 2
-0.981648 -0.0310125 0.188163 0 -0.0114344 0.994485 0.104255 0 -0.190358 0.10019 -0.976589 0 -5509.48 56.1641 37.4406 1 2
-0.981648 -0.0310125 0.188163 0 -0.0114344 0.994485 0.104255 0 -0.190358 0.10019 -0.976589 0 -5509.48 56.1641 37.4406 1 2
-0.981648 -0.0310125 0.188163 0 -0.0114344 0.994485 0.104255 0 -0.190358 0.10019 -0.976589 0 -5509.48 56.1641 37.4406 1 2
-0.981648 -0.0310125 0.188163 0 -0.0114344 0.994485 0.104255 0 -0.190358 0.10019 -0.976589 0 -5509.48 56.1641 37.4406 1 2
-0.981648 -0.0310125 0.188163 0 -0.0114344 0.994485 0.104255 0 -0.190358 0.10019 -0.976589 0 -5509.48 56.1641 37.4406 1 2
-0.981648 -0.0310125 0.188163 0 -0.0114344 0.994485 0.104255 0 -0.190358 0.10019 -0.976589 0 -5509.48 56.1641 37.4406 1 2
-0.981648 -0.0310125 0.188163 0 -0.0114344 0.994485 0.104255 0 -0.190358 0.10019 -0.976589 0 -5509.48 56.1641 37.4406 1 2
-0.981648 -0.0310125 0.188163 0 -0.0114344 0.994485 0.104255 0 -0.190358 0.10019 -0.976589 0 -5509.48 56.1641 37.4406 1 2
-0.981648 -0.0310125 0.188163 0 -0.0114344 0.994485 0.104255 0 -0.190358 0.10019 -0.976589 0 -5509.48 56.1641 37.4406 1 2
-0.981648 -0.0310125 0.188163 0 -0.0114344 0.994485 0.104255 0 -0.190358 0.10019 -0.976589 0 -5509.48 56.1641 37.4406 1 2
-0.981648 -0.0310125 0.188163 0 -0.0114344 0.994485 0.104255 0 -0.190358 0.10019 -0.976589 0 -5509.48 56.1641 37.4406 1 2
-0.981648 -0.0310125 0.188163 0 -0.0114344 0.994485 0.104255 0 -0.190358 0.10019 -0.976589 0 -5509.48 56.1641 37.4406 1 2
-0.981648 -0.0310125 0.188163 0 -0.0114344 0.994485 0.104255 0 -0.190358 0.10019 -0.976589 0 -5509.48 56.1641 37.4406 1 2
-0.980927 -0.0510196 0.187563 0 -0.0298102 0.993009 0.114209 0 -0.192079 0.106439 -0.97559 0 -5509.57 -19.2283 46.2495 1 3
-0.979979 -0.0653407 0.188076 0 -0.0435101 0.992066 0.117949 0 -0.19429 0.107404 -0.975046 0 -5510.09 -82.2653 54.6904 1 3
-0.979027 -0.0750462 0.189406 0 -0.053046 0.991516 0.118666 0 -0.196705 0.10613 -0.974702 0 -5511.41 -132.224 61.9916 1 3
-0.978093 -0.0814934 0.191554 0 -0.0596563 0.991323 0.117131 0 -0.199437 0.103138 -0.974468 0 -5513.62 -171.535 70.3336 1 3
-0.977372 -0.0836536 0.194286 0 -0.0622315 0.991545 0.113868 0 -0.202169 0.099201 -0.974314 0 -5517.41 -195.848 80.237 1 3
-0.976879 -0.0812442 0.197755 0 -0.060163 0.992067 0.110378 0 -0.205153 0.0959284 -0.974017 0 -5523.83 -198.695 93.892 1 3
-0.976461 -0.0764898 0.201677 0 -0.0561588 0.992919 0.104679 0 -0.208256 0.0908892 -0.973842 0 -5530.49 -195.472 110.009 1 3
-0.976128 -0.0706591 0.205382 0 -0.0510156 0.993737 0.099419 0 -0.21112 0.0865679 -0.973619 0 -5537.56 -185.468 126.094 1 3
-0.975745 -0.0643255 0.209245 0 -0.0453477 0.994514 0.0942663 0 -0.214161 0.0824911 -0.973309 0 -5544.24 -169.65 143.281 1 3
-0.975308 -0.0580933 0.213069 0 -0.0395514 0.995131 0.0902786 0 -0.217276 0.0796223 -0.972857 0 -5550.68 -151.137 160.783 1 3
-0.974857 -0.0528043 0.216484 0 -0.0345854 0.995599 0.087101 0 -0.220131 0.0774238 -0.972393 0 -5556.73 -134.344 176.223 1 3
-0.974399 -0.0486028 0.219508 0 -0.0305093 0.995907 0.0850797 0 -0.222744 0.0762046 -0.971894 0 -5562.15 -119.997 189.452 1 3
-0.974009 -0.0451415 0.221967 0 -0.0271046 0.996127 0.0836455 0 -0.224883 0.0754551 -0.97146 0 -5566.92 -107.486 199.327 1 3
-0.973596 -0.0426413 0.224262 0 -0.0244912 0.99624 0.0831013 0 -0.226962 0.0754146 -0.970979 0 -5571.1 -98.1022 207.908 1 3
-0.973133 -0.0408126 0.226596 0 -0.0225407 0.996324 0.082647 0 -0.229136 0.0753189 -0.970476 0 -5574.73 -91.598 217.359 1 3
-0.972643 -0.0395059 0.228921 0 -0.0210467 0.996367 0.0825241 0 -0.231349 0.0754485 -0.969941 0 -5577.73 -86.4254 227.349 1 3
-0.972107 -0.0382347 0.231399 0 -0.0195876 0.996411 0.0823523 0 -0.233717 0.0755228 -0.969367 0 -5580.29 -81.3837 238.401 1 3
-0.971642 -0.0372673 0.233503 0 -0.0185273 0.996465 0.0819417 0 -0.235731 0.0752918 -0.968897 0 -5583.09 -77.7508 250.07 1 3
-0.971201 -0.036335 0.235474 0 -0.0174853 0.996508 0.0816496 0 -0.237618 0.0751809 -0.968445 0 -5585.47 -73.6469 260.915 1 3
-0.970817 -0.035457 0.237186 0 -0.0165204 0.996548 0.0813551 0 -0.239252 0.0750625 -0.968052 0 -5587.69 -70.0029 270.025 1 3
-0.970491 -0.0345929 0.238642 0 -0.0155895 0.996587 0.0810643 0 -0.240632 0.0749519 -0.967718 0 -5589.63 -66.7267 277.538 1 3
-0.970225 -0.0340787 0.239796 0 -0.0149854 0.996601 0.0810008 0 -0.241742 0.0749955 -0.967438 0 -5591.31 -64.6604 283.089 1 3
-0.96999 -0.0336366 0.240809 0 -0.014428 0.996602 0.0810907 0 -0.242718 0.0751828 -0.967179 0 -5592.83 -62.7363 287.69 1 3
-0.969843 -0.0332813 0.241447 0 -0.0139882 0.996601 0.0811847 0 -0.243328 0.075359 -0.967012 0 -5594.2 -61.2666 290.318 1 3
-0.969704 -0.0329726 0.242049 0 -0.0135868 0.996595 0.081327 0 -0.243906 0.0755744 -0.96685 0 -5595.34 -59.6635 292.344 1 3
-0.969582 -0.0326163 0.242586 0 -0.0131428 0.99659 0.081464 0 -0.244415 0.0757978 -0.966704 0 -5596.41 -57.7561 293.911 1 3
-0.969468 -0.03229 0.243083 0 -0.0127261 0.996582 0.0816266 0 -0.244888 0.0760409 -0.966565 0 -5597.45 -56.0815 295.153 1 3
-0.969364 -0.0319047 0.243549 0 -0.0122609 0.996577 0.0817503 0 -0.245324 0.0762596 -0.966437 0 -5598.36 -54.0009 296.27 1 3
-0.969237 -0.0316775 0.244081 0 -0.0119335 0.996565 0.0819493 0 -0.245839 0.0765155 -0.966286 0 -5599.1 -52.5852 297.866 1 3
-0.969135 -0.0316207 0.244495 0 -0.0118632 0.996573 0.0818637 0 -0.246246 0.0764365 -0.966189 0 -5599.77 -52.0745 299.275 1 3
-0.969051 -0.0315939 0.244832 0 -0.0118143 0.996575 0.0818398 0 -0.246579 0.0764144 -0.966105 0 -5600.46 -51.9092 300.222 1 3
-0.96898 -0.0315831 0.245114 0 -0.0117601 0.99657 0.0819191 0 -0.24686 0.0764954 -0.966027 0 -5601.11 -51.6603 300.636 1 3
-0.968904 -0.031603 0.245409 0 -0.0117523 0.996568 0.0819358 0 -0.247156 0.0765038 -0.965951 0 -5601.64 -51.7655 300.929 1 3
-0.968841 -0.0316319 0.245655 0 -0.0117639 0.996569 0.0819278 0 -0.247404 0.0764851 -0.965889 0 -5602.16 -52.0589 300.951 1 3
-0.968791 -0.0316703 0.245847 0 -0.0117829 0.996567 0.0819471 0 -0.247599 0.0764928 -0.965838 0 -5602.63 -52.2825 300.698 1 3
-0.968708 -0.0322788 0.246093 0 -0.012181 0.996495 0.0827566 0 -0.247902 0.0771693 -0.965707 0 -5604.02 -53.9611 298.722 1 3
-0.968679 -0.0326387 0.246162 0 -0.0123777 0.996438 0.0834099 0 -0.248008 0.0777505 -0.965633 0 -5605.05 -54.5152 296.851 1 3
-0.968628 -0.0329496 0.246323 0 -0.012563 0.996397 0.0838818 0 -0.248199 0.0781557 -0.965551 0 -5605.88 -55.0043 295.978 1 3
-0.968561 -0.0331108 0.246562 0 -0.0126385 0.996372 0.0841556 0 -0.248454 0.0783937 -0.965466 0 -5606.56 -55.1369 295.751 1 3
-0.968488 -0.0331718 0.246841 0 -0.0126213 0.996354 0.0843755 0 -0.24874 0.0786012 -0.965376 0 -5607.15 -55.0127 296.034 1 3
-0.968411 -0.0332413 0.247134 0 -0.0126082 0.996335 0.0846082 0 -0.249041 0.0788196 -0.96528 0 -5607.59 -55.0596 296.53 1 3
-0.968333 -0.0333412 0.247425 0 -0.0126567 0.996324 0.0847234 0 -0.24934 0.0789089 -0.965196 0 -5607.99 -55.2294 296.98 1 3
-0.968248 -0.0333768 0.247754 0 -0.0126478 0.996318 0.0847925 0 -0.249672 0.0789667 -0.965105 0 -5608.31 -55.4422 297.729 1 3
-0.968192 -0.0334453 0.247964 0 -0.012682 0.996312 0.0848647 0 -0.249887 0.0790206 -0.965045 0 -5608.64 -55.6913 298.165 1 3
-0.968151 -0.0335284 0.248111 0 -0.0127378 0.996305 0.0849312 0 -0.250042 0.0790658 -0.965001 0 -5608.92 -55.9866 298.408 1 3
