0.204944 0 0.978774 0 0 1 0 0 -0.978774 0 0.204944 0 -1465.65 0 538.751 1 0
0.204944 0 0.978774 0 0 1 0 0 -0.978774 0 0.204944 0 -1465.65 0 538.751 1 0
0.204944 0 0.978774 0 0 1 0 0 -0.978774 0 0.204944 0 -1465.65 0 538.751 1 0
0.204944 0 0.978774 0 0 1 0 0 -0.978774 0 0.204944 0 -1465.65 0 538.751 1 0
0.204944 0 0.978774 0 0 1 0 0 -0.978774 0 0.204944 0 -1465.65 0 538.751 1 0
0.204944 0 0.978774 0 0 1 0 0 -0.978774 0 0.204944 0 -1465.65 0 538.751 1 0
0.204944 0 0.978774 0 0 1 0 0 -0.978774 0 0.204944 0 -1465.65 0 538.751 1 0
0.204944 0 0.978774 0 0 1 0 0 -0.978774 0 0.204944 0 -1465.65 0 538.751 1 0
0.204944 0 0.978774 0 0 1 0 0 -0.978774 0 0.204944 0 -1465.65 0 538.751 1 0
0.204944 0 0.978774 0 0 1 0 0 -0.978774 0 0.204944 0 -1465.65 0 538.751 1 0
0.204944 0 0.978774 0 0 1 0 0 -0.978774 0 0.204944 0 -1465.65 0 538.751 1 0
0.204944 0 0.978774 0 0 1 0 0 -0.978774 0 0.204944 0 -1465.65 0 538.751 1 0
0.204944 0 0.978774 0 0 1 0 0 -0.978774 0 0.204944 0 -1465.65 0 538.751 1 0
0.204944 0 0.978774 0 0 1 0 0 -0.978774 0 0.204944 0 -1465.65 0 538.751 1 0
0.204944 0 0.978774 0 0 1 0 0 -0.978774 0 0.204944 0 -1465.65 0 538.751 1 0
0.204944 0 0.978774 0 0 1 0 0 -0.978774 0 0.204944 0 -1465.65 0 538.751 1 0
0.204944 0 0.978774 0 0 1 0 0 -0.978774 0 0.204944 0 -1465.65 0 538.751 1 0
0.204944 0 0.978774 0 0 1 0 0 -0.978774 0 0.204944 0 -1465.65 0 538.751 1 0
0.204944 0 0.978774 0 0 1 0 0 -0.978774 0 0.204944 0 -1465.65 0 538.751 1 0
0.204944 0 0.978774 0 0 1 0 0 -0.978774 0 0.204944 0 -1465.65 0 538.751 1 0
0.204944 0 0.978774 0 0 1 0 0 -0.978774 0 0.204944 0 -1465.65 0 538.751 1 0
0.204944 0 0.978774 0 0 1 0 0 -0.978774 0 0.204944 0 -1465.65 0 538.751 1 0
0.204944 0 0.978774 0 0 1 0 0 -0.978774 0 0.204944 0 -1465.65 0 538.751 1 0
0.204944 0 0.978774 0 0 1 0 0 -0.978774 0 0.204944 0 -1465.65 0 538.751 1 0
0.204944 0 0.978774 0 0 1 0 0 -0.978774 0 0.204944 0 -1465.65 0 538.751 1 0
0.204944 0 0.978774 0 0 1 0 0 -0.978774 0 0.204944 0 -1465.65 0 538.751 1 0
0.239715 -0.0271114 0.970465 0 -0.00805112 0.99952 0.0299118 0 -0.97081 -0.0149836 0.239381 0 -1166.49 -17.6439 1011.24 1 1
0.234768 -0.0262747 0.971696 0 -0.0124697 0.999471 0.0300384 0 -0.971972 -0.0191688 0.234316 0 -1169.87 -21.5382 1056.05 1 1
0.234768 -0.0262747 0.971696 0 -0.0124697 0.999471 0.0300384 0 -0.971972 -0.0191688 0.234316 0 -1169.87 -21.5382 1056.05 1 2
0.234768 -0.0262747 0.971696 0 -0.0124697 0.999471 0.0300384 0 -0.971972 -0.0191688 0.234316 0 -1169.87 -21.5382 1056.05 1 2
0.234768 -0.0262747 0.971696 0 -0.0124697 0.999471 0.0300384 0 -0.971972 -0.0191688 0.234316 0 -1169.87 -21.5382 1056.05 1 2
0.234768 -0.0262747 0.971696 0 -0.0124697 0.999471 0.0300384 0 -0.971972 -0.0191688 0.234316 0 -1169.87 -21.5382 1056.05 1 2
0.234768 -0.0262747 0.971696 0 -0.0124697 0.999471 0.0300384 0 -0.971972 -0.0191688 0.234316 0 -1169.87 -21.5382 1056.05 1 2
0.234768 -0.0262747 0.971696 0 -0.0124697 0.999471 0.0300384 0 -0.971972 -0.0191688 0.234316 0 -1169.87 -21.5382 1056.05 1 2
0.234768 -0.0262747 0.971696 0 -0.0124697 0.999471 0.0300384 0 -0.971972 -0.0191688 0.234316 0 -1169.87 -21.5382 1056.05 1 2
0.234768 -0.0262747 0.971696 0 -0.0124697 0.999471 0.0300384 0 -0.971972 -0.0191688 0.234316 0 -1169.87 -21.5382 1056.05 1 2
0.234768 -0.0262747 0.971696 0 -0.0124697 0.999471 0.0300384 0 -0.971972 -0.0191688 0.234316 0 -1169.87 -21.5382 1056.05 1 2
0.234768 -0.0262747 0.971696 0 -0.0124697 0.999471 0.0300384 0 -0.971972 -0.0191688 0.234316 0 -1169.87 -21.5382 1056.05 1 2
0.234768 -0.0262747 0.971696 0 -0.0124697 0.999471 0.0300384 0 -0.971972 -0.0191688 0.234316 0 -1169.87 -21.5382 1056.05 1 2
0.234768 -0.0262747 0.971696 0 -0.0124697 0.999471 0.0300384 0 -0.971972 -0.0191688 0.234316 0 -1169.87 -21.5382 1056.05 1 2
0.234768 -0.0262747 0.971696 0 -0.0124697 0.999471 0.0300384 0 -0.971972 -0.0191688 0.234316 0 -1169.87 -21.5382 1056.05 1 2
0.234768 -0.0262747 0.971696 0 -0.0124697 0.999471 0.0300384 0 -0.971972 -0.0191688 0.234316 0 -1169.87 -21.5382 1056.05 1 2
0.234768 -0.0262747 0.971696 0 -0.0124697 0.999471 0.0300384 0 -0.971972 -0.0191688 0.234316 0 -1169.87 -21.5382 1056.05 1 2
0.234768 -0.0262747 0.971696 0 -0.0124697 0.999471 0.0300384 0 -0.971972 -0.0191688 0.234316 0 -1169.87 -21.5382 1056.05 1 2
0.234768 -0.0262747 0.971696 0 -0.0124697 0.999471 0.0300384 0 -0.971972 -0.0191688 0.234316 0 -1169.87 -21.5382 1056.05 1 2
0.234768 -0.0262747 0.971696 0 -0.0124697 0.999471 0.0300384 0 -0.971972 -0.0191688 0.234316 0 -1169.87 -21.5382 1056.05 1 2
0.234768 -0.0262747 0.971696 0 -0.0124697 0.999471 0.0300384 0 -0.971972 -0.0191688 0.234316 0 -1169.87 -21.5382 1056.05 1 2
0.234768 -0.0262747 0.971696 0 -0.0124697 0.999471 0.0300384 0 -0.971972 -0.0191688 0.234316 0 -1169.87 -21.5382 1056.05 1 2
0.234768 -0.0262747 0.971696 0 -0.0124697 0.999471 0.0300384 0 -0.971972 -0.0191688 0.234316 0 -1169.87 -21.5382 1056.05 1 2
0.234768 -0.0262747 0.971696 0 -0.0124697 0.999471 0.0300384 0 -0.971972 -0.0191688 0.234316 0 -1169.87 -21.5382 1056.05 1 2
0.234768 -0.0262747 0.971696 0 -0.0124697 0.999471 0.0300384 0 -0.971972 -0.0191688 0.234316 0 -1169.87 -21.5382 1056.05 1 2
0.234768 -0.0262747 0.971696 0 -0.0124697 0.999471 0.0300384 0 -0.971972 -0.0191688 0.234316 0 -1169.87 -21.5382 1056.05 1 2
0.234768 -0.0262747 0.971696 0 -0.0124697 0.999471 0.0300384 0 -0.971972 -0.0191688 0.234316 0 -1169.87 -21.5382 1056.05 1 2
0.234768 -0.0262747 0.971696 0 -0.0124697 0.999471 0.0300384 0 -0.971972 -0.0191688 0.234316 0 -1169.87 -21.5382 1056.05 1 2
0.234768 -0.0262747 0.971696 0 -0.0124697 0.999471 0.0300384 0 -0.971972 -0.0191688 0.234316 0 -1169.87 -21.5382 1056.05 1 2
0.234768 -0.0262747 0.971696 0 -0.0124697 0.999471 0.0300384 0 -0.971972 -0.0191688 0.234316 0 -1169.87 -21.5382 1056.05 1 2
0.234768 -0.0262747 0.971696 0 -0.0124697 0.999471 0.0300384 0 -0.971972 -0.0191688 0.234316 0 -1169.87 -21.5382 1056.05 1 2
0.234768 -0.0262747 0.971696 0 -0.0124697 0.999471 0.0300384 0 -0.971972 -0.0191688 0.234316 0 -1169.87 -21.5382 1056.05 1 2
0.234768 -0.0262747 0.971696 0 -0.0124697 0.999471 0.0300384 0 -0.971972 -0.0191688 0.234316 0 -1169.87 -21.5382 1056.05 1 2
0.234768 -0.0262747 0.971696 0 -0.0124697 0.999471 0.0300384 0 -0.971972 -0.0191688 0.234316 0 -1169.87 -21.5382 1056.05 1 2
0.234768 -0.0262747 0.971696 0 -0.0124697 0.999471 0.0300384 0 -0.971972 -0.0191688 0.234316 0 -1169.87 -21.5382 1056.05 1 2
0.234768 -0.0262747 0.971696 0 -0.0124697 0.999471 0.0300384 0 -0.971972 -0.0191688 0.234316 0 -1169.87 -21.5382 1056.05 1 2
0.234768 -0.0262747 0.971696 0 -0.0124697 0.999471 0.0300384 0 -0.971972 -0.0191688 0.234316 0 -1169.87 -21.5382 1056.05 1 2
0.234768 -0.0262747 0.971696 0 -0.0124697 0.999471 0.0300384 0 -0.971972 -0.0191688 0.234316 0 -1169.87 -21.5382 1056.05 1 2
0.234768 -0.0262747 0.971696 0 -0.0124697 0.999471 0.0300384 0 -0.971972 -0.0191688 0.234316 0 -1169.87 -21.5382 1056.05 1 2
0.234768 -0.0262747 0.971696 0 -0.0124697 0.999471 0.0300384 0 -0.971972 -0.0191688 0.234316 0 -1169.87 -21.5382 1056.05 1 2
0.234768 -0.0262747 0.971696 0 -0.0124697 0.999471 0.0300384 0 -0.971972 -0.0191688 0.234316 0 -1169.87 -21.5382 1056.05 1 2
0.234768 -0.0262747 0.971696 0 -0.0124697 0.999471 0.0300384 0 -0.971972 -0.0191688 0.234316 0 -1169.87 -21.5382 1056.05 1 2
0.234768 -0.0262747 0.971696 0 -0.0124697 0.999471 0.0300384 0 -0.971972 -0.0191688 0.234316 0 -1169.87 -21.5382 1056.05 1 2
0.234768 -0.0262747 0.971696 0 -0.0124697 0.999471 0.0300384 0 -0.971972 -0.0191688 0.234316 0 -1169.87 -21.5382 1056.05 1 2
0.234768 -0.0262747 0.971696 0 -0.0124697 0.999471 0.0300384 0 -0.971972 -0.0191688 0.234316 0 -1169.87 -21.5382 1056.05 1 2
0.234768 -0.0262747 0.971696 0 -0.0124697 0.999471 0.0300384 0 -0.971972 -0.0191688 0.234316 0 -1169.87 -21.5382 1056.05 1 2
0.234768 -0.0262747 0.971696 0 -0.0124697 0.999471 0.0300384 0 -0.971972 -0.0191688 0.234316 0 -1169.87 -21.5382 1056.05 1 2
0.234768 -0.0262747 0.971696 0 -0.0124697 0.999471 0.0300384 0 -0.971972 -0.0191688 0.234316 0 -1169.87 -21.5382 1056.05 1 2
0.234768 -0.0262747 0.971696 0 -0.0124697 0.999471 0.0300384 0 -0.971972 -0.0191688 0.234316 0 -1169.87 -21.5382 1056.05 1 2
0.234768 -0.0262747 0.971696 0 -0.0124697 0.999471 0.0300384 0 -0.971972 -0.0191688 0.234316 0 -1169.87 -21.5382 1056.05 1 2
0.234768 -0.0262747 0.971696 0 -0.0124697 0.999471 0.0300384 0 -0.971972 -0.0191688 0.234316 0 -1169.87 -21.5382 1056.05 1 2
0.234768 -0.0262747 0.971696 0 -0.0124697 0.999471 0.0300384 0 -0.971972 -0.0191688 0.234316 0 -1169.87 -21.5382 1056.05 1 2
0.234768 -0.0262747 0.971696 0 -0.0124697 0.999471 0.0300384 0 -0.971972 -0.0191688 0.234316 0 -1169.87 -21.5382 1056.05 1 2
0.234768 -0.0262747 0.971696 0 -0.0124697 0.999471 0.0300384 0 -0.971972 -0.0191688 0.234316 0 -1169.87 -21.5382 1056.05 1 2
0.234768 -0.0262747 0.971696 0 -0.0124697 0.999471 0.0300384 0 -0.971972 -0.0191688 0.234316 0 -1169.87 -21.5382 1056.05 1 2
0.234768 -0.0262747 0.971696 0 -0.0124697 0.999471 0.0300384 0 -0.971972 -0.0191688 0.234316 0 -1169.87 -21.5382 1056.05 1 2
0.234768 -0.0262747 0.971696 0 -0.0124697 0.999471 0.0300384 0 -0.971972 -0.0191688 0.234316 0 -1169.87 -21.5382 1056.05 1 2
0.234768 -0.0262747 0.971696 0 -0.0124697 0.999471 0.0300384 0 -0.971972 -0.0191688 0.234316 0 -1169.87 -21.5382 1056.05 1 2
0.234768 -0.0262747 0.971696 0 -0.0124697 0.999471 0.0300384 0 -0.971972 -0.0191688 0.234316 0 -1169.87 -21.5382 1056.05 1 2
0.234768 -0.0262747 0.971696 0 -0.0124697 0.999471 0.0300384 0 -0.971972 -0.0191688 0.234316 0 -1169.87 -21.5382 1056.05 1 2
0.234768 -0.0262747 0.971696 0 -0.0124697 0.999471 0.0300384 0 -0.971972 -0.0191688 0.234316 0 -1169.87 -21.5382 1056.05 1 2
0.234768 -0.0262747 0.971696 0 -0.0124697 0.999471 0.0300384 0 -0.971972 -0.0191688 0.234316 0 -1169.87 -21.5382 1056.05 1 2
0.234768 -0.0262747 0.971696 0 -0.0124697 0.999471 0.0300384 0 -0.971972 -0.0191688 0.234316 0 -1169.87 -21.5382 1056.05 1 2
0.234768 -0.0262747 0.971696 0 -0.0124697 0.999471 0.0300384 0 -0.971972 -0.0191688 0.234316 0 -1169.87 -21.5382 1056.05 1 2
0.234768 -0.0262747 0.971696 0 -0.0124697 0.999471 0.0300384 0 -0.971972 -0.0191688 0.234316 0 -1169.87 -21.5382 1056.05 1 2
0.234768 -0.0262747 0.971696 0 -0.0124697 0.999471 0.0300384 0 -0.971972 -0.0191688 0.234316 0 -1169.87 -21.5382 1056.05 1 2
0.234768 -0.0262747 0.971696 0 -0.0124697 0.999471 0.0300384 0 -0.971972 -0.0191688 0.234316 0 -1169.87 -21.5382 1056.05 1 2
0.234768 -0.0262747 0.971696 0 -0.0124697 0.999471 0.0300384 0 -0.971972 -0.0191688 0.234316 0 -1169.87 -21.5382 1056.05 1 2
0.234768 -0.0262747 0.971696 0 -0.0124697 0.999471 0.0300384 0 -0.971972 -0.0191688 0.234316 0 -1169.87 -21.5382 1056.05 1 2
0.234768 -0.0262747 0.971696 0 -0.0124697 0.999471 0.0300384 0 -0.971972 -0.0191688 0.234316 0 -1169.87 -21.5382 1056.05 1 2
0.234768 -0.0262747 0.971696 0 -0.0124697 0.999471 0.0300384 0 -0.971972 -0.0191688 0.234316 0 -1169.87 -21.5382 1056.05 1 2
0.234768 -0.0262747 0.971696 0 -0.0124697 0.999471 0.0300384 0 -0.971972 -0.0191688 0.234316 0 -1169.87 -21.5382 1056.05 1 2
0.234768 -0.0262747 0.971696 0 -0.0124697 0.999471 0.0300384 0 -0.971972 -0.0191688 0.234316 0 -1169.87 -21.5382 1056.05 1 2
0.234768 -0.0262747 0.971696 0 -0.0124697 0.999471 0.0300384 0 -0.971972 -0.0191688 0.234316 0 -1169.87 -21.5382 1056.05 1 2
0.234768 -0.0262747 0.971696 0 -0.0124697 0.999471 0.0300384 0 -0.971972 -0.0191688 0.234316 0 -1169.87 -21.5382 1056.05 1 2
0.234768 -0.0262747 0.971696 0 -0.0124697 0.999471 0.0300384 0 -0.971972 -0.0191688 0.234316 0 -1169.87 -21.5382 1056.05 1 2
0.234768 -0.0262747 0.971696 0 -0.0124697 0.999471 0.0300384 0 -0.971972 -0.0191688 0.234316 0 -1169.87 -21.5382 1056.05 1 2
0.234768 -0.0262747 0.971696 0 -0.0124697 0.999471 0.0300384 0 -0.971972 -0.0191688 0.234316 0 -1169.87 -21.5382 1056.05 1 2
0.234768 -0.0262747 0.971696 0 -0.0124697 0.999471 0.0300384 0 -0.971972 -0.0191688 0.234316 0 -1169.87 -21.5382 1056.05 1 2
0.234768 -0.0262747 0.971696 0 -0.0124697 0.999471 0.0300384 0 -0.971972 -0.0191688 0.234316 0 -1169.87 -21.5382 1056.05 1 2
0.234768 -0.0262747 0.971696 0 -0.0124697 0.999471 0.0300384 0 -0.971972 -0.0191688 0.234316 0 -1169.87 -21.5382 1056.05 1 2
0.234768 -0.0262747 0.971696 0 -0.0124697 0.999471 0.0300384 0 -0.971972 -0.0191688 0.234316 0 -1169.87 -21.5382 1056.05 1 2
0.234768 -0.0262747 0.971696 0 -0.0124697 0.999471 0.0300384 0 -0.971972 -0.0191688 0.234316 0 -1169.87 -21.5382 1056.05 1 2
0.234768 -0.0262747 0.971696 0 -0.0124697 0.999471 0.0300384 0 -0.971972 -0.0191688 0.234316 0 -1169.87 -21.5382 1056.05 1 2
0.234768 -0.0262747 0.971696 0 -0.0124697 0.999471 0.0300384 0 -0.971972 -0.0191688 0.234316 0 -1169.87 -21.5382 1056.05 1 2
0.234768 -0.0262747 0.971696 0 -0.0124697 0.999471 0.0300384 0 -0.971972 -0.0191688 0.234316 0 -1169.87 -21.5382 1056.05 1 2
0.234768 -0.0262747 0.971696 0 -0.0124697 0.999471 0.0300384 0 -0.971972 -0.0191688 0.234316 0 -1169.87 -21.5382 1056.05 1 2
0.234768 -0.0262747 0.971696 0 -0.0124697 0.999471 0.0300384 0 -0.971972 -0.0191688 0.234316 0 -1169.87 -21.5382 1056.05 1 2
0.234768 -0.0262747 0.971696 0 -0.0124697 0.999471 0.0300384 0 -0.971972 -0.0191688 0.234316 0 -1169.87 -21.5382 1056.05 1 2
0.234768 -0.0262747 0.971696 0 -0.0124697 0.999471 0.0300384 0 -0.971972 -0.0191688 0.234316 0 -1169.87 -21.5382 1056.05 1 2
0.234768 -0.0262747 0.971696 0 -0.0124697 0.999471 0.0300384 0 -0.971972 -0.0191688 0.234316 0 -1169.87 -21.5382 1056.05 1 2
0.234768 -0.0262747 0.971696 0 -0.0124697 0.999471 0.0300384 0 -0.971972 -0.0191688 0.234316 0 -1169.87 -21.5382 1056.05 1 2
0.234768 -0.0262747 0.971696 0 -0.0124697 0.999471 0.0300384 0 -0.971972 -0.0191688 0.234316 0 -1169.87 -21.5382 1056.05 1 2
0.234768 -0.0262747 0.971696 0 -0.0124697 0.999471 0.0300384 0 -0.971972 -0.0191688 0.234316 0 -1169.87 -21.5382 1056.05 1 2
0.234768 -0.0262747 0.971696 0 -0.0124697 0.999471 0.0300384 0 -0.971972 -0.0191688 0.234316 0 -1169.87 -21.5382 1056.05 1 2
0.234768 -0.0262747 0.971696 0 -0.0124697 0.999471 0.0300384 0 -0.971972 -0.0191688 0.234316 0 -1169.87 -21.5382 1056.05 1 2
0.234768 -0.0262747 0.971696 0 -0.0124697 0.999471 0.0300384 0 -0.971972 -0.0191688 0.234316 0 -1169.87 -21.5382 1056.05 1 2
0.234768 -0.0262747 0.971696 0 -0.0124697 0.999471 0.0300384 0 -0.971972 -0.0191688 0.234316 0 -1169.87 -21.5382 1056.05 1 2
0.234768 -0.0262747 0.971696 0 -0.0124697 0.999471 0.0300384 0 -0.971972 -0.0191688 0.234316 0 -1169.87 -21.5382 1056.05 1 2
0.234768 -0.0262747 0.971696 0 -0.0124697 0.999471 0.0300384 0 -0.971972 -0.0191688 0.234316 0 -1169.87 -21.5382 1056.05 1 2
0.234768 -0.0262747 0.971696 0 -0.0124697 0.999471 0.0300384 0 -0.971972 -0.0191688 0.234316 0 -1169.87 -21.5382 1056.05 1 2
0.234768 -0.0262747 0.971696 0 -0.0124697 0.999471 0.0300384 0 -0.971972 -0.0191688 0.234316 0 -1169.87 -21.5382 1056.05 1 2
0.238453 -0.0236233 0.970867 0 -0.0209546 0.999346 0.0294629 0 -0.970928 -0.0273697 0.237803 0 -1166.73 -34.8707 1059.15 1 3
0.241458 -0.0206596 0.970191 0 -0.0286049 0.999187 0.0283962 0 -0.96999 -0.0346087 0.240671 0 -1163.66 -43.7424 1061.56 1 3
0.243606 -0.0177137 0.969712 0 -0.0349417 0.999024 0.027027 0 -0.969245 -0.0404674 0.242749 0 -1161.05 -49.7635 1063.59 1 3
0.245444 -0.0147042 0.969299 0 -0.039889 0.998885 0.0252536 0 -0.96859 -0.0448628 0.244584 0 -1158.94 -53.8685 1065.57 1 3
0.247108 -0.0121985 0.968911 0 -0.0426973 0.998812 0.0234644 0 -0.968047 -0.0471681 0.246293 0 -1157.5 -56.2046 1067.45 1 3
0.249024 -0.0112599 0.968432 0 -0.0422402 0.998855 0.0224753 0 -0.967576 -0.0465036 0.248263 0 -1157.07 -55.5557 1069.18 1 3
0.251032 -0.00988805 0.967928 0 -0.0407854 0.998952 0.0207827 0 -0.967119 -0.0446945 0.250365 0 -1156.75 -53.7985 1071.27 1 3
0.252878 -0.00937926 0.967453 0 -0.0384366 0.999066 0.0197325 0 -0.966734 -0.0421755 0.252282 0 -1157.06 -51.8214 1073.46 1 3
0.254681 -0.0085342 0.966988 0 -0.0352134 0.999216 0.018093 0 -0.966384 -0.0386588 0.254181 0 -1157.08 -49.1818 1076.25 1 3
0.256612 -0.00830556 0.966479 0 -0.0317657 0.99935 0.0170222 0 -0.965992 -0.035069 0.256181 0 -1157.16 -46.3574 1079 1 3
0.258301 -0.00835025 0.966028 0 -0.0284738 0.999462 0.0162527 0 -0.965645 -0.0317046 0.257924 0 -1157.77 -44.2003 1081.14 1 3
0.259664 -0.00863938 0.96566 0 -0.0257714 0.999542 0.0158724 0 -0.965355 -0.0290079 0.259322 0 -1158.61 -42.6348 1082.91 1 3
0.260489 -0.00887719 0.965436 0 -0.0236204 0.9996 0.0155645 0 -0.965188 -0.0268584 0.260175 0 -1159.5 -41.129 1084.21 1 3
0.261151 -0.00933439 0.965253 0 -0.0221276 0.999633 0.0156535 0 -0.965044 -0.0254466 0.260849 0 -1160.14 -40.2605 1085.13 1 3
0.261989 -0.00958135 0.965023 0 -0.0211673 0.999653 0.0156718 0 -0.964839 -0.0245328 0.261695 0 -1160.41 -39.6718 1086.11 1 3
0.263027 -0.00977488 0.964739 0 -0.020423 0.999668 0.0156969 0 -0.964572 -0.0238316 0.26274 0 -1160.37 -39.0947 1087.21 1 3
0.264375 -0.0100963 0.964367 0 -0.0195187 0.999684 0.015817 0 -0.964222 -0.0230049 0.264095 0 -1160 -38.6071 1088.33 1 3
0.266496 -0.00966057 0.963788 0 -0.0188741 0.999706 0.0152395 0 -0.963651 -0.0222519 0.266235 0 -1161.12 -38.0668 1090.12 1 3
0.268325 -0.00949239 0.963282 0 -0.0181618 0.999724 0.0149105 0 -0.963157 -0.0214958 0.268079 0 -1161.82 -37.3381 1091.67 1 3
0.26983 -0.00938254 0.962862 0 -0.0175002 0.99974 0.0146461 0 -0.962749 -0.0208022 0.269596 0 -1162.51 -36.6545 1092.74 1 3
0.270987 -0.00938578 0.962537 0 -0.016946 0.999751 0.0145195 0 -0.962434 -0.0202458 0.27076 0 -1162.93 -36.125 1093.61 1 3
0.271744 -0.0094259 0.962323 0 -0.0166123 0.999757 0.0144836 0 -0.962226 -0.0199222 0.271521 0 -1163.35 -35.8148 1094.1 1 3
0.272354 -0.0095553 0.96215 0 -0.0163374 0.999761 0.0145534 0 -0.962058 -0.0196827 0.272133 0 -1163.63 -35.6869 1094.4 1 3
0.272612 -0.00973025 0.962075 0 -0.0161152 0.999762 0.0146778 0 -0.961989 -0.0195054 0.27239 0 -1164.01 -35.5998 1094.38 1 3
0.272777 -0.00985739 0.962027 0 -0.0159164 0.999764 0.0147571 0 -0.961946 -0.0193374 0.272556 0 -1164.19 -35.4739 1094.29 1 3
0.272868 -0.0100466 0.961999 0 -0.0155946 0.999768 0.0148644 0 -0.961925 -0.019058 0.272648 0 -1164.46 -35.2951 1094.1 1 3
0.272946 -0.0102256 0.961975 0 -0.0153515 0.99977 0.0149831 0 -0.961907 -0.0188573 0.272726 0 -1164.67 -35.1523 1093.81 1 3
0.273068 -0.0103373 0.961939 0 -0.0149959 0.999775 0.0150008 0 -0.961878 -0.0185214 0.272851 0 -1164.88 -35.0293 1093.52 1 3
0.273272 -0.0105427 0.961879 0 -0.0147453 0.999777 0.0151473 0 -0.961824 -0.0183226 0.273056 0 -1164.85 -34.9561 1093.29 1 3
0.273343 -0.0104504 0.96186 0 -0.014551 0.999782 0.0149975 0 -0.961807 -0.0180955 0.273131 0 -1164.92 -34.5893 1093.75 1 3
0.273336 -0.0104207 0.961862 0 -0.0145046 0.999783 0.0149533 0 -0.961809 -0.0180387 0.273126 0 -1165.04 -34.3069 1093.9 1 3
0.273236 -0.0104627 0.96189 0 -0.0144478 0.999783 0.0149789 0 -0.961839 -0.01799 0.273025 0 -1165.16 -34.2076 1093.87 1 3
0.273145 -0.0104684 0.961916 0 -0.0144832 0.999783 0.0149931 0 -0.961864 -0.0180269 0.272934 0 -1165.15 -34.1797 1093.76 1 3
0.273077 -0.0104128 0.961936 0 -0.0145755 0.999782 0.0149602 0 -0.961882 -0.018106 0.272866 0 -1165.12 -34.1983 1093.64 1 3
0.272992 -0.0104099 0.96196 0 -0.0146368 0.999781 0.0149729 0 -0.961905 -0.0181675 0.27278 0 -1165.12 -34.2478 1093.39 1 3
0.272614 -0.0108042 0.962063 0 -0.0150017 0.999768 0.0154786 0 -0.962007 -0.0186523 0.272388 0 -1165.55 -34.8019 1092.79 1 3
0.272276 -0.011092 0.962155 0 -0.0151789 0.99976 0.015821 0 -0.962099 -0.0189121 0.272043 0 -1165.92 -35.1002 1092.2 1 3
0.272099 -0.0112801 0.962203 0 -0.0153307 0.999754 0.0160557 0 -0.962147 -0.01912 0.271859 0 -1166.14 -35.3023 1091.84 1 3
0.27203 -0.0113494 0.962222 0 -0.0154547 0.99975 0.0161612 0 -0.962165 -0.0192672 0.271786 0 -1166.27 -35.4233 1091.6 1 3
0.272047 -0.0113929 0.962216 0 -0.0154793 0.999749 0.0162137 0 -0.962159 -0.0193053 0.271803 0 -1166.32 -35.4675 1091.42 1 3
0.272108 -0.0115186 0.962198 0 -0.0155054 0.999746 0.016353 0 -0.962142 -0.019369 0.27186 0 -1166.26 -35.5986 1091.26 1 3
0.272144 -0.0115497 0.962187 0 -0.0155513 0.999745 0.016399 0 -0.962131 -0.0194262 0.271895 0 -1166.2 -35.6367 1091.11 1 3
0.272223 -0.0115788 0.962164 0 -0.0155884 0.999743 0.0164414 0 -0.962108 -0.0194743 0.271973 0 -1166.06 -35.6907 1091.05 1 3
0.272253 -0.0116199 0.962155 0 -0.0156111 0.999742 0.0164912 0 -0.962099 -0.0195101 0.272002 0 -1165.99 -35.7614 1090.99 1 3
0.272254 -0.0116479 0.962155 0 -0.0156622 0.999741 0.0165347 0 -0.962098 -0.0195711 0.272001 0 -1165.95 -35.8267 1090.94 1 3
