0.615716 0 0.787968 0 0 1 0 0 -0.787968 0 0.615716 0 -688.052 0 297.232 1 0
0.615716 0 0.787968 0 0 1 0 0 -0.787968 0 0.615716 0 -688.052 0 297.232 1 0
0.615716 0 0.787968 0 0 1 0 0 -0.787968 0 0.615716 0 -688.052 0 297.232 1 0
0.615716 0 0.787968 0 0 1 0 0 -0.787968 0 0.615716 0 -688.052 0 297.232 1 0
0.615716 0 0.787968 0 0 1 0 0 -0.787968 0 0.615716 0 -688.052 0 297.232 1 0
0.615716 0 0.787968 0 0 1 0 0 -0.787968 0 0.615716 0 -688.052 0 297.232 1 0
0.615716 0 0.787968 0 0 1 0 0 -0.787968 0 0.615716 0 -688.052 0 297.232 1 0
0.615716 0 0.787968 0 0 1 0 0 -0.787968 0 0.615716 0 -688.052 0 297.232 1 0
0.615716 0 0.787968 0 0 1 0 0 -0.787968 0 0.615716 0 -688.052 0 297.232 1 0
0.615716 0 0.787968 0 0 1 0 0 -0.787968 0 0.615716 0 -688.052 0 297.232 1 0
0.615716 0 0.787968 0 0 1 0 0 -0.787968 0 0.615716 0 -688.052 0 297.232 1 0
0.615716 0 0.787968 0 0 1 0 0 -0.787968 0 0.615716 0 -688.052 0 297.232 1 0
0.625096 -0.0165121 0.780373 0 0.0105355 0.999864 0.0127172 0 -0.780477 0.000272138 0.625185 0 -558.184 -4.33624 482.271 1 1
0.636223 -0.0120064 0.771411 0 0.00865927 0.999927 0.00842137 0 -0.771456 0.00132199 0.636281 0 -542.427 -9.30168 522.356 1 1
0.636223 -0.0120064 0.771411 0 0.00865927 0.999927 0.00842137 0 -0.771456 0.00132199 0.636281 0 -542.427 -9.30168 522.356 1 2
0.636223 -0.0120064 0.771411 0 0.00865927 0.999927 0.00842137 0 -0.771456 0.00132199 0.636281 0 -542.427 -9.30168 522.356 1 2
0.636223 -0.0120064 0.771411 0 0.00865927 0.999927 0.00842137 0 -0.771456 0.00132199 0.636281 0 -542.427 -9.30168 522.356 1 2
0.636223 -0.0120064 0.771411 0 0.00865927 0.999927 0.00842137 0 -0.771456 0.00132199 0.636281 0 -542.427 -9.30168 522.356 1 2
0.636223 -0.0120064 0.771411 0 0.00865927 0.999927 0.00842137 0 -0.771456 0.00132199 0.636281 0 -542.427 -9.30168 522.356 1 2
0.636223 -0.0120064 0.771411 0 0.00865927 0.999927 0.00842137 0 -0.771456 0.00132199 0.636281 0 -542.427 -9.30168 522.356 1 2
0.636223 -0.0120064 0.771411 0 0.00865927 0.999927 0.00842137 0 -0.771456 0.00132199 0.636281 0 -542.427 -9.30168 522.356 1 2
0.636223 -0.0120064 0.771411 0 0.00865927 0.999927 0.00842137 0 -0.771456 0.00132199 0.636281 0 -542.427 -9.30168 522.356 1 2
0.636223 -0.0120064 0.771411 0 0.00865927 0.999927 0.00842137 0 -0.771456 0.00132199 0.636281 0 -542.427 -9.30168 522.356 1 2
0.636223 -0.0120064 0.771411 0 0.00865927 0.999927 0.00842137 0 -0.771456 0.00132199 0.636281 0 -542.427 -9.30168 522.356 1 2
0.636223 -0.0120064 0.771411 0 0.00865927 0.999927 0.00842137 0 -0.771456 0.00132199 0.636281 0 -542.427 -9.30168 522.356 1 2
0.636223 -0.0120064 0.771411 0 0.00865927 0.999927 0.00842137 0 -0.771456 0.00132199 0.636281 0 -542.427 -9.30168 522.356 1 2
0.636223 -0.0120064 0.771411 0 0.00865927 0.999927 0.00842137 0 -0.771456 0.00132199 0.636281 0 -542.427 -9.30168 522.356 1 2
0.636223 -0.0120064 0.771411 0 0.00865927 0.999927 0.00842137 0 -0.771456 0.00132199 0.636281 0 -542.427 -9.30168 522.356 1 2
0.636223 -0.0120064 0.771411 0 0.00865927 0.999927 0.00842137 0 -0.771456 0.00132199 0.636281 0 -542.427 -9.30168 522.356 1 2
0.636223 -0.0120064 0.771411 0 0.00865927 0.999927 0.00842137 0 -0.771456 0.00132199 0.636281 0 -542.427 -9.30168 522.356 1 2
0.636223 -0.0120064 0.771411 0 0.00865927 0.999927 0.00842137 0 -0.771456 0.00132199 0.636281 0 -542.427 -9.30168 522.356 1 2
0.636223 -0.0120064 0.771411 0 0.00865927 0.999927 0.00842137 0 -0.771456 0.00132199 0.636281 0 -542.427 -9.30168 522.356 1 2
0.636223 -0.0120064 0.771411 0 0.00865927 0.999927 0.00842137 0 -0.771456 0.00132199 0.636281 0 -542.427 -9.30168 522.356 1 2
0.636223 -0.0120064 0.771411 0 0.00865927 0.999927 0.00842137 0 -0.771456 0.00132199 0.636281 0 -542.427 -9.30168 522.356 1 2
0.636223 -0.0120064 0.771411 0 0.00865927 0.999927 0.00842137 0 -0.771456 0.00132199 0.636281 0 -542.427 -9.30168 522.356 1 2
0.636223 -0.0120064 0.771411 0 0.00865927 0.999927 0.00842137 0 -0.771456 0.00132199 0.636281 0 -542.427 -9.30168 522.356 1 2
0.636223 -0.0120064 0.771411 0 0.00865927 0.999927 0.00842137 0 -0.771456 0.00132199 0.636281 0 -542.427 -9.30168 522.356 1 2
0.636223 -0.0120064 0.771411 0 0.00865927 0.999927 0.00842137 0 -0.771456 0.00132199 0.636281 0 -542.427 -9.30168 522.356 1 2
0.636223 -0.0120064 0.771411 0 0.00865927 0.999927 0.00842137 0 -0.771456 0.00132199 0.636281 0 -542.427 -9.30168 522.356 1 2
0.636223 -0.0120064 0.771411 0 0.00865927 0.999927 0.00842137 0 -0.771456 0.00132199 0.636281 0 -542.427 -9.30168 522.356 1 2
0.636223 -0.0120064 0.771411 0 0.00865927 0.999927 0.00842137 0 -0.771456 0.00132199 0.636281 0 -542.427 -9.30168 522.356 1 2
0.636223 -0.0120064 0.771411 0 0.00865927 0.999927 0.00842137 0 -0.771456 0.00132199 0.636281 0 -542.427 -9.30168 522.356 1 2
0.636223 -0.0120064 0.771411 0 0.00865927 0.999927 0.00842137 0 -0.771456 0.00132199 0.636281 0 -542.427 -9.30168 522.356 1 2
0.636223 -0.0120064 0.771411 0 0.00865927 0.999927 0.00842137 0 -0.771456 0.00132199 0.636281 0 -542.427 -9.30168 522.356 1 2
0.636223 -0.0120064 0.771411 0 0.00865927 0.999927 0.00842137 0 -0.771456 0.00132199 0.636281 0 -542.427 -9.30168 522.356 1 2
0.636223 -0.0120064 0.771411 0 0.00865927 0.999927 0.00842137 0 -0.771456 0.00132199 0.636281 0 -542.427 -9.30168 522.356 1 2
0.636223 -0.0120064 0.771411 0 0.00865927 0.999927 0.00842137 0 -0.771456 0.00132199 0.636281 0 -542.427 -9.30168 522.356 1 2
0.636223 -0.0120064 0.771411 0 0.00865927 0.999927 0.00842137 0 -0.771456 0.00132199 0.636281 0 -542.427 -9.30168 522.356 1 2
0.636223 -0.0120064 0.771411 0 0.00865927 0.999927 0.00842137 0 -0.771456 0.00132199 0.636281 0 -542.427 -9.30168 522.356 1 2
0.636223 -0.0120064 0.771411 0 0.00865927 0.999927 0.00842137 0 -0.771456 0.00132199 0.636281 0 -542.427 -9.30168 522.356 1 2
0.636223 -0.0120064 0.771411 0 0.00865927 0.999927 0.00842137 0 -0.771456 0.00132199 0.636281 0 -542.427 -9.30168 522.356 1 2
0.636223 -0.0120064 0.771411 0 0.00865927 0.999927 0.00842137 0 -0.771456 0.00132199 0.636281 0 -542.427 -9.30168 522.356 1 2
0.636223 -0.0120064 0.771411 0 0.00865927 0.999927 0.00842137 0 -0.771456 0.00132199 0.636281 0 -542.427 -9.30168 522.356 1 2
0.636223 -0.0120064 0.771411 0 0.00865927 0.999927 0.00842137 0 -0.771456 0.00132199 0.636281 0 -542.427 -9.30168 522.356 1 2
0.636223 -0.0120064 0.771411 0 0.00865927 0.999927 0.00842137 0 -0.771456 0.00132199 0.636281 0 -542.427 -9.30168 522.356 1 2
0.636223 -0.0120064 0.771411 0 0.00865927 0.999927 0.00842137 0 -0.771456 0.00132199 0.636281 0 -542.427 -9.30168 522.356 1 2
0.636223 -0.0120064 0.771411 0 0.00865927 0.999927 0.00842137 0 -0.771456 0.00132199 0.636281 0 -542.427 -9.30168 522.356 1 2
0.636223 -0.0120064 0.771411 0 0.00865927 0.999927 0.00842137 0 -0.771456 0.00132199 0.636281 0 -542.427 -9.30168 522.356 1 2
0.636223 -0.0120064 0.771411 0 0.00865927 0.999927 0.00842137 0 -0.771456 0.00132199 0.636281 0 -542.427 -9.30168 522.356 1 2
0.636223 -0.0120064 0.771411 0 0.00865927 0.999927 0.00842137 0 -0.771456 0.00132199 0.636281 0 -542.427 -9.30168 522.356 1 2
0.636223 -0.0120064 0.771411 0 0.00865927 0.999927 0.00842137 0 -0.771456 0.00132199 0.636281 0 -542.427 -9.30168 522.356 1 2
0.636223 -0.0120064 0.771411 0 0.00865927 0.999927 0.00842137 0 -0.771456 0.00132199 0.636281 0 -542.427 -9.30168 522.356 1 2
0.636223 -0.0120064 0.771411 0 0.00865927 0.999927 0.00842137 0 -0.771456 0.00132199 0.636281 0 -542.427 -9.30168 522.356 1 2
0.636223 -0.0120064 0.771411 0 0.00865927 0.999927 0.00842137 0 -0.771456 0.00132199 0.636281 0 -542.427 -9.30168 522.356 1 2
0.636223 -0.0120064 0.771411 0 0.00865927 0.999927 0.00842137 0 -0.771456 0.00132199 0.636281 0 -542.427 -9.30168 522.356 1 2
0.636223 -0.0120064 0.771411 0 0.00865927 0.999927 0.00842137 0 -0.771456 0.00132199 0.636281 0 -542.427 -9.30168 522.356 1 2
0.636223 -0.0120064 0.771411 0 0.00865927 0.999927 0.00842137 0 -0.771456 0.00132199 0.636281 0 -542.427 -9.30168 522.356 1 2
0.636223 -0.0120064 0.771411 0 0.00865927 0.999927 0.00842137 0 -0.771456 0.00132199 0.636281 0 -542.427 -9.30168 522.356 1 2
0.636223 -0.0120064 0.771411 0 0.00865927 0.999927 0.00842137 0 -0.771456 0.00132199 0.636281 0 -542.427 -9.30168 522.356 1 2
0.636223 -0.0120064 0.771411 0 0.00865927 0.999927 0.00842137 0 -0.771456 0.00132199 0.636281 0 -542.427 -9.30168 522.356 1 2
0.636223 -0.0120064 0.771411 0 0.00865927 0.999927 0.00842137 0 -0.771456 0.00132199 0.636281 0 -542.427 -9.30168 522.356 1 2
0.636223 -0.0120064 0.771411 0 0.00865927 0.999927 0.00842137 0 -0.771456 0.00132199 0.636281 0 -542.427 -9.30168 522.356 1 2
0.636223 -0.0120064 0.771411 0 0.00865927 0.999927 0.00842137 0 -0.771456 0.00132199 0.636281 0 -542.427 -9.30168 522.356 1 2
0.636223 -0.0120064 0.771411 0 0.00865927 0.999927 0.00842137 0 -0.771456 0.00132199 0.636281 0 -542.427 -9.30168 522.356 1 2
0.636223 -0.0120064 0.771411 0 0.00865927 0.999927 0.00842137 0 -0.771456 0.00132199 0.636281 0 -542.427 -9.30168 522.356 1 2
0.636223 -0.0120064 0.771411 0 0.00865927 0.999927 0.00842137 0 -0.771456 0.00132199 0.636281 0 -542.427 -9.30168 522.356 1 2
0.636223 -0.0120064 0.771411 0 0.00865927 0.999927 0.00842137 0 -0.771456 0.00132199 0.636281 0 -542.427 -9.30168 522.356 1 2
0.636223 -0.0120064 0.771411 0 0.00865927 0.999927 0.00842137 0 -0.771456 0.00132199 0.636281 0 -542.427 -9.30168 522.356 1 2
0.636223 -0.0120064 0.771411 0 0.00865927 0.999927 0.00842137 0 -0.771456 0.00132199 0.636281 0 -542.427 -9.30168 522.356 1 2
0.636223 -0.0120064 0.771411 0 0.00865927 0.999927 0.00842137 0 -0.771456 0.00132199 0.636281 0 -542.427 -9.30168 522.356 1 2
0.636223 -0.0120064 0.771411 0 0.00865927 0.999927 0.00842137 0 -0.771456 0.00132199 0.636281 0 -542.427 -9.30168 522.356 1 2
0.636223 -0.0120064 0.771411 0 0.00865927 0.999927 0.00842137 0 -0.771456 0.00132199 0.636281 0 -542.427 -9.30168 522.356 1 2
0.636223 -0.0120064 0.771411 0 0.00865927 0.999927 0.00842137 0 -0.771456 0.00132199 0.636281 0 -542.427 -9.30168 522.356 1 2
0.636223 -0.0120064 0.771411 0 0.00865927 0.999927 0.00842137 0 -0.771456 0.00132199 0.636281 0 -542.427 -9.30168 522.356 1 2
0.636223 -0.0120064 0.771411 0 0.00865927 0.999927 0.00842137 0 -0.771456 0.00132199 0.636281 0 -542.427 -9.30168 522.356 1 2
0.636223 -0.0120064 0.771411 0 0.00865927 0.999927 0.00842137 0 -0.771456 0.00132199 0.636281 0 -542.427 -9.30168 522.356 1 2
0.636223 -0.0120064 0.771411 0 0.00865927 0.999927 0.00842137 0 -0.771456 0.00132199 0.636281 0 -542.427 -9.30168 522.356 1 2
0.636223 -0.0120064 0.771411 0 0.00865927 0.999927 0.00842137 0 -0.771456 0.00132199 0.636281 0 -542.427 -9.30168 522.356 1 2
0.636223 -0.0120064 0.771411 0 0.00865927 0.999927 0.00842137 0 -0.771456 0.00132199 0.636281 0 -542.427 -9.30168 522.356 1 2
0.636223 -0.0120064 0.771411 0 0.00865927 0.999927 0.00842137 0 -0.771456 0.00132199 0.636281 0 -542.427 -9.30168 522.356 1 2
0.636223 -0.0120064 0.771411 0 0.00865927 0.999927 0.00842137 0 -0.771456 0.00132199 0.636281 0 -542.427 -9.30168 522.356 1 2
0.636223 -0.0120064 0.771411 0 0.00865927 0.999927 0.00842137 0 -0.771456 0.00132199 0.636281 0 -542.427 -9.30168 522.356 1 2
0.636223 -0.0120064 0.771411 0 0.00865927 0.999927 0.00842137 0 -0.771456 0.00132199 0.636281 0 -542.427 -9.30168 522.356 1 2
0.636223 -0.0120064 0.771411 0 0.00865927 0.999927 0.00842137 0 -0.771456 0.00132199 0.636281 0 -542.427 -9.30168 522.356 1 2
0.636223 -0.0120064 0.771411 0 0.00865927 0.999927 0.00842137 0 -0.771456 0.00132199 0.636281 0 -542.427 -9.30168 522.356 1 2
0.636223 -0.0120064 0.771411 0 0.00865927 0.999927 0.00842137 0 -0.771456 0.00132199 0.636281 0 -542.427 -9.30168 522.356 1 2
0.636223 -0.0120064 0.771411 0 0.00865927 0.999927 0.00842137 0 -0.771456 0.00132199 0.636281 0 -542.427 -9.30168 522.356 1 2
0.636223 -0.0120064 0.771411 0 0.00865927 0.999927 0.00842137 0 -0.771456 0.00132199 0.636281 0 -542.427 -9.30168 522.356 1 2
0.636223 -0.0120064 0.771411 0 0.00865927 0.999927 0.00842137 0 -0.771456 0.00132199 0.636281 0 -542.427 -9.30168 522.356 1 2
0.636223 -0.0120064 0.771411 0 0.00865927 0.999927 0.00842137 0 -0.771456 0.00132199 0.636281 0 -542.427 -9.30168 522.356 1 2
0.636223 -0.0120064 0.771411 0 0.00865927 0.999927 0.00842137 0 -0.771456 0.00132199 0.636281 0 -542.427 -9.30168 522.356 1 2
0.636223 -0.0120064 0.771411 0 0.00865927 0.999927 0.00842137 0 -0.771456 0.00132199 0.636281 0 -542.427 -9.30168 522.356 1 2
0.636223 -0.0120064 0.771411 0 0.00865927 0.999927 0.00842137 0 -0.771456 0.00132199 0.636281 0 -542.427 -9.30168 522.356 1 2
0.636223 -0.0120064 0.771411 0 0.00865927 0.999927 0.00842137 0 -0.771456 0.00132199 0.636281 0 -542.427 -9.30168 522.356 1 2
0.636223 -0.0120064 0.771411 0 0.00865927 0.999927 0.00842137 0 -0.771456 0.00132199 0.636281 0 -542.427 -9.30168 522.356 1 2
0.636223 -0.0120064 0.771411 0 0.00865927 0.999927 0.00842137 0 -0.771456 0.00132199 0.636281 0 -542.427 -9.30168 522.356 1 2
0.636223 -0.0120064 0.771411 0 0.00865927 0.999927 0.00842137 0 -0.771456 0.00132199 0.636281 0 -542.427 -9.30168 522.356 1 2
0.636223 -0.0120064 0.771411 0 0.00865927 0.999927 0.00842137 0 -0.771456 0.00132199 0.636281 0 -542.427 -9.30168 522.356 1 2
0.636223 -0.0120064 0.771411 0 0.00865927 0.999927 0.00842137 0 -0.771456 0.00132199 0.636281 0 -542.427 -9.30168 522.356 1 2
0.636223 -0.0120064 0.771411 0 0.00865927 0.999927 0.00842137 0 -0.771456 0.00132199 0.636281 0 -542.427 -9.30168 522.356 1 2
0.636223 -0.0120064 0.771411 0 0.00865927 0.999927 0.00842137 0 -0.771456 0.00132199 0.636281 0 -542.427 -9.30168 522.356 1 2
0.636223 -0.0120064 0.771411 0 0.00865927 0.999927 0.00842137 0 -0.771456 0.00132199 0.636281 0 -542.427 -9.30168 522.356 1 2
0.636223 -0.0120064 0.771411 0 0.00865927 0.999927 0.00842137 0 -0.771456 0.00132199 0.636281 0 -542.427 -9.30168 522.356 1 2
0.636223 -0.0120064 0.771411 0 0.00865927 0.999927 0.00842137 0 -0.771456 0.00132199 0.636281 0 -542.427 -9.30168 522.356 1 2
0.636223 -0.0120064 0.771411 0 0.00865927 0.999927 0.00842137 0 -0.771456 0.00132199 0.636281 0 -542.427 -9.30168 522.356 1 2
0.636223 -0.0120064 0.771411 0 0.00865927 0.999927 0.00842137 0 -0.771456 0.00132199 0.636281 0 -542.427 -9.30168 522.356 1 2
0.636223 -0.0120064 0.771411 0 0.00865927 0.999927 0.00842137 0 -0.771456 0.00132199 0.636281 0 -542.427 -9.30168 522.356 1 2
0.636223 -0.0120064 0.771411 0 0.00865927 0.999927 0.00842137 0 -0.771456 0.00132199 0.636281 0 -542.427 -9.30168 522.356 1 2
0.636223 -0.0120064 0.771411 0 0.00865927 0.999927 0.00842137 0 -0.771456 0.00132199 0.636281 0 -542.427 -9.30168 522.356 1 2
0.636223 -0.0120064 0.771411 0 0.00865927 0.999927 0.00842137 0 -0.771456 0.00132199 0.636281 0 -542.427 -9.30168 522.356 1 2
0.636223 -0.0120064 0.771411 0 0.00865927 0.999927 0.00842137 0 -0.771456 0.00132199 0.636281 0 -542.427 -9.30168 522.356 1 2
0.636223 -0.0120064 0.771411 0 0.00865927 0.999927 0.00842137 0 -0.771456 0.00132199 0.636281 0 -542.427 -9.30168 522.356 1 2
0.636223 -0.0120064 0.771411 0 0.00865927 0.999927 0.00842137 0 -0.771456 0.00132199 0.636281 0 -542.427 -9.30168 522.356 1 2
0.636223 -0.0120064 0.771411 0 0.00865927 0.999927 0.00842137 0 -0.771456 0.00132199 0.636281 0 -542.427 -9.30168 522.356 1 2
0.636223 -0.0120064 0.771411 0 0.00865927 0.999927 0.00842137 0 -0.771456 0.00132199 0.636281 0 -542.427 -9.30168 522.356 1 2
0.636223 -0.0120064 0.771411 0 0.00865927 0.999927 0.00842137 0 -0.771456 0.00132199 0.636281 0 -542.427 -9.30168 522.356 1 2
0.636223 -0.0120064 0.771411 0 0.00865927 0.999927 0.00842137 0 -0.771456 0.00132199 0.636281 0 -542.427 -9.30168 522.356 1 2
0.636223 -0.0120064 0.771411 0 0.00865927 0.999927 0.00842137 0 -0.771456 0.00132199 0.636281 0 -542.427 -9.30168 522.356 1 2
0.636546 -0.0112704 0.771156 0 0.00560271 0.999934 0.00998928 0 -0.771218 -0.00203807 0.636567 0 -541.658 -13.9284 522.619 1 3
0.636955 -0.0101407 0.770834 0 0.00295664 0.999938 0.0107115 0 -0.770895 -0.00454366 0.636945 0 -540.35 -16.6058 522.976 1 3
0.637203 -0.00903299 0.770643 0 0.000881491 0.999939 0.0109918 0 -0.770695 -0.00632469 0.637173 0 -539.044 -18.3417 523.555 1 3
0.637503 -0.0078293 0.770408 0 -0.000793857 0.999941 0.0108188 0 -0.770447 -0.00750864 0.63746 0 -537.903 -19.451 524.075 1 3
0.637907 -0.00685182 0.770083 0 -0.00194059 0.999943 0.0105045 0 -0.770111 -0.00819531 0.637858 0 -537.009 -20.0721 524.541 1 3
0.638511 -0.00754525 0.769576 0 -0.00110151 0.999942 0.0107178 0 -0.769612 -0.00769111 0.638466 0 -536.864 -19.4293 524.69 1 3
0.639244 -0.00800823 0.768962 0 -0.000303761 0.999943 0.0106663 0 -0.769004 -0.00705192 0.639205 0 -536.614 -18.3455 524.878 1 3
0.639902 -0.00901662 0.768404 0 0.000621105 0.999937 0.0112162 0 -0.768456 -0.00670003 0.639867 0 -536.609 -17.2293 525.198 1 3
0.640464 -0.00978833 0.767926 0 0.00230543 0.999939 0.0108229 0 -0.767985 -0.00516127 0.640447 0 -536.238 -16.5781 526.19 1 3
0.641046 -0.0108741 0.767426 0 0.00408424 0.999934 0.010757 0 -0.767492 -0.00376136 0.641048 0 -535.901 -15.7229 527.221 1 3
0.641342 -0.0118903 0.767163 0 0.00551639 0.999926 0.0108862 0 -0.767236 -0.00274979 0.64136 0 -535.798 -15.2592 527.889 1 3
0.641492 -0.012817 0.767023 0 0.00667791 0.999916 0.0111237 0 -0.767101 -0.00201364 0.641523 0 -535.925 -15.1156 528.468 1 3
0.64132 -0.013504 0.767154 0 0.00760479 0.999908 0.0112437 0 -0.767236 -0.00137674 0.641364 0 -536.013 -14.8989 528.878 1 3
0.641093 -0.0140005 0.767335 0 0.0080718 0.999901 0.0115 0 -0.767421 -0.00117878 0.641143 0 -535.971 -14.8606 529.204 1 3
0.641126 -0.0141475 0.767305 0 0.008244 0.999899 0.0115478 0 -0.767392 -0.00107789 0.641178 0 -535.888 -14.8572 529.568 1 3
0.641281 -0.0143141 0.767173 0 0.00846444 0.999897 0.0115809 0 -0.767259 -0.000932941 0.641336 0 -535.609 -14.7659 529.937 1 3
0.641622 -0.0147076 0.76688 0 0.00894701 0.999892 0.0116908 0 -0.766969 -0.000639759 0.641684 0 -535.249 -14.744 530.26 1 3
0.643187 -0.0142985 0.765576 0 0.00926739 0.999898 0.0108891 0 -0.765653 9.11672e-05 0.643254 0 -537.458 -14.9474 530.73 1 3
0.64442 -0.0141414 0.764541 0 0.0096588 0.9999 0.0103535 0 -0.764611 0.00071252 0.644492 0 -538.996 -14.8953 531.113 1 3
0.645319 -0.01411 0.763783 0 0.010068 0.9999 0.00996556 0 -0.763847 0.00125884 0.645396 0 -540.32 -14.7977 531.29 1 3
0.645987 -0.0143484 0.763213 0 0.0105392 0.999896 0.0098776 0 -0.763275 0.00166284 0.646071 0 -541.238 -14.7034 531.399 1 3
0.646373 -0.0145127 0.762883 0 0.0108417 0.999893 0.00983543 0 -0.762944 0.00191363 0.646462 0 -541.961 -14.6263 531.432 1 3
0.64667 -0.014759 0.762627 0 0.0111059 0.999889 0.00993343 0 -0.762689 0.002046 0.646763 0 -542.448 -14.6195 531.349 1 3
0.646719 -0.0149827 0.762581 0 0.0113071 0.999886 0.010056 0 -0.762644 0.00211917 0.646815 0 -542.827 -14.6038 531.179 1 3
0.646708 -0.0151624 0.762587 0 0.0114992 0.999883 0.0101286 0 -0.762651 0.00221889 0.646806 0 -542.97 -14.567 531.002 1 3
0.646655 -0.0153955 0.762627 0 0.0117345 0.999879 0.010235 0 -0.762693 0.00233053 0.646757 0 -543.12 -14.5148 530.782 1 3
0.646588 -0.0155887 0.76268 0 0.0119282 0.999876 0.0103243 0 -0.762746 0.00242181 0.646693 0 -543.203 -14.4799 530.52 1 3
0.646496 -0.0157234 0.762755 0 0.0120719 0.999873 0.0103794 0 -0.762822 0.00249764 0.646604 0 -543.204 -14.4695 530.267 1 3
0.646473 -0.0158561 0.762772 0 0.0121644 0.999871 0.010475 0 -0.76284 0.00250688 0.646582 0 -543.078 -14.4804 530.052 1 3
0.646443 -0.0159181 0.762796 0 0.0124412 0.999869 0.0103219 0 -0.762861 0.00281758 0.646556 0 -543.138 -14.3468 530.591 1 3
0.646339 -0.0159406 0.762884 0 0.0126091 0.999868 0.0102097 0 -0.762946 0.00302034 0.646455 0 -543.22 -14.2092 530.883 1 3
0.646198 -0.0160235 0.763002 0 0.0127284 0.999867 0.010218 0 -0.763064 0.00310894 0.646316 0 -543.22 -14.1782 531.028 1 3
0.646102 -0.0160173 0.763083 0 0.0127271 0.999867 0.0102115 0 -0.763145 0.00311413 0.64622 0 -543.129 -14.1552 531.08 1 3
0.646002 -0.0159725 0.763168 0 0.012692 0.999868 0.0101829 0 -0.76323 0.00310801 0.646119 0 -543.018 -14.1581 531.112 1 3
0.645883 -0.0159903 0.763269 0 0.0126976 0.999867 0.0102021 0 -0.763331 0.00310235 0.646 0 -542.93 -14.1977 531.041 1 3
0.645734 -0.0161178 0.763393 0 0.0124847 0.999866 0.0105501 0 -0.763461 0.00271821 0.645849 0 -543.076 -14.3484 530.901 1 3
0.645542 -0.0161912 0.763553 0 0.0123699 0.999866 0.0107442 0 -0.763625 0.00250927 0.645655 0 -543.189 -14.4343 530.725 1 3
0.645406 -0.016173 0.763669 0 0.0122426 0.999866 0.0108285 0 -0.763742 0.00236047 0.645518 0 -543.246 -14.4818 530.656 1 3
0.645297 -0.0161194 0.763762 0 0.0121201 0.999868 0.0108623 0 -0.763835 0.00224742 0.645407 0 -543.236 -14.5233 530.604 1 3
0.645233 -0.0160341 0.763818 0 0.0120186 0.999869 0.0108366 0 -0.763891 0.00218784 0.645341 0 -543.148 -14.5558 530.547 1 3
0.645223 -0.016048 0.763826 0 0.0119635 0.999869 0.0109014 0 -0.763901 0.0021042 0.64533 0 -543.018 -14.6338 530.474 1 3
0.645223 -0.0160243 0.763826 0 0.0119197 0.999869 0.0109074 0 -0.763902 0.00206687 0.645329 0 -542.907 -14.6559 530.399 1 3
0.645236 -0.0159832 0.763816 0 0.0118709 0.99987 0.0108947 0 -0.763891 0.00203756 0.645342 0 -542.742 -14.6821 530.374 1 3
0.64523 -0.0159788 0.763821 0 0.0118275 0.99987 0.0109258 0 -0.763897 0.00198444 0.645335 0 -542.631 -14.7166 530.335 1 3
0.645204 -0.0159523 0.763844 0 0.011776 0.999871 0.0109346 0 -0.76392 0.00193994 0.645308 0 -542.529 -14.74 530.338 1 3
