0.210578 0 0.977577 0 0 1 0 0 -0.977577 0 0.210578 0 -1913.55 0 476.593 1 0
0.210578 0 0.977577 0 0 1 0 0 -0.977577 0 0.210578 0 -1913.55 0 476.593 1 0
0.210578 0 0.977577 0 0 1 0 0 -0.977577 0 0.210578 0 -1913.55 0 476.593 1 0
0.210578 0 0.977577 0 0 1 0 0 -0.977577 0 0.210578 0 -1913.55 0 476.593 1 0
0.210578 0 0.977577 0 0 1 0 0 -0.977577 0 0.210578 0 -1913.55 0 476.593 1 0
0.210578 0 0.977577 0 0 1 0 0 -0.977577 0 0.210578 0 -1913.55 0 476.593 1 0
0.210578 0 0.977577 0 0 1 0 0 -0.977577 0 0.210578 0 -1913.55 0 476.593 1 0
0.210578 0 0.977577 0 0 1 0 0 -0.977577 0 0.210578 0 -1913.55 0 476.593 1 0
0.210578 0 0.977577 0 0 1 0 0 -0.977577 0 0.210578 0 -1913.55 0 476.593 1 0
0.210578 0 0.977577 0 0 1 0 0 -0.977577 0 0.210578 0 -1913.55 0 476.593 1 0
0.210578 0 0.977577 0 0 1 0 0 -0.977577 0 0.210578 0 -1913.55 0 476.593 1 0
0.210578 0 0.977577 0 0 1 0 0 -0.977577 0 0.210578 0 -1913.55 0 476.593 1 0
0.210578 0 0.977577 0 0 1 0 0 -0.977577 0 0.210578 0 -1913.55 0 476.593 1 0
0.210578 0 0.977577 0 0 1 0 0 -0.977577 0 0.210578 0 -1913.55 0 476.593 1 0
0.210578 0 0.977577 0 0 1 0 0 -0.977577 0 0.210578 0 -1913.55 0 476.593 1 0
0.210578 0 0.977577 0 0 1 0 0 -0.977577 0 0.210578 0 -1913.55 0 476.593 1 0
0.210578 0 0.977577 0 0 1 0 0 -0.977577 0 0.210578 0 -1913.55 0 476.593 1 0
0.210578 0 0.977577 0 0 1 0 0 -0.977577 0 0.210578 0 -1913.55 0 476.593 1 0
0.210578 0 0.977577 0 0 1 0 0 -0.977577 0 0.210578 0 -1913.55 0 476.593 1 0
0.210578 0 0.977577 0 0 1 0 0 -0.977577 0 0.210578 0 -1913.55 0 476.593 1 0
0.210578 0 0.977577 0 0 1 0 0 -0.977577 0 0.210578 0 -1913.55 0 476.593 1 0
0.210578 0 0.977577 0 0 1 0 0 -0.977577 0 0.210578 0 -1913.55 0 476.593 1 0
0.210578 0 0.977577 0 0 1 0 0 -0.977577 0 0.210578 0 -1913.55 0 476.593 1 0
0.210578 0 0.977577 0 0 1 0 0 -0.977577 0 0.210578 0 -1913.55 0 476.593 1 0
0.210578 0 0.977577 0 0 1 0 0 -0.977577 0 0.210578 0 -1913.55 0 476.593 1 0
0.210578 0 0.977577 0 0 1 0 0 -0.977577 0 0.210578 0 -1913.55 0 476.593 1 0
0.210578 0 0.977577 0 0 1 0 0 -0.977577 0 0.210578 0 -1913.55 0 476.593 1 0
0.210578 0 0.977577 0 0 1 0 0 -0.977577 0 0.210578 0 -1913.55 0 476.593 1 0
0.210578 0 0.977577 0 0 1 0 0 -0.977577 0 0.210578 0 -1913.55 0 476.593 1 0
0.210578 0 0.977577 0 0 1 0 0 -0.977577 0 0.210578 0 -1913.55 0 476.593 1 0
0.244366 -0.0305272 0.969202 0 -0.0199606 0.999134 0.0365027 0 -0.969478 -0.0282659 0.243545 0 -1613.09 -36.1581 1099.62 1 1
0.239208 -0.0458513 0.969885 0 -0.016648 0.998544 0.0513122 0 -0.970826 -0.0284209 0.238096 0 -1613.43 -41.1906 1168.4 1 1
0.239208 -0.0458513 0.969885 0 -0.016648 0.998544 0.0513122 0 -0.970826 -0.0284209 0.238096 0 -1613.43 -41.1906 1168.4 1 2
0.239208 -0.0458513 0.969885 0 -0.016648 0.998544 0.0513122 0 -0.970826 -0.0284209 0.238096 0 -1613.43 -41.1906 1168.4 1 2
0.239208 -0.0458513 0.969885 0 -0.016648 0.998544 0.0513122 0 -0.970826 -0.0284209 0.238096 0 -1613.43 -41.1906 1168.4 1 2
0.239208 -0.0458513 0.969885 0 -0.016648 0.998544 0.0513122 0 -0.970826 -0.0284209 0.238096 0 -1613.43 -41.1906 1168.4 1 2
0.239208 -0.0458513 0.969885 0 -0.016648 0.998544 0.0513122 0 -0.970826 -0.0284209 0.238096 0 -1613.43 -41.1906 1168.4 1 2
0.239208 -0.0458513 0.969885 0 -0.016648 0.998544 0.0513122 0 -0.970826 -0.0284209 0.238096 0 -1613.43 -41.1906 1168.4 1 2
0.239208 -0.0458513 0.969885 0 -0.016648 0.998544 0.0513122 0 -0.970826 -0.0284209 0.238096 0 -1613.43 -41.1906 1168.4 1 2
0.239208 -0.0458513 0.969885 0 -0.016648 0.998544 0.0513122 0 -0.970826 -0.0284209 0.238096 0 -1613.43 -41.1906 1168.4 1 2
0.239208 -0.0458513 0.969885 0 -0.016648 0.998544 0.0513122 0 -0.970826 -0.0284209 0.238096 0 -1613.43 -41.1906 1168.4 1 2
0.239208 -0.0458513 0.969885 0 -0.016648 0.998544 0.0513122 0 -0.970826 -0.0284209 0.238096 0 -1613.43 -41.1906 1168.4 1 2
0.239208 -0.0458513 0.969885 0 -0.016648 0.998544 0.0513122 0 -0.970826 -0.0284209 0.238096 0 -1613.43 -41.1906 1168.4 1 2
0.239208 -0.0458513 0.969885 0 -0.016648 0.998544 0.0513122 0 -0.970826 -0.0284209 0.238096 0 -1613.43 -41.1906 1168.4 1 2
0.239208 -0.0458513 0.969885 0 -0.016648 0.998544 0.0513122 0 -0.970826 -0.0284209 0.238096 0 -1613.43 -41.1906 1168.4 1 2
0.239208 -0.0458513 0.969885 0 -0.016648 0.998544 0.0513122 0 -0.970826 -0.0284209 0.238096 0 -1613.43 -41.1906 1168.4 1 2
0.239208 -0.0458513 0.969885 0 -0.016648 0.998544 0.0513122 0 -0.970826 -0.0284209 0.238096 0 -1613.43 -41.1906 1168.4 1 2
0.239208 -0.0458513 0.969885 0 -0.016648 0.998544 0.0513122 0 -0.970826 -0.0284209 0.238096 0 -1613.43 -41.1906 1168.4 1 2
0.239208 -0.0458513 0.969885 0 -0.016648 0.998544 0.0513122 0 -0.970826 -0.0284209 0.238096 0 -1613.43 -41.1906 1168.4 1 2
0.239208 -0.0458513 0.969885 0 -0.016648 0.998544 0.0513122 0 -0.970826 -0.0284209 0.238096 0 -1613.43 -41.1906 1168.4 1 2
0.239208 -0.0458513 0.969885 0 -0.016648 0.998544 0.0513122 0 -0.970826 -0.0284209 0.238096 0 -1613.43 -41.1906 1168.4 1 2
0.239208 -0.0458513 0.969885 0 -0.016648 0.998544 0.0513122 0 -0.970826 -0.0284209 0.238096 0 -1613.43 -41.1906 1168.4 1 2
0.239208 -0.0458513 0.969885 0 -0.016648 0.998544 0.0513122 0 -0.970826 -0.0284209 0.238096 0 -1613.43 -41.1906 1168.4 1 2
0.239208 -0.0458513 0.969885 0 -0.016648 0.998544 0.0513122 0 -0.970826 -0.0284209 0.238096 0 -1613.43 -41.1906 1168.4 1 2
0.239208 -0.0458513 0.969885 0 -0.016648 0.998544 0.0513122 0 -0.970826 -0.0284209 0.238096 0 -1613.43 -41.1906 1168.4 1 2
0.239208 -0.0458513 0.969885 0 -0.016648 0.998544 0.0513122 0 -0.970826 -0.0284209 0.238096 0 -1613.43 -41.1906 1168.4 1 2
0.239208 -0.0458513 0.969885 0 -0.016648 0.998544 0.0513122 0 -0.970826 -0.0284209 0.238096 0 -1613.43 -41.1906 1168.4 1 2
0.239208 -0.0458513 0.969885 0 -0.016648 0.998544 0.0513122 0 -0.970826 -0.0284209 0.238096 0 -1613.43 -41.1906 1168.4 1 2
0.239208 -0.0458513 0.969885 0 -0.016648 0.998544 0.0513122 0 -0.970826 -0.0284209 0.238096 0 -1613.43 -41.1906 1168.4 1 2
0.239208 -0.0458513 0.969885 0 -0.016648 0.998544 0.0513122 0 -0.970826 -0.0284209 0.238096 0 -1613.43 -41.1906 1168.4 1 2
0.239208 -0.0458513 0.969885 0 -0.016648 0.998544 0.0513122 0 -0.970826 -0.0284209 0.238096 0 -1613.43 -41.1906 1168.4 1 2
0.239208 -0.0458513 0.969885 0 -0.016648 0.998544 0.0513122 0 -0.970826 -0.0284209 0.238096 0 -1613.43 -41.1906 1168.4 1 2
0.239208 -0.0458513 0.969885 0 -0.016648 0.998544 0.0513122 0 -0.970826 -0.0284209 0.238096 0 -1613.43 -41.1906 1168.4 1 2
0.239208 -0.0458513 0.969885 0 -0.016648 0.998544 0.0513122 0 -0.970826 -0.0284209 0.238096 0 -1613.43 -41.1906 1168.4 1 2
0.239208 -0.0458513 0.969885 0 -0.016648 0.998544 0.0513122 0 -0.970826 -0.0284209 0.238096 0 -1613.43 -41.1906 1168.4 1 2
0.239208 -0.0458513 0.969885 0 -0.016648 0.998544 0.0513122 0 -0.970826 -0.0284209 0.238096 0 -1613.43 -41.1906 1168.4 1 2
0.239208 -0.0458513 0.969885 0 -0.016648 0.998544 0.0513122 0 -0.970826 -0.0284209 0.238096 0 -1613.43 -41.1906 1168.4 1 2
0.239208 -0.0458513 0.969885 0 -0.016648 0.998544 0.0513122 0 -0.970826 -0.0284209 0.238096 0 -1613.43 -41.1906 1168.4 1 2
0.239208 -0.0458513 0.969885 0 -0.016648 0.998544 0.0513122 0 -0.970826 -0.0284209 0.238096 0 -1613.43 -41.1906 1168.4 1 2
0.239208 -0.0458513 0.969885 0 -0.016648 0.998544 0.0513122 0 -0.970826 -0.0284209 0.238096 0 -1613.43 -41.1906 1168.4 1 2
0.239208 -0.0458513 0.969885 0 -0.016648 0.998544 0.0513122 0 -0.970826 -0.0284209 0.238096 0 -1613.43 -41.1906 1168.4 1 2
0.239208 -0.0458513 0.969885 0 -0.016648 0.998544 0.0513122 0 -0.970826 -0.0284209 0.238096 0 -1613.43 -41.1906 1168.4 1 2
0.239208 -0.0458513 0.969885 0 -0.016648 0.998544 0.0513122 0 -0.970826 -0.0284209 0.238096 0 -1613.43 -41.1906 1168.4 1 2
0.239208 -0.0458513 0.969885 0 -0.016648 0.998544 0.0513122 0 -0.970826 -0.0284209 0.238096 0 -1613.43 -41.1906 1168.4 1 2
0.239208 -0.0458513 0.969885 0 -0.016648 0.998544 0.0513122 0 -0.970826 -0.0284209 0.238096 0 -1613.43 -41.1906 1168.4 1 2
0.239208 -0.0458513 0.969885 0 -0.016648 0.998544 0.0513122 0 -0.970826 -0.0284209 0.238096 0 -1613.43 -41.1906 1168.4 1 2
0.239208 -0.0458513 0.969885 0 -0.016648 0.998544 0.0513122 0 -0.970826 -0.0284209 0.238096 0 -1613.43 -41.1906 1168.4 1 2
0.239208 -0.0458513 0.969885 0 -0.016648 0.998544 0.0513122 0 -0.970826 -0.0284209 0.238096 0 -1613.43 -41.1906 1168.4 1 2
0.239208 -0.0458513 0.969885 0 -0.016648 0.998544 0.0513122 0 -0.970826 -0.0284209 0.238096 0 -1613.43 -41.1906 1168.4 1 2
0.239208 -0.0458513 0.969885 0 -0.016648 0.998544 0.0513122 0 -0.970826 -0.0284209 0.238096 0 -1613.43 -41.1906 1168.4 1 2
0.239208 -0.0458513 0.969885 0 -0.016648 0.998544 0.0513122 0 -0.970826 -0.0284209 0.238096 0 -1613.43 -41.1906 1168.4 1 2
0.239208 -0.0458513 0.969885 0 -0.016648 0.998544 0.0513122 0 -0.970826 -0.0284209 0.238096 0 -1613.43 -41.1906 1168.4 1 2
0.239208 -0.0458513 0.969885 0 -0.016648 0.998544 0.0513122 0 -0.970826 -0.0284209 0.238096 0 -1613.43 -41.1906 1168.4 1 2
0.239208 -0.0458513 0.969885 0 -0.016648 0.998544 0.0513122 0 -0.970826 -0.0284209 0.238096 0 -1613.43 -41.1906 1168.4 1 2
0.239208 -0.0458513 0.969885 0 -0.016648 0.998544 0.0513122 0 -0.970826 -0.0284209 0.238096 0 -1613.43 -41.1906 1168.4 1 2
0.239208 -0.0458513 0.969885 0 -0.016648 0.998544 0.0513122 0 -0.970826 -0.0284209 0.238096 0 -1613.43 -41.1906 1168.4 1 2
0.239208 -0.0458513 0.969885 0 -0.016648 0.998544 0.0513122 0 -0.970826 -0.0284209 0.238096 0 -1613.43 -41.1906 1168.4 1 2
0.239208 -0.0458513 0.969885 0 -0.016648 0.998544 0.0513122 0 -0.970826 -0.0284209 0.238096 0 -1613.43 -41.1906 1168.4 1 2
0.239208 -0.0458513 0.969885 0 -0.016648 0.998544 0.0513122 0 -0.970826 -0.0284209 0.238096 0 -1613.43 -41.1906 1168.4 1 2
0.239208 -0.0458513 0.969885 0 -0.016648 0.998544 0.0513122 0 -0.970826 -0.0284209 0.238096 0 -1613.43 -41.1906 1168.4 1 2
0.239208 -0.0458513 0.969885 0 -0.016648 0.998544 0.0513122 0 -0.970826 -0.0284209 0.238096 0 -1613.43 -41.1906 1168.4 1 2
0.239208 -0.0458513 0.969885 0 -0.016648 0.998544 0.0513122 0 -0.970826 -0.0284209 0.238096 0 -1613.43 -41.1906 1168.4 1 2
0.239208 -0.0458513 0.969885 0 -0.016648 0.998544 0.0513122 0 -0.970826 -0.0284209 0.238096 0 -1613.43 -41.1906 1168.4 1 2
0.239208 -0.0458513 0.969885 0 -0.016648 0.998544 0.0513122 0 -0.970826 -0.0284209 0.238096 0 -1613.43 -41.1906 1168.4 1 2
0.239208 -0.0458513 0.969885 0 -0.016648 0.998544 0.0513122 0 -0.970826 -0.0284209 0.238096 0 -1613.43 -41.1906 1168.4 1 2
0.239208 -0.0458513 0.969885 0 -0.016648 0.998544 0.0513122 0 -0.970826 -0.0284209 0.238096 0 -1613.43 -41.1906 1168.4 1 2
0.239208 -0.0458513 0.969885 0 -0.016648 0.998544 0.0513122 0 -0.970826 -0.0284209 0.238096 0 -1613.43 -41.1906 1168.4 1 2
0.239208 -0.0458513 0.969885 0 -0.016648 0.998544 0.0513122 0 -0.970826 -0.0284209 0.238096 0 -1613.43 -41.1906 1168.4 1 2
0.239208 -0.0458513 0.969885 0 -0.016648 0.998544 0.0513122 0 -0.970826 -0.0284209 0.238096 0 -1613.43 -41.1906 1168.4 1 2
0.239208 -0.0458513 0.969885 0 -0.016648 0.998544 0.0513122 0 -0.970826 -0.0284209 0.238096 0 -1613.43 -41.1906 1168.4 1 2
0.239208 -0.0458513 0.969885 0 -0.016648 0.998544 0.0513122 0 -0.970826 -0.0284209 0.238096 0 -1613.43 -41.1906 1168.4 1 2
0.239208 -0.0458513 0.969885 0 -0.016648 0.998544 0.0513122 0 -0.970826 -0.0284209 0.238096 0 -1613.43 -41.1906 1168.4 1 2
0.239208 -0.0458513 0.969885 0 -0.016648 0.998544 0.0513122 0 -0.970826 -0.0284209 0.238096 0 -1613.43 -41.1906 1168.4 1 2
0.239208 -0.0458513 0.969885 0 -0.016648 0.998544 0.0513122 0 -0.970826 -0.0284209 0.238096 0 -1613.43 -41.1906 1168.4 1 2
0.239208 -0.0458513 0.969885 0 -0.016648 0.998544 0.0513122 0 -0.970826 -0.0284209 0.238096 0 -1613.43 -41.1906 1168.4 1 2
0.239208 -0.0458513 0.969885 0 -0.016648 0.998544 0.0513122 0 -0.970826 -0.0284209 0.238096 0 -1613.43 -41.1906 1168.4 1 2
0.239208 -0.0458513 0.969885 0 -0.016648 0.998544 0.0513122 0 -0.970826 -0.0284209 0.238096 0 -1613.43 -41.1906 1168.4 1 2
0.239208 -0.0458513 0.969885 0 -0.016648 0.998544 0.0513122 0 -0.970826 -0.0284209 0.238096 0 -1613.43 -41.1906 1168.4 1 2
0.239208 -0.0458513 0.969885 0 -0.016648 0.998544 0.0513122 0 -0.970826 -0.0284209 0.238096 0 -1613.43 -41.1906 1168.4 1 2
0.239208 -0.0458513 0.969885 0 -0.016648 0.998544 0.0513122 0 -0.970826 -0.0284209 0.238096 0 -1613.43 -41.1906 1168.4 1 2
0.239208 -0.0458513 0.969885 0 -0.016648 0.998544 0.0513122 0 -0.970826 -0.0284209 0.238096 0 -1613.43 -41.1906 1168.4 1 2
0.239208 -0.0458513 0.969885 0 -0.016648 0.998544 0.0513122 0 -0.970826 -0.0284209 0.238096 0 -1613.43 -41.1906 1168.4 1 2
0.239208 -0.0458513 0.969885 0 -0.016648 0.998544 0.0513122 0 -0.970826 -0.0284209 0.238096 0 -1613.43 -41.1906 1168.4 1 2
0.239208 -0.0458513 0.969885 0 -0.016648 0.998544 0.0513122 0 -0.970826 -0.0284209 0.238096 0 -1613.43 -41.1906 1168.4 1 2
0.239208 -0.0458513 0.969885 0 -0.016648 0.998544 0.0513122 0 -0.970826 -0.0284209 0.238096 0 -1613.43 -41.1906 1168.4 1 2
0.239208 -0.0458513 0.969885 0 -0.016648 0.998544 0.0513122 0 -0.970826 -0.0284209 0.238096 0 -1613.43 -41.1906 1168.4 1 2
0.239208 -0.0458513 0.969885 0 -0.016648 0.998544 0.0513122 0 -0.970826 -0.0284209 0.238096 0 -1613.43 -41.1906 1168.4 1 2
0.239208 -0.0458513 0.969885 0 -0.016648 0.998544 0.0513122 0 -0.970826 -0.0284209 0.238096 0 -1613.43 -41.1906 1168.4 1 2
0.239208 -0.0458513 0.969885 0 -0.016648 0.998544 0.0513122 0 -0.970826 -0.0284209 0.238096 0 -1613.43 -41.1906 1168.4 1 2
0.239208 -0.0458513 0.969885 0 -0.016648 0.998544 0.0513122 0 -0.970826 -0.0284209 0.238096 0 -1613.43 -41.1906 1168.4 1 2
0.239208 -0.0458513 0.969885 0 -0.016648 0.998544 0.0513122 0 -0.970826 -0.0284209 0.238096 0 -1613.43 -41.1906 1168.4 1 2
0.239208 -0.0458513 0.969885 0 -0.016648 0.998544 0.0513122 0 -0.970826 -0.0284209 0.238096 0 -1613.43 -41.1906 1168.4 1 2
0.239208 -0.0458513 0.969885 0 -0.016648 0.998544 0.0513122 0 -0.970826 -0.0284209 0.238096 0 -1613.43 -41.1906 1168.4 1 2
0.239208 -0.0458513 0.969885 0 -0.016648 0.998544 0.0513122 0 -0.970826 -0.0284209 0.238096 0 -1613.43 -41.1906 1168.4 1 2
0.239208 -0.0458513 0.969885 0 -0.016648 0.998544 0.0513122 0 -0.970826 -0.0284209 0.238096 0 -1613.43 -41.1906 1168.4 1 2
0.239208 -0.0458513 0.969885 0 -0.016648 0.998544 0.0513122 0 -0.970826 -0.0284209 0.238096 0 -1613.43 -41.1906 1168.4 1 2
0.239208 -0.0458513 0.969885 0 -0.016648 0.998544 0.0513122 0 -0.970826 -0.0284209 0.238096 0 -1613.43 -41.1906 1168.4 1 2
0.239208 -0.0458513 0.969885 0 -0.016648 0.998544 0.0513122 0 -0.970826 -0.0284209 0.238096 0 -1613.43 -41.1906 1168.4 1 2
0.243794 -0.0437716 0.968839 0 -0.0264318 0.99831 0.0517542 0 -0.969467 -0.0382255 0.242225 0 -1610.22 -59.0225 1173.53 1 3
0.247592 -0.0408256 0.968004 0 -0.0349977 0.998083 0.0510457 0 -0.968232 -0.0465164 0.245689 0 -1607.24 -71.708 1177.62 1 3
0.250322 -0.037802 0.967424 0 -0.0419058 0.997878 0.0498351 0 -0.967255 -0.0530156 0.248207 0 -1604.89 -80.7653 1180.87 1 3
0.252619 -0.0345783 0.966948 0 -0.0471356 0.997735 0.0479936 0 -0.966417 -0.0577017 0.250417 0 -1603.11 -87.1167 1183.96 1 3
0.254677 -0.0318168 0.966503 0 -0.0499317 0.997693 0.0460008 0 -0.965736 -0.0599745 0.252501 0 -1602.1 -90.6703 1186.85 1 3
0.256927 -0.0306376 0.965945 0 -0.0492449 0.997784 0.0447459 0 -0.965175 -0.0590643 0.254849 0 -1602.12 -89.8387 1189.69 1 3
0.259266 -0.0289735 0.965371 0 -0.0474051 0.997963 0.042683 0 -0.964642 -0.0568298 0.257365 0 -1602.21 -87.3193 1193.05 1 3
0.261387 -0.0282428 0.964821 0 -0.0446234 0.99815 0.0413077 0 -0.964202 -0.0538509 0.259643 0 -1602.87 -84.1899 1196.4 1 3
0.263544 -0.0272668 0.964262 0 -0.0408416 0.998389 0.0393942 0 -0.963783 -0.0497641 0.262005 0 -1603.26 -79.8751 1200.37 1 3
0.265742 -0.0269211 0.963668 0 -0.0368806 0.998594 0.038067 0 -0.963338 -0.0456566 0.264376 0 -1603.63 -75.3435 1204.25 1 3
0.267623 -0.0269588 0.963147 0 -0.033182 0.998758 0.0371756 0 -0.962952 -0.0419081 0.266396 0 -1604.49 -71.5798 1207.32 1 3
0.269104 -0.0272813 0.962725 0 -0.030123 0.998871 0.0367257 0 -0.96264 -0.0388832 0.267979 0 -1605.56 -68.7171 1209.81 1 3
0.27003 -0.0275852 0.962457 0 -0.0276618 0.998955 0.0363921 0 -0.962454 -0.0364503 0.268985 0 -1606.67 -66.1739 1211.55 1 3
0.270834 -0.0280955 0.962216 0 -0.0259565 0.998997 0.0364754 0 -0.962276 -0.0348545 0.269833 0 -1607.47 -64.6236 1212.84 1 3
0.271834 -0.0283852 0.961925 0 -0.0247932 0.999027 0.0364864 0 -0.962025 -0.0337674 0.270866 0 -1607.83 -63.5872 1214.28 1 3
0.273038 -0.0286788 0.961576 0 -0.0238693 0.999046 0.036574 0 -0.961707 -0.0329382 0.272093 0 -1607.83 -62.6646 1215.87 1 3
0.274526 -0.029091 0.96114 0 -0.0228206 0.999064 0.036757 0 -0.961309 -0.0320245 0.273605 0 -1607.44 -61.7874 1217.61 1 3
0.276546 -0.0287413 0.960571 0 -0.0220397 0.9991 0.0362393 0 -0.960748 -0.0311925 0.275664 0 -1608.35 -60.8711 1220.36 1 3
0.278378 -0.0286059 0.960046 0 -0.0212304 0.999129 0.0359265 0 -0.960237 -0.0303833 0.277528 0 -1608.86 -59.7828 1222.77 1 3
0.279917 -0.028508 0.959601 0 -0.0205098 0.999153 0.0356658 0 -0.959805 -0.0296647 0.279096 0 -1609.39 -58.7735 1224.56 1 3
0.281124 -0.0285336 0.959247 0 -0.0198975 0.99917 0.0355524 0 -0.959465 -0.0290813 0.280323 0 -1609.72 -57.9824 1225.97 1 3
0.281933 -0.0285957 0.959008 0 -0.0195303 0.999178 0.0355351 0 -0.959235 -0.0287482 0.281142 0 -1610.07 -57.5206 1226.82 1 3
0.28258 -0.0287422 0.958813 0 -0.0192241 0.999181 0.035618 0 -0.959051 -0.0284973 0.281796 0 -1610.29 -57.2861 1227.4 1 3
0.282906 -0.0289292 0.958711 0 -0.0189918 0.99918 0.0357547 0 -0.95896 -0.0283229 0.282124 0 -1610.67 -57.1125 1227.5 1 3
0.283103 -0.0290723 0.958649 0 -0.0187905 0.99918 0.0358505 0 -0.958906 -0.0281629 0.282324 0 -1610.86 -56.902 1227.49 1 3
0.283203 -0.0292639 0.958614 0 -0.0184658 0.999183 0.0359577 0 -0.958882 -0.0278849 0.282431 0 -1611.13 -56.5913 1227.34 1 3
0.283322 -0.0294459 0.958573 0 -0.0182148 0.999183 0.036077 0 -0.958852 -0.0276816 0.282554 0 -1611.37 -56.3548 1227.1 1 3
0.283474 -0.0295751 0.958524 0 -0.0178489 0.999188 0.0361085 0 -0.958814 -0.0273445 0.282716 0 -1611.59 -56.0741 1226.85 1 3
0.283717 -0.0298124 0.958444 0 -0.0175778 0.999187 0.0362831 0 -0.958747 -0.0271415 0.282963 0 -1611.58 -55.8966 1226.7 1 3
0.283814 -0.0297388 0.958418 0 -0.0174123 0.999194 0.0361603 0 -0.958721 -0.0269511 0.283067 0 -1611.67 -55.4244 1227.19 1 3
0.283851 -0.0297249 0.958407 0 -0.0173644 0.999196 0.0361328 0 -0.958711 -0.0268985 0.283107 0 -1611.83 -55.1151 1227.32 1 3
0.283779 -0.02978 0.958427 0 -0.017307 0.999196 0.0361711 0 -0.958734 -0.0268521 0.283035 0 -1612 -54.9897 1227.23 1 3
0.283696 -0.0298001 0.958451 0 -0.0173328 0.999194 0.0361972 0 -0.958758 -0.0268816 0.282951 0 -1612.03 -54.9792 1227.07 1 3
0.283637 -0.029772 0.95847 0 -0.0173999 0.999194 0.036186 0 -0.958774 -0.0269409 0.28289 0 -1612.06 -55.0254 1226.9 1 3
0.283561 -0.029774 0.958492 0 -0.0174307 0.999193 0.036195 0 -0.958796 -0.0269707 0.282813 0 -1612.12 -55.0933 1226.6 1 3
0.283183 -0.0301879 0.958591 0 -0.0178098 0.999167 0.036727 0 -0.958901 -0.0274727 0.282409 0 -1612.64 -55.878 1225.79 1 3
0.282853 -0.0304878 0.958679 0 -0.0180111 0.99915 0.0370889 0 -0.958994 -0.0277575 0.282063 0 -1613.07 -56.3069 1225.02 1 3
0.282688 -0.0306764 0.958721 0 -0.0181687 0.999138 0.0373269 0 -0.95904 -0.0279705 0.281886 0 -1613.33 -56.6078 1224.57 1 3
0.282641 -0.0307574 0.958733 0 -0.0182735 0.999132 0.0374406 0 -0.959052 -0.0281017 0.281833 0 -1613.49 -56.8001 1224.28 1 3
0.282695 -0.0308052 0.958715 0 -0.0182976 0.999129 0.0374992 0 -0.959035 -0.028143 0.281886 0 -1613.55 -56.8598 1224.11 1 3
0.282768 -0.0309228 0.95869 0 -0.0183282 0.999124 0.037633 0 -0.959013 -0.0282125 0.281953 0 -1613.49 -57.0219 1223.97 1 3
0.282817 -0.0309498 0.958674 0 -0.0183693 0.999121 0.0376747 0 -0.958998 -0.0282652 0.282 0 -1613.43 -57.0847 1223.85 1 3
0.282908 -0.0309745 0.958647 0 -0.018403 0.999119 0.0377132 0 -0.958971 -0.0283113 0.282088 0 -1613.29 -57.161 1223.83 1 3
0.282949 -0.0310077 0.958633 0 -0.0184251 0.999117 0.0377555 0 -0.958958 -0.0283458 0.282128 0 -1613.22 -57.2459 1223.78 1 3
0.282952 -0.0310322 0.958632 0 -0.0184774 0.999115 0.0377965 0 -0.958956 -0.0284076 0.282128 0 -1613.18 -57.3403 1223.73 1 3
