0.490235 0 -0.871591 0 0 1 0 0 0.871591 0 0.490235 0 -799.344 0 -656.171 1 0
0.490235 0 -0.871591 0 0 1 0 0 0.871591 0 0.490235 0 -799.344 0 -656.171 1 0
0.490235 0 -0.871591 0 0 1 0 0 0.871591 0 0.490235 0 -799.344 0 -656.171 1 0
0.490235 0 -0.871591 0 0 1 0 0 0.871591 0 0.490235 0 -799.344 0 -656.171 1 0
0.490235 0 -0.871591 0 0 1 0 0 0.871591 0 0.490235 0 -799.344 0 -656.171 1 0
0.490235 0 -0.871591 0 0 1 0 0 0.871591 0 0.490235 0 -799.344 0 -656.171 1 0
0.490235 0 -0.871591 0 0 1 0 0 0.871591 0 0.490235 0 -799.344 0 -656.171 1 0
0.490235 0 -0.871591 0 0 1 0 0 0.871591 0 0.490235 0 -799.344 0 -656.171 1 0
0.490235 0 -0.871591 0 0 1 0 0 0.871591 0 0.490235 0 -799.344 0 -656.171 1 0
0.490235 0 -0.871591 0 0 1 0 0 0.871591 0 0.490235 0 -799.344 0 -656.171 1 0
0.490235 0 -0.871591 0 0 1 0 0 0.871591 0 0.490235 0 -799.344 0 -656.171 1 0
0.490235 0 -0.871591 0 0 1 0 0 0.871591 0 0.490235 0 -799.344 0 -656.171 1 0
0.490235 0 -0.871591 0 0 1 0 0 0.871591 0 0.490235 0 -799.344 0 -656.171 1 0
0.490235 0 -0.871591 0 0 1 0 0 0.871591 0 0.490235 0 -799.344 0 -656.171 1 0
0.490235 0 -0.871591 0 0 1 0 0 0.871591 0 0.490235 0 -799.344 0 -656.171 1 0
0.490235 0 -0.871591 0 0 1 0 0 0.871591 0 0.490235 0 -799.344 0 -656.171 1 0
0.490235 0 -0.871591 0 0 1 0 0 0.871591 0 0.490235 0 -799.344 0 -656.171 1 0
0.490235 0 -0.871591 0 0 1 0 0 0.871591 0 0.490235 0 -799.344 0 -656.171 1 0
0.490235 0 -0.871591 0 0 1 0 0 0.871591 0 0.490235 0 -799.344 0 -656.171 1 0
0.490235 0 -0.871591 0 0 1 0 0 0.871591 0 0.490235 0 -799.344 0 -656.171 1 0
0.490235 0 -0.871591 0 0 1 0 0 0.871591 0 0.490235 0 -799.344 0 -656.171 1 0
0.490235 0 -0.871591 0 0 1 0 0 0.871591 0 0.490235 0 -799.344 0 -656.171 1 0
0.490235 0 -0.871591 0 0 1 0 0 0.871591 0 0.490235 0 -799.344 0 -656.171 1 0
0.490235 0 -0.871591 0 0 1 0 0 0.871591 0 0.490235 0 -799.344 0 -656.171 1 0
0.490235 0 -0.871591 0 0 1 0 0 0.871591 0 0.490235 0 -799.344 0 -656.171 1 0
0.490235 0 -0.871591 0 0 1 0 0 0.871591 0 0.490235 0 -799.344 0 -656.171 1 0
0.490235 0 -0.871591 0 0 1 0 0 0.871591 0 0.490235 0 -799.344 0 -656.171 1 0
0.490235 0 -0.871591 0 0 1 0 0 0.871591 0 0.490235 0 -799.344 0 -656.171 1 0
0.490235 0 -0.871591 0 0 1 0 0 0.871591 0 0.490235 0 -799.344 0 -656.171 1 0
0.490235 0 -0.871591 0 0 1 0 0 0.871591 0 0.490235 0 -799.344 0 -656.171 1 0
0.490235 0 -0.871591 0 0 1 0 0 0.871591 0 0.490235 0 -799.344 0 -656.171 1 0
0.490235 0 -0.871591 0 0 1 0 0 0.871591 0 0.490235 0 -799.344 0 -656.171 1 0
0.490235 0 -0.871591 0 0 1 0 0 0.871591 0 0.490235 0 -799.344 0 -656.171 1 0
0.490235 0 -0.871591 0 0 1 0 0 0.871591 0 0.490235 0 -799.344 0 -656.171 1 0
0.490235 0 -0.871591 0 0 1 0 0 0.871591 0 0.490235 0 -799.344 0 -656.171 1 0
0.490235 0 -0.871591 0 0 1 0 0 0.871591 0 0.490235 0 -799.344 0 -656.171 1 0
0.490235 0 -0.871591 0 0 1 0 0 0.871591 0 0.490235 0 -799.344 0 -656.171 1 0
0.490235 0 -0.871591 0 0 1 0 0 0.871591 0 0.490235 0 -799.344 0 -656.171 1 0
0.490235 0 -0.871591 0 0 1 0 0 0.871591 0 0.490235 0 -799.344 0 -656.171 1 0
0.490235 0 -0.871591 0 0 1 0 0 0.871591 0 0.490235 0 -799.344 0 -656.171 1 0
0.490235 0 -0.871591 0 0 1 0 0 0.871591 0 0.490235 0 -799.344 0 -656.171 1 0
0.490235 0 -0.871591 0 0 1 0 0 0.871591 0 0.490235 0 -799.344 0 -656.171 1 0
0.490235 0 -0.871591 0 0 1 0 0 0.871591 0 0.490235 0 -799.344 0 -656.171 1 0
0.490235 0 -0.871591 0 0 1 0 0 0.871591 0 0.490235 0 -799.344 0 -656.171 1 0
0.490235 0 -0.871591 0 0 1 0 0 0.871591 0 0.490235 0 -799.344 0 -656.171 1 0
0.490235 0 -0.871591 0 0 1 0 0 0.871591 0 0.490235 0 -799.344 0 -656.171 1 0
0.490235 0 -0.871591 0 0 1 0 0 0.871591 0 0.490235 0 -799.344 0 -656.171 1 0
0.490235 0 -0.871591 0 0 1 0 0 0.871591 0 0.490235 0 -799.344 0 -656.171 1 0
0.490235 0 -0.871591 0 0 1 0 0 0.871591 0 0.490235 0 -799.344 0 -656.171 1 0
0.490235 0 -0.871591 0 0 1 0 0 0.871591 0 0.490235 0 -799.344 0 -656.171 1 0
0.490235 0 -0.871591 0 0 1 0 0 0.871591 0 0.490235 0 -799.344 0 -656.171 1 0
0.490235 0 -0.871591 0 0 1 0 0 0.871591 0 0.490235 0 -799.344 0 -656.171 1 0
0.490235 0 -0.871591 0 0 1 0 0 0.871591 0 0.490235 0 -799.344 0 -656.171 1 0
0.490235 0 -0.871591 0 0 1 0 0 0.871591 0 0.490235 0 -799.344 0 -656.171 1 0
0.490235 0 -0.871591 0 0 1 0 0 0.871591 0 0.490235 0 -799.344 0 -656.171 1 0
0.490235 0 -0.871591 0 0 1 0 0 0.871591 0 0.490235 0 -799.344 0 -656.171 1 0
0.490235 0 -0.871591 0 0 1 0 0 0.871591 0 0.490235 0 -799.344 0 -656.171 1 0
0.490235 0 -0.871591 0 0 1 0 0 0.871591 0 0.490235 0 -799.344 0 -656.171 1 0
0.490235 0 -0.871591 0 0 1 0 0 0.871591 0 0.490235 0 -799.344 0 -656.171 1 0
0.490235 0 -0.871591 0 0 1 0 0 0.871591 0 0.490235 0 -799.344 0 -656.171 1 0
0.490235 0 -0.871591 0 0 1 0 0 0.871591 0 0.490235 0 -799.344 0 -656.171 1 0
0.490235 0 -0.871591 0 0 1 0 0 0.871591 0 0.490235 0 -799.344 0 -656.171 1 0
0.490235 0 -0.871591 0 0 1 0 0 0.871591 0 0.490235 0 -799.344 0 -656.171 1 0
0.490235 0 -0.871591 0 0 1 0 0 0.871591 0 0.490235 0 -799.344 0 -656.171 1 0
0.490235 0 -0.871591 0 0 1 0 0 0.871591 0 0.490235 0 -799.344 0 -656.171 1 0
0.490235 0 -0.871591 0 0 1 0 0 0.871591 0 0.490235 0 -799.344 0 -656.171 1 0
0.490235 0 -0.871591 0 0 1 0 0 0.871591 0 0.490235 0 -799.344 0 -656.171 1 0
0.490235 0 -0.871591 0 0 1 0 0 0.871591 0 0.490235 0 -799.344 0 -656.171 1 0
0.490235 0 -0.871591 0 0 1 0 0 0.871591 0 0.490235 0 -799.344 0 -656.171 1 0
0.490235 0 -0.871591 0 0 1 0 0 0.871591 0 0.490235 0 -799.344 0 -656.171 1 0
0.490235 0 -0.871591 0 0 1 0 0 0.871591 0 0.490235 0 -799.344 0 -656.171 1 0
0.490235 0 -0.871591 0 0 1 0 0 0.871591 0 0.490235 0 -799.344 0 -656.171 1 0
0.490235 0 -0.871591 0 0 1 0 0 0.871591 0 0.490235 0 -799.344 0 -656.171 1 0
0.490235 0 -0.871591 0 0 1 0 0 0.871591 0 0.490235 0 -799.344 0 -656.171 1 0
0.490235 0 -0.871591 0 0 1 0 0 0.871591 0 0.490235 0 -799.344 0 -656.171 1 0
0.490235 0 -0.871591 0 0 1 0 0 0.871591 0 0.490235 0 -799.344 0 -656.171 1 0
0.490235 0 -0.871591 0 0 1 0 0 0.871591 0 0.490235 0 -799.344 0 -656.171 1 0
0.490235 0 -0.871591 0 0 1 0 0 0.871591 0 0.490235 0 -799.344 0 -656.171 1 0
0.490235 0 -0.871591 0 0 1 0 0 0.871591 0 0.490235 0 -799.344 0 -656.171 1 0
0.490235 0 -0.871591 0 0 1 0 0 0.871591 0 0.490235 0 -799.344 0 -656.171 1 0
0.490235 0 -0.871591 0 0 1 0 0 0.871591 0 0.490235 0 -799.344 0 -656.171 1 0
0.490235 0 -0.871591 0 0 1 0 0 0.871591 0 0.490235 0 -799.344 0 -656.171 1 0
0.490235 0 -0.871591 0 0 1 0 0 0.871591 0 0.490235 0 -799.344 0 -656.171 1 0
0.490235 0 -0.871591 0 0 1 0 0 0.871591 0 0.490235 0 -799.344 0 -656.171 1 0
0.490235 0 -0.871591 0 0 1 0 0 0.871591 0 0.490235 0 -799.344 0 -656.171 1 0
0.490235 0 -0.871591 0 0 1 0 0 0.871591 0 0.490235 0 -799.344 0 -656.171 1 0
0.490235 0 -0.871591 0 0 1 0 0 0.871591 0 0.490235 0 -799.344 0 -656.171 1 0
0.490235 0 -0.871591 0 0 1 0 0 0.871591 0 0.490235 0 -799.344 0 -656.171 1 0
0.490235 0 -0.871591 0 0 1 0 0 0.871591 0 0.490235 0 -799.344 0 -656.171 1 0
0.490235 0 -0.871591 0 0 1 0 0 0.871591 0 0.490235 0 -799.344 0 -656.171 1 0
0.490235 0 -0.871591 0 0 1 0 0 0.871591 0 0.490235 0 -799.344 0 -656.171 1 0
0.490235 0 -0.871591 0 0 1 0 0 0.871591 0 0.490235 0 -799.344 0 -656.171 1 0
0.490235 0 -0.871591 0 0 1 0 0 0.871591 0 0.490235 0 -799.344 0 -656.171 1 0
0.490235 0 -0.871591 0 0 1 0 0 0.871591 0 0.490235 0 -799.344 0 -656.171 1 0
0.490235 0 -0.871591 0 0 1 0 0 0.871591 0 0.490235 0 -799.344 0 -656.171 1 0
0.490235 0 -0.871591 0 0 1 0 0 0.871591 0 0.490235 0 -799.344 0 -656.171 1 0
0.490235 0 -0.871591 0 0 1 0 0 0.871591 0 0.490235 0 -799.344 0 -656.171 1 0
0.490235 0 -0.871591 0 0 1 0 0 0.871591 0 0.490235 0 -799.344 0 -656.171 1 0
0.490235 0 -0.871591 0 0 1 0 0 0.871591 0 0.490235 0 -799.344 0 -656.171 1 0
0.490235 0 -0.871591 0 0 1 0 0 0.871591 0 0.490235 0 -799.344 0 -656.171 1 0
0.490235 0 -0.871591 0 0 1 0 0 0.871591 0 0.490235 0 -799.344 0 -656.171 1 0
0.490235 0 -0.871591 0 0 1 0 0 0.871591 0 0.490235 0 -799.344 0 -656.171 1 0
0.490235 0 -0.871591 0 0 1 0 0 0.871591 0 0.490235 0 -799.344 0 -656.171 1 0
0.490235 0 -0.871591 0 0 1 0 0 0.871591 0 0.490235 0 -799.344 0 -656.171 1 0
0.490235 0 -0.871591 0 0 1 0 0 0.871591 0 0.490235 0 -799.344 0 -656.171 1 0
0.490235 0 -0.871591 0 0 1 0 0 0.871591 0 0.490235 0 -799.344 0 -656.171 1 0
0.490235 0 -0.871591 0 0 1 0 0 0.871591 0 0.490235 0 -799.344 0 -656.171 1 0
0.490235 0 -0.871591 0 0 1 0 0 0.871591 0 0.490235 0 -799.344 0 -656.171 1 0
0.490235 0 -0.871591 0 0 1 0 0 0.871591 0 0.490235 0 -799.344 0 -656.171 1 0
0.490235 0 -0.871591 0 0 1 0 0 0.871591 0 0.490235 0 -799.344 0 -656.171 1 0
0.490235 0 -0.871591 0 0 1 0 0 0.871591 0 0.490235 0 -799.344 0 -656.171 1 0
0.490235 0 -0.871591 0 0 1 0 0 0.871591 0 0.490235 0 -799.344 0 -656.171 1 0
0.490235 0 -0.871591 0 0 1 0 0 0.871591 0 0.490235 0 -799.344 0 -656.171 1 0
0.490235 0 -0.871591 0 0 1 0 0 0.871591 0 0.490235 0 -799.344 0 -656.171 1 0
0.490235 0 -0.871591 0 0 1 0 0 0.871591 0 0.490235 0 -799.344 0 -656.171 1 0
0.490235 0 -0.871591 0 0 1 0 0 0.871591 0 0.490235 0 -799.344 0 -656.171 1 0
0.300189 0.0857328 -0.950019 0 -0.0334318 0.996287 0.0793443 0 0.953294 0.0079425 0.301941 0 -1086.49 227.714 -744.667 1 1
0.294898 0.0752027 -0.952565 0 -0.0304433 0.997131 0.0692964 0 0.955044 0.00856387 0.296341 0 -1048.22 233.184 -812.169 1 1
0.294898 0.0752027 -0.952565 0 -0.0304433 0.997131 0.0692964 0 0.955044 0.00856387 0.296341 0 -1048.22 233.184 -812.169 1 2
0.294898 0.0752027 -0.952565 0 -0.0304433 0.997131 0.0692964 0 0.955044 0.00856387 0.296341 0 -1048.22 233.184 -812.169 1 2
0.294898 0.0752027 -0.952565 0 -0.0304433 0.997131 0.0692964 0 0.955044 0.00856387 0.296341 0 -1048.22 233.184 -812.169 1 2
0.294898 0.0752027 -0.952565 0 -0.0304433 0.997131 0.0692964 0 0.955044 0.00856387 0.296341 0 -1048.22 233.184 -812.169 1 2
0.294898 0.0752027 -0.952565 0 -0.0304433 0.997131 0.0692964 0 0.955044 0.00856387 0.296341 0 -1048.22 233.184 -812.169 1 2
0.294898 0.0752027 -0.952565 0 -0.0304433 0.997131 0.0692964 0 0.955044 0.00856387 0.296341 0 -1048.22 233.184 -812.169 1 2
0.294898 0.0752027 -0.952565 0 -0.0304433 0.997131 0.0692964 0 0.955044 0.00856387 0.296341 0 -1048.22 233.184 -812.169 1 2
0.294898 0.0752027 -0.952565 0 -0.0304433 0.997131 0.0692964 0 0.955044 0.00856387 0.296341 0 -1048.22 233.184 -812.169 1 2
0.294898 0.0752027 -0.952565 0 -0.0304433 0.997131 0.0692964 0 0.955044 0.00856387 0.296341 0 -1048.22 233.184 -812.169 1 2
0.294898 0.0752027 -0.952565 0 -0.0304433 0.997131 0.0692964 0 0.955044 0.00856387 0.296341 0 -1048.22 233.184 -812.169 1 2
0.291255 0.0908762 -0.952319 0 -0.0413247 0.995744 0.0823814 0 0.955752 0.0153603 0.293771 0 -1049.46 199.504 -823.645 1 3
0.287495 0.101323 -0.952408 0 -0.0495636 0.99463 0.0908531 0 0.956499 0.0210849 0.290973 0 -1051.5 167.56 -832.737 1 3
0.284343 0.1077 -0.952654 0 -0.0557721 0.993846 0.0957101 0 0.957099 0.0259171 0.288599 0 -1054.56 138.662 -840.636 1 3
0.281301 0.109999 -0.953294 0 -0.0599978 0.993481 0.0969318 0 0.957742 0.0299286 0.286067 0 -1059.08 112.024 -846.996 1 3
0.278319 0.107549 -0.954448 0 -0.0610677 0.993682 0.094162 0 0.958545 0.0320788 0.283129 0 -1064.95 86.9149 -851.599 1 3
0.274933 0.100552 -0.956191 0 -0.0578626 0.994444 0.0879377 0 0.959721 0.0311507 0.279224 0 -1073.56 66.8383 -854.445 1 3
0.271025 0.0873194 -0.958603 0 -0.0527746 0.995727 0.0757801 0 0.961124 0.0300516 0.274475 0 -1082.31 45.0408 -855.487 1 3
0.266972 0.0725235 -0.960971 0 -0.0469778 0.996958 0.0621882 0 0.962558 0.0285418 0.269567 0 -1091.21 28.926 -855.421 1 3
0.262493 0.0582734 -0.963173 0 -0.0411239 0.997943 0.0491696 0 0.964057 0.0267027 0.26435 0 -1100.25 18.9747 -854.898 1 3
0.257515 0.0454309 -0.965206 0 -0.0354161 0.998667 0.0375569 0 0.965625 0.0245124 0.25878 0 -1109.2 13.3762 -854.45 1 3
0.252549 0.0348957 -0.966955 0 -0.0305621 0.999139 0.0280749 0 0.967101 0.0224619 0.253398 0 -1117.64 10.3365 -854.684 1 3
0.248094 0.0267298 -0.968367 0 -0.0266274 0.99943 0.0207653 0 0.96837 0.0206333 0.248664 0 -1125.44 9.14984 -855.827 1 3
0.244197 0.0203448 -0.969512 0 -0.0233931 0.999613 0.0150843 0 0.969444 0.0189964 0.244578 0 -1132.3 9.11475 -857.528 1 3
0.240748 0.0157628 -0.97046 0 -0.0208331 0.999722 0.0110699 0 0.970364 0.0175526 0.24101 0 -1138.56 9.62072 -859.828 1 3
0.237225 0.0121415 -0.971379 0 -0.0190375 0.999788 0.00784738 0 0.971268 0.016631 0.237406 0 -1144.47 10.0182 -861.987 1 3
0.233646 0.00943629 -0.972276 0 -0.017541 0.999831 0.00548849 0 0.972164 0.0157723 0.233772 0 -1149.91 10.6496 -863.991 1 3
0.230003 0.00719711 -0.973163 0 -0.0161979 0.999862 0.00356627 0 0.973055 0.0149429 0.230088 0 -1154.97 11.1585 -865.655 1 3
0.22656 0.00555185 -0.973981 0 -0.0152457 0.999881 0.00215315 0 0.973878 0.0143612 0.226618 0 -1159.42 11.573 -866.926 1 3
0.223278 0.00436833 -0.974745 0 -0.0143302 0.999897 0.00119854 0 0.97465 0.0137007 0.223317 0 -1163.49 12.0294 -867.958 1 3
0.22032 0.00332783 -0.975422 0 -0.0136243 0.999907 0.000334022 0 0.975333 0.0132159 0.220344 0 -1167.09 12.3002 -868.916 1 3
0.21769 0.00240229 -0.976015 0 -0.0130833 0.999914 -0.000456985 0 0.97593 0.012869 0.217703 0 -1170.24 12.4105 -870.02 1 3
0.215619 0.00172758 -0.976476 0 -0.0126815 0.999919 -0.00103119 0 0.976395 0.0126055 0.215624 0 -1172.9 12.4992 -871.419 1 3
0.213736 0.00138589 -0.976891 0 -0.0122965 0.999924 -0.0012718 0 0.976814 0.0122841 0.213736 0 -1175.4 12.8123 -872.921 1 3
0.21239 0.00122411 -0.977184 0 -0.0119756 0.999927 -0.00135029 0 0.977112 0.0119892 0.212389 0 -1177.43 13.0193 -874.688 1 3
0.211214 0.00106345 -0.977439 0 -0.0116189 0.999931 -0.00142278 0 0.977371 0.0116572 0.211212 0 -1179.22 13.2366 -876.542 1 3
0.210149 0.0010189 -0.977669 0 -0.0112008 0.999936 -0.00136551 0 0.977605 0.0112377 0.210147 0 -1180.92 13.5648 -878.551 1 3
0.209223 0.000939084 -0.977868 0 -0.0107853 0.999941 -0.00134733 0 0.977808 0.0108285 0.209221 0 -1182.61 13.8584 -880.581 1 3
0.208349 0.000890022 -0.978054 0 -0.0102881 0.999946 -0.00128167 0 0.978001 0.0103294 0.208347 0 -1184.18 14.2771 -882.648 1 3
0.207419 0.000861597 -0.978252 0 -0.00991078 0.99995 -0.00122068 0 0.978202 0.00994843 0.207417 0 -1185.64 14.5927 -884.52 1 3
0.206522 0.00095492 -0.978442 0 -0.00980075 0.999951 -0.00109275 0 0.978393 0.00981514 0.206521 0 -1186.88 14.6336 -886.654 1 3
0.205742 0.0010664 -0.978606 0 -0.009736 0.999952 -0.000957232 0 0.978558 0.00972465 0.205742 0 -1188.04 14.6585 -888.789 1 3
0.205064 0.00118955 -0.978748 0 -0.00960859 0.999954 -0.000797832 0 0.978701 0.00956799 0.205066 0 -1189.15 14.5835 -890.98 1 3
0.204462 0.00128602 -0.978874 0 -0.00956593 0.999954 -0.000684366 0 0.978828 0.00950377 0.204465 0 -1190.21 14.4479 -893.146 1 3
0.203961 0.00129838 -0.978978 0 -0.00953812 0.999954 -0.000660981 0 0.978933 0.00947243 0.203964 0 -1191.18 14.2512 -895.276 1 3
0.203547 0.00130754 -0.979064 0 -0.00951598 0.999955 -0.000642928 0 0.979019 0.00944762 0.20355 0 -1192.08 14.0786 -897.308 1 3
0.203821 0.00303004 -0.979004 0 -0.00993283 0.99995 0.00102693 0 0.978958 0.00951496 0.203841 0 -1194.59 15.0332 -900.508 1 3
0.203929 0.00416521 -0.978977 0 -0.0100497 0.999947 0.00216099 0 0.978934 0.00939772 0.20396 0 -1196.54 15.6049 -903.269 1 3
0.203815 0.00497162 -0.978997 0 -0.0101093 0.999944 0.00297336 0 0.978957 0.00929099 0.203854 0 -1198.2 15.8777 -905.563 1 3
0.203501 0.00532381 -0.97906 0 -0.0100839 0.999944 0.00334139 0 0.979023 0.00919273 0.203544 0 -1199.64 16.0389 -907.479 1 3
0.203094 0.0055858 -0.979143 0 -0.0100017 0.999943 0.00362991 0 0.979108 0.00905584 0.203138 0 -1200.89 16.1772 -908.924 1 3
0.202668 0.00582476 -0.97923 0 -0.00997571 0.999943 0.00388332 0 0.979197 0.00898149 0.202715 0 -1201.92 16.2544 -910.188 1 3
0.202311 0.00600038 -0.979303 0 -0.00996955 0.999942 0.00406727 0 0.979271 0.00894036 0.202359 0 -1202.86 16.2375 -911.364 1 3
0.201907 0.00613275 -0.979386 0 -0.00998383 0.999941 0.00420324 0 0.979354 0.00892936 0.201956 0 -1203.68 16.147 -912.281 1 3
0.201585 0.00623114 -0.979451 0 -0.00999121 0.999941 0.00430516 0 0.97942 0.00891805 0.201635 0 -1204.35 16.0708 -913.14 1 3
0.201331 0.00629481 -0.979503 0 -0.0100104 0.99994 0.00436858 0 0.979472 0.00892564 0.201382 0 -1204.88 15.9747 -913.91 1 3
