0.0871975 0 0.996191 0 0 1 0 0 -0.996191 0 0.0871975 0 -2355.35 0 365.246 1 0
0.0871975 0 0.996191 0 0 1 0 0 -0.996191 0 0.0871975 0 -2355.35 0 365.246 1 0
0.0871975 0 0.996191 0 0 1 0 0 -0.996191 0 0.0871975 0 -2355.35 0 365.246 1 0
0.0871975 0 0.996191 0 0 1 0 0 -0.996191 0 0.0871975 0 -2355.35 0 365.246 1 0
0.0871975 0 0.996191 0 0 1 0 0 -0.996191 0 0.0871975 0 -2355.35 0 365.246 1 0
0.0871975 0 0.996191 0 0 1 0 0 -0.996191 0 0.0871975 0 -2355.35 0 365.246 1 0
0.0871975 0 0.996191 0 0 1 0 0 -0.996191 0 0.0871975 0 -2355.35 0 365.246 1 0
0.0871975 0 0.996191 0 0 1 0 0 -0.996191 0 0.0871975 0 -2355.35 0 365.246 1 0
0.0871975 0 0.996191 0 0 1 0 0 -0.996191 0 0.0871975 0 -2355.35 0 365.246 1 0
0.0871975 0 0.996191 0 0 1 0 0 -0.996191 0 0.0871975 0 -2355.35 0 365.246 1 0
0.0871975 0 0.996191 0 0 1 0 0 -0.996191 0 0.0871975 0 -2355.35 0 365.246 1 0
0.0871975 0 0.996191 0 0 1 0 0 -0.996191 0 0.0871975 0 -2355.35 0 365.246 1 0
0.0871975 0 0.996191 0 0 1 0 0 -0.996191 0 0.0871975 0 -2355.35 0 365.246 1 0
0.0871975 0 0.996191 0 0 1 0 0 -0.996191 0 0.0871975 0 -2355.35 0 365.246 1 0
0.0871975 0 0.996191 0 0 1 0 0 -0.996191 0 0.0871975 0 -2355.35 0 365.246 1 0
0.0871975 0 0.996191 0 0 1 0 0 -0.996191 0 0.0871975 0 -2355.35 0 365.246 1 0
0.0871975 0 0.996191 0 0 1 0 0 -0.996191 0 0.0871975 0 -2355.35 0 365.246 1 0
0.0871975 0 0.996191 0 0 1 0 0 -0.996191 0 0.0871975 0 -2355.35 0 365.246 1 0
0.0871975 0 0.996191 0 0 1 0 0 -0.996191 0 0.0871975 0 -2355.35 0 365.246 1 0
0.0871975 0 0.996191 0 0 1 0 0 -0.996191 0 0.0871975 0 -2355.35 0 365.246 1 0
0.0871975 0 0.996191 0 0 1 0 0 -0.996191 0 0.0871975 0 -2355.35 0 365.246 1 0
0.0871975 0 0.996191 0 0 1 0 0 -0.996191 0 0.0871975 0 -2355.35 0 365.246 1 0
0.0871975 0 0.996191 0 0 1 0 0 -0.996191 0 0.0871975 0 -2355.35 0 365.246 1 0
0.0871975 0 0.996191 0 0 1 0 0 -0.996191 0 0.0871975 0 -2355.35 0 365.246 1 0
0.0871975 0 0.996191 0 0 1 0 0 -0.996191 0 0.0871975 0 -2355.35 0 365.246 1 0
0.0871975 0 0.996191 0 0 1 0 0 -0.996191 0 0.0871975 0 -2355.35 0 365.246 1 0
0.0871975 0 0.996191 0 0 1 0 0 -0.996191 0 0.0871975 0 -2355.35 0 365.246 1 0
0.0871975 0 0.996191 0 0 1 0 0 -0.996191 0 0.0871975 0 -2355.35 0 365.246 1 0
0.0871975 0 0.996191 0 0 1 0 0 -0.996191 0 0.0871975 0 -2355.35 0 365.246 1 0
0.0871975 0 0.996191 0 0 1 0 0 -0.996191 0 0.0871975 0 -2355.35 0 365.246 1 0
0.0871975 0 0.996191 0 0 1 0 0 -0.996191 0 0.0871975 0 -2355.35 0 365.246 1 0
0.0871975 0 0.996191 0 0 1 0 0 -0.996191 0 0.0871975 0 -2355.35 0 365.246 1 0
0.0871975 0 0.996191 0 0 1 0 0 -0.996191 0 0.0871975 0 -2355.35 0 365.246 1 0
0.0871975 0 0.996191 0 0 1 0 0 -0.996191 0 0.0871975 0 -2355.35 0 365.246 1 0
0.106659 -0.0630254 0.992296 0 -0.0144761 0.997785 0.06493 0 -0.99419 -0.0212899 0.10551 0 -2062.89 -45.7033 1160.65 1 1
0.111855 -0.0475762 0.992585 0 -0.0210789 0.998515 0.0502358 0 -0.993501 -0.0265418 0.110686 0 -2072.35 -48.8069 1233.98 1 1
0.111855 -0.0475762 0.992585 0 -0.0210789 0.998515 0.0502358 0 -0.993501 -0.0265418 0.110686 0 -2072.35 -48.8069 1233.98 1 2
0.111855 -0.0475762 0.992585 0 -0.0210789 0.998515 0.0502358 0 -0.993501 -0.0265418 0.110686 0 -2072.35 -48.8069 1233.98 1 2
0.111855 -0.0475762 0.992585 0 -0.0210789 0.998515 0.0502358 0 -0.993501 -0.0265418 0.110686 0 -2072.35 -48.8069 1233.98 1 2
0.111855 -0.0475762 0.992585 0 -0.0210789 0.998515 0.0502358 0 -0.993501 -0.0265418 0.110686 0 -2072.35 -48.8069 1233.98 1 2
0.111855 -0.0475762 0.992585 0 -0.0210789 0.998515 0.0502358 0 -0.993501 -0.0265418 0.110686 0 -2072.35 -48.8069 1233.98 1 2
0.111855 -0.0475762 0.992585 0 -0.0210789 0.998515 0.0502358 0 -0.993501 -0.0265418 0.110686 0 -2072.35 -48.8069 1233.98 1 2
0.111855 -0.0475762 0.992585 0 -0.0210789 0.998515 0.0502358 0 -0.993501 -0.0265418 0.110686 0 -2072.35 -48.8069 1233.98 1 2
0.111855 -0.0475762 0.992585 0 -0.0210789 0.998515 0.0502358 0 -0.993501 -0.0265418 0.110686 0 -2072.35 -48.8069 1233.98 1 2
0.111855 -0.0475762 0.992585 0 -0.0210789 0.998515 0.0502358 0 -0.993501 -0.0265418 0.110686 0 -2072.35 -48.8069 1233.98 1 2
0.111855 -0.0475762 0.992585 0 -0.0210789 0.998515 0.0502358 0 -0.993501 -0.0265418 0.110686 0 -2072.35 -48.8069 1233.98 1 2
0.111855 -0.0475762 0.992585 0 -0.0210789 0.998515 0.0502358 0 -0.993501 -0.0265418 0.110686 0 -2072.35 -48.8069 1233.98 1 2
0.111855 -0.0475762 0.992585 0 -0.0210789 0.998515 0.0502358 0 -0.993501 -0.0265418 0.110686 0 -2072.35 -48.8069 1233.98 1 2
0.111855 -0.0475762 0.992585 0 -0.0210789 0.998515 0.0502358 0 -0.993501 -0.0265418 0.110686 0 -2072.35 -48.8069 1233.98 1 2
0.111855 -0.0475762 0.992585 0 -0.0210789 0.998515 0.0502358 0 -0.993501 -0.0265418 0.110686 0 -2072.35 -48.8069 1233.98 1 2
0.111855 -0.0475762 0.992585 0 -0.0210789 0.998515 0.0502358 0 -0.993501 -0.0265418 0.110686 0 -2072.35 -48.8069 1233.98 1 2
0.111855 -0.0475762 0.992585 0 -0.0210789 0.998515 0.0502358 0 -0.993501 -0.0265418 0.110686 0 -2072.35 -48.8069 1233.98 1 2
0.111855 -0.0475762 0.992585 0 -0.0210789 0.998515 0.0502358 0 -0.993501 -0.0265418 0.110686 0 -2072.35 -48.8069 1233.98 1 2
0.111855 -0.0475762 0.992585 0 -0.0210789 0.998515 0.0502358 0 -0.993501 -0.0265418 0.110686 0 -2072.35 -48.8069 1233.98 1 2
0.111855 -0.0475762 0.992585 0 -0.0210789 0.998515 0.0502358 0 -0.993501 -0.0265418 0.110686 0 -2072.35 -48.8069 1233.98 1 2
0.111855 -0.0475762 0.992585 0 -0.0210789 0.998515 0.0502358 0 -0.993501 -0.0265418 0.110686 0 -2072.35 -48.8069 1233.98 1 2
0.111855 -0.0475762 0.992585 0 -0.0210789 0.998515 0.0502358 0 -0.993501 -0.0265418 0.110686 0 -2072.35 -48.8069 1233.98 1 2
0.111855 -0.0475762 0.992585 0 -0.0210789 0.998515 0.0502358 0 -0.993501 -0.0265418 0.110686 0 -2072.35 -48.8069 1233.98 1 2
0.111855 -0.0475762 0.992585 0 -0.0210789 0.998515 0.0502358 0 -0.993501 -0.0265418 0.110686 0 -2072.35 -48.8069 1233.98 1 2
0.111855 -0.0475762 0.992585 0 -0.0210789 0.998515 0.0502358 0 -0.993501 -0.0265418 0.110686 0 -2072.35 -48.8069 1233.98 1 2
0.111855 -0.0475762 0.992585 0 -0.0210789 0.998515 0.0502358 0 -0.993501 -0.0265418 0.110686 0 -2072.35 -48.8069 1233.98 1 2
0.111855 -0.0475762 0.992585 0 -0.0210789 0.998515 0.0502358 0 -0.993501 -0.0265418 0.110686 0 -2072.35 -48.8069 1233.98 1 2
0.111855 -0.0475762 0.992585 0 -0.0210789 0.998515 0.0502358 0 -0.993501 -0.0265418 0.110686 0 -2072.35 -48.8069 1233.98 1 2
0.111855 -0.0475762 0.992585 0 -0.0210789 0.998515 0.0502358 0 -0.993501 -0.0265418 0.110686 0 -2072.35 -48.8069 1233.98 1 2
0.111855 -0.0475762 0.992585 0 -0.0210789 0.998515 0.0502358 0 -0.993501 -0.0265418 0.110686 0 -2072.35 -48.8069 1233.98 1 2
0.111855 -0.0475762 0.992585 0 -0.0210789 0.998515 0.0502358 0 -0.993501 -0.0265418 0.110686 0 -2072.35 -48.8069 1233.98 1 2
0.111855 -0.0475762 0.992585 0 -0.0210789 0.998515 0.0502358 0 -0.993501 -0.0265418 0.110686 0 -2072.35 -48.8069 1233.98 1 2
0.111855 -0.0475762 0.992585 0 -0.0210789 0.998515 0.0502358 0 -0.993501 -0.0265418 0.110686 0 -2072.35 -48.8069 1233.98 1 2
0.111855 -0.0475762 0.992585 0 -0.0210789 0.998515 0.0502358 0 -0.993501 -0.0265418 0.110686 0 -2072.35 -48.8069 1233.98 1 2
0.111855 -0.0475762 0.992585 0 -0.0210789 0.998515 0.0502358 0 -0.993501 -0.0265418 0.110686 0 -2072.35 -48.8069 1233.98 1 2
0.111855 -0.0475762 0.992585 0 -0.0210789 0.998515 0.0502358 0 -0.993501 -0.0265418 0.110686 0 -2072.35 -48.8069 1233.98 1 2
0.111855 -0.0475762 0.992585 0 -0.0210789 0.998515 0.0502358 0 -0.993501 -0.0265418 0.110686 0 -2072.35 -48.8069 1233.98 1 2
0.111855 -0.0475762 0.992585 0 -0.0210789 0.998515 0.0502358 0 -0.993501 -0.0265418 0.110686 0 -2072.35 -48.8069 1233.98 1 2
0.111855 -0.0475762 0.992585 0 -0.0210789 0.998515 0.0502358 0 -0.993501 -0.0265418 0.110686 0 -2072.35 -48.8069 1233.98 1 2
0.111855 -0.0475762 0.992585 0 -0.0210789 0.998515 0.0502358 0 -0.993501 -0.0265418 0.110686 0 -2072.35 -48.8069 1233.98 1 2
0.111855 -0.0475762 0.992585 0 -0.0210789 0.998515 0.0502358 0 -0.993501 -0.0265418 0.110686 0 -2072.35 -48.8069 1233.98 1 2
0.111855 -0.0475762 0.992585 0 -0.0210789 0.998515 0.0502358 0 -0.993501 -0.0265418 0.110686 0 -2072.35 -48.8069 1233.98 1 2
0.111855 -0.0475762 0.992585 0 -0.0210789 0.998515 0.0502358 0 -0.993501 -0.0265418 0.110686 0 -2072.35 -48.8069 1233.98 1 2
0.111855 -0.0475762 0.992585 0 -0.0210789 0.998515 0.0502358 0 -0.993501 -0.0265418 0.110686 0 -2072.35 -48.8069 1233.98 1 2
0.111855 -0.0475762 0.992585 0 -0.0210789 0.998515 0.0502358 0 -0.993501 -0.0265418 0.110686 0 -2072.35 -48.8069 1233.98 1 2
0.111855 -0.0475762 0.992585 0 -0.0210789 0.998515 0.0502358 0 -0.993501 -0.0265418 0.110686 0 -2072.35 -48.8069 1233.98 1 2
0.111855 -0.0475762 0.992585 0 -0.0210789 0.998515 0.0502358 0 -0.993501 -0.0265418 0.110686 0 -2072.35 -48.8069 1233.98 1 2
0.111855 -0.0475762 0.992585 0 -0.0210789 0.998515 0.0502358 0 -0.993501 -0.0265418 0.110686 0 -2072.35 -48.8069 1233.98 1 2
0.111855 -0.0475762 0.992585 0 -0.0210789 0.998515 0.0502358 0 -0.993501 -0.0265418 0.110686 0 -2072.35 -48.8069 1233.98 1 2
0.111855 -0.0475762 0.992585 0 -0.0210789 0.998515 0.0502358 0 -0.993501 -0.0265418 0.110686 0 -2072.35 -48.8069 1233.98 1 2
0.111855 -0.0475762 0.992585 0 -0.0210789 0.998515 0.0502358 0 -0.993501 -0.0265418 0.110686 0 -2072.35 -48.8069 1233.98 1 2
0.111855 -0.0475762 0.992585 0 -0.0210789 0.998515 0.0502358 0 -0.993501 -0.0265418 0.110686 0 -2072.35 -48.8069 1233.98 1 2
0.111855 -0.0475762 0.992585 0 -0.0210789 0.998515 0.0502358 0 -0.993501 -0.0265418 0.110686 0 -2072.35 -48.8069 1233.98 1 2
0.111855 -0.0475762 0.992585 0 -0.0210789 0.998515 0.0502358 0 -0.993501 -0.0265418 0.110686 0 -2072.35 -48.8069 1233.98 1 2
0.111855 -0.0475762 0.992585 0 -0.0210789 0.998515 0.0502358 0 -0.993501 -0.0265418 0.110686 0 -2072.35 -48.8069 1233.98 1 2
0.111855 -0.0475762 0.992585 0 -0.0210789 0.998515 0.0502358 0 -0.993501 -0.0265418 0.110686 0 -2072.35 -48.8069 1233.98 1 2
0.111855 -0.0475762 0.992585 0 -0.0210789 0.998515 0.0502358 0 -0.993501 -0.0265418 0.110686 0 -2072.35 -48.8069 1233.98 1 2
0.111855 -0.0475762 0.992585 0 -0.0210789 0.998515 0.0502358 0 -0.993501 -0.0265418 0.110686 0 -2072.35 -48.8069 1233.98 1 2
0.111855 -0.0475762 0.992585 0 -0.0210789 0.998515 0.0502358 0 -0.993501 -0.0265418 0.110686 0 -2072.35 -48.8069 1233.98 1 2
0.111855 -0.0475762 0.992585 0 -0.0210789 0.998515 0.0502358 0 -0.993501 -0.0265418 0.110686 0 -2072.35 -48.8069 1233.98 1 2
0.111855 -0.0475762 0.992585 0 -0.0210789 0.998515 0.0502358 0 -0.993501 -0.0265418 0.110686 0 -2072.35 -48.8069 1233.98 1 2
0.111855 -0.0475762 0.992585 0 -0.0210789 0.998515 0.0502358 0 -0.993501 -0.0265418 0.110686 0 -2072.35 -48.8069 1233.98 1 2
0.111855 -0.0475762 0.992585 0 -0.0210789 0.998515 0.0502358 0 -0.993501 -0.0265418 0.110686 0 -2072.35 -48.8069 1233.98 1 2
0.111855 -0.0475762 0.992585 0 -0.0210789 0.998515 0.0502358 0 -0.993501 -0.0265418 0.110686 0 -2072.35 -48.8069 1233.98 1 2
0.111855 -0.0475762 0.992585 0 -0.0210789 0.998515 0.0502358 0 -0.993501 -0.0265418 0.110686 0 -2072.35 -48.8069 1233.98 1 2
0.111855 -0.0475762 0.992585 0 -0.0210789 0.998515 0.0502358 0 -0.993501 -0.0265418 0.110686 0 -2072.35 -48.8069 1233.98 1 2
0.111855 -0.0475762 0.992585 0 -0.0210789 0.998515 0.0502358 0 -0.993501 -0.0265418 0.110686 0 -2072.35 -48.8069 1233.98 1 2
0.111855 -0.0475762 0.992585 0 -0.0210789 0.998515 0.0502358 0 -0.993501 -0.0265418 0.110686 0 -2072.35 -48.8069 1233.98 1 2
0.111855 -0.0475762 0.992585 0 -0.0210789 0.998515 0.0502358 0 -0.993501 -0.0265418 0.110686 0 -2072.35 -48.8069 1233.98 1 2
0.111855 -0.0475762 0.992585 0 -0.0210789 0.998515 0.0502358 0 -0.993501 -0.0265418 0.110686 0 -2072.35 -48.8069 1233.98 1 2
0.111855 -0.0475762 0.992585 0 -0.0210789 0.998515 0.0502358 0 -0.993501 -0.0265418 0.110686 0 -2072.35 -48.8069 1233.98 1 2
0.111855 -0.0475762 0.992585 0 -0.0210789 0.998515 0.0502358 0 -0.993501 -0.0265418 0.110686 0 -2072.35 -48.8069 1233.98 1 2
0.111855 -0.0475762 0.992585 0 -0.0210789 0.998515 0.0502358 0 -0.993501 -0.0265418 0.110686 0 -2072.35 -48.8069 1233.98 1 2
0.111855 -0.0475762 0.992585 0 -0.0210789 0.998515 0.0502358 0 -0.993501 -0.0265418 0.110686 0 -2072.35 -48.8069 1233.98 1 2
0.111855 -0.0475762 0.992585 0 -0.0210789 0.998515 0.0502358 0 -0.993501 -0.0265418 0.110686 0 -2072.35 -48.8069 1233.98 1 2
0.111855 -0.0475762 0.992585 0 -0.0210789 0.998515 0.0502358 0 -0.993501 -0.0265418 0.110686 0 -2072.35 -48.8069 1233.98 1 2
0.111855 -0.0475762 0.992585 0 -0.0210789 0.998515 0.0502358 0 -0.993501 -0.0265418 0.110686 0 -2072.35 -48.8069 1233.98 1 2
0.111855 -0.0475762 0.992585 0 -0.0210789 0.998515 0.0502358 0 -0.993501 -0.0265418 0.110686 0 -2072.35 -48.8069 1233.98 1 2
0.111855 -0.0475762 0.992585 0 -0.0210789 0.998515 0.0502358 0 -0.993501 -0.0265418 0.110686 0 -2072.35 -48.8069 1233.98 1 2
0.111855 -0.0475762 0.992585 0 -0.0210789 0.998515 0.0502358 0 -0.993501 -0.0265418 0.110686 0 -2072.35 -48.8069 1233.98 1 2
0.111855 -0.0475762 0.992585 0 -0.0210789 0.998515 0.0502358 0 -0.993501 -0.0265418 0.110686 0 -2072.35 -48.8069 1233.98 1 2
0.111855 -0.0475762 0.992585 0 -0.0210789 0.998515 0.0502358 0 -0.993501 -0.0265418 0.110686 0 -2072.35 -48.8069 1233.98 1 2
0.111855 -0.0475762 0.992585 0 -0.0210789 0.998515 0.0502358 0 -0.993501 -0.0265418 0.110686 0 -2072.35 -48.8069 1233.98 1 2
0.111855 -0.0475762 0.992585 0 -0.0210789 0.998515 0.0502358 0 -0.993501 -0.0265418 0.110686 0 -2072.35 -48.8069 1233.98 1 2
0.111855 -0.0475762 0.992585 0 -0.0210789 0.998515 0.0502358 0 -0.993501 -0.0265418 0.110686 0 -2072.35 -48.8069 1233.98 1 2
0.111855 -0.0475762 0.992585 0 -0.0210789 0.998515 0.0502358 0 -0.993501 -0.0265418 0.110686 0 -2072.35 -48.8069 1233.98 1 2
0.111855 -0.0475762 0.992585 0 -0.0210789 0.998515 0.0502358 0 -0.993501 -0.0265418 0.110686 0 -2072.35 -48.8069 1233.98 1 2
0.111855 -0.0475762 0.992585 0 -0.0210789 0.998515 0.0502358 0 -0.993501 -0.0265418 0.110686 0 -2072.35 -48.8069 1233.98 1 2
0.111855 -0.0475762 0.992585 0 -0.0210789 0.998515 0.0502358 0 -0.993501 -0.0265418 0.110686 0 -2072.35 -48.8069 1233.98 1 2
0.111855 -0.0475762 0.992585 0 -0.0210789 0.998515 0.0502358 0 -0.993501 -0.0265418 0.110686 0 -2072.35 -48.8069 1233.98 1 2
0.111855 -0.0475762 0.992585 0 -0.0210789 0.998515 0.0502358 0 -0.993501 -0.0265418 0.110686 0 -2072.35 -48.8069 1233.98 1 2
0.111855 -0.0475762 0.992585 0 -0.0210789 0.998515 0.0502358 0 -0.993501 -0.0265418 0.110686 0 -2072.35 -48.8069 1233.98 1 2
0.111855 -0.0475762 0.992585 0 -0.0210789 0.998515 0.0502358 0 -0.993501 -0.0265418 0.110686 0 -2072.35 -48.8069 1233.98 1 2
0.116031 -0.0470538 0.99213 0 -0.0315184 0.9982 0.0510277 0 -0.992745 -0.0371911 0.114339 0 -2068.51 -72.0809 1240.95 1 3
0.119584 -0.0452629 0.991792 0 -0.0406163 0.997901 0.050439 0 -0.991993 -0.0463147 0.117495 0 -2064.98 -89.3219 1246.6 1 3
0.122172 -0.0431213 0.991572 0 -0.0478549 0.997638 0.0492813 0 -0.991355 -0.0534724 0.11982 0 -2062.19 -101.948 1250.97 1 3
0.12448 -0.0403889 0.9914 0 -0.0533242 0.997455 0.047331 0 -0.990788 -0.0587573 0.122009 0 -2060.03 -110.898 1255.12 1 3
0.126681 -0.0376431 0.991229 0 -0.056181 0.997403 0.0450577 0 -0.990351 -0.0613962 0.124238 0 -2058.76 -115.836 1259.08 1 3
0.129236 -0.0360426 0.990959 0 -0.0553334 0.99752 0.0434975 0 -0.990069 -0.0604545 0.126921 0 -2058.65 -114.765 1263.19 1 3
0.131821 -0.0336153 0.990703 0 -0.0532258 0.997743 0.0409363 0 -0.989844 -0.0581272 0.129735 0 -2058.66 -111.378 1267.96 1 3
0.13423 -0.0319689 0.990434 0 -0.0500503 0.997985 0.0389958 0 -0.989685 -0.0548059 0.13236 0 -2059.29 -106.954 1272.63 1 3
0.13663 -0.0299536 0.990169 0 -0.0458509 0.99828 0.0365258 0 -0.98956 -0.0503906 0.135022 0 -2059.71 -100.836 1277.96 1 3
0.139075 -0.028585 0.989869 0 -0.0414929 0.998537 0.034665 0 -0.989412 -0.0458936 0.137686 0 -2060.07 -94.5112 1283.23 1 3
0.141214 -0.0276371 0.989593 0 -0.037478 0.998744 0.0332407 0 -0.989269 -0.0417821 0.140001 0 -2060.91 -89.0822 1287.49 1 3
0.14299 -0.0271459 0.989352 0 -0.0342068 0.998891 0.0323516 0 -0.989133 -0.0384685 0.141903 0 -2061.92 -84.9115 1290.93 1 3
0.144193 -0.0268836 0.989184 0 -0.0315973 0.998996 0.0317561 0 -0.989045 -0.0358345 0.143199 0 -2062.97 -81.3156 1293.27 1 3
0.145262 -0.027016 0.989024 0 -0.0298123 0.999054 0.0316686 0 -0.988944 -0.0340853 0.144319 0 -2063.7 -79.0615 1295.03 1 3
0.146476 -0.0270069 0.988846 0 -0.0286112 0.999093 0.0315249 0 -0.9888 -0.0329097 0.14557 0 -2063.97 -77.5819 1297.06 1 3
0.14798 -0.0271038 0.988619 0 -0.0276946 0.999119 0.0315371 0 -0.988603 -0.0320462 0.147099 0 -2063.89 -76.3196 1299.32 1 3
0.149812 -0.0272602 0.988339 0 -0.0266694 0.999145 0.0316008 0 -0.988355 -0.0310926 0.148957 0 -2063.36 -75.0417 1301.89 1 3
0.15196 -0.0267594 0.988024 0 -0.0259148 0.999182 0.0310474 0 -0.988047 -0.0303224 0.151142 0 -2064.05 -73.7865 1305.62 1 3
0.153914 -0.026504 0.987729 0 -0.0251354 0.999212 0.0307289 0 -0.987765 -0.0295566 0.153126 0 -2064.34 -72.3445 1308.91 1 3
0.155586 -0.0262927 0.987472 0 -0.0244184 0.999238 0.0304533 0 -0.987521 -0.0288506 0.154825 0 -2064.69 -71.0056 1311.48 1 3
0.156946 -0.0262293 0.987259 0 -0.0237253 0.999259 0.0303198 0 -0.987322 -0.0281816 0.156207 0 -2064.94 -69.9145 1313.51 1 3
0.157901 -0.0262458 0.987106 0 -0.0233365 0.999268 0.0303022 0 -0.987179 -0.0278204 0.157173 0 -2065.22 -69.274 1314.77 1 3
0.158725 -0.0263854 0.98697 0 -0.022979 0.999273 0.0304097 0 -0.987055 -0.0275064 0.158003 0 -2065.41 -68.9069 1315.69 1 3
0.159184 -0.0265464 0.986892 0 -0.0227151 0.999275 0.0305434 0 -0.986988 -0.0272794 0.158466 0 -2065.79 -68.6438 1315.98 1 3
0.159509 -0.0266854 0.986836 0 -0.0224522 0.999278 0.030651 0 -0.986941 -0.0270457 0.158795 0 -2066.01 -68.3612 1316.09 1 3
0.159728 -0.0268286 0.986796 0 -0.0220766 0.999284 0.0307415 0 -0.986914 -0.0266954 0.159022 0 -2066.28 -67.9097 1316.02 1 3
0.15992 -0.0269717 0.986761 0 -0.0217832 0.999287 0.0308444 0 -0.98689 -0.0264274 0.159218 0 -2066.52 -67.5613 1315.86 1 3
0.160108 -0.0270771 0.986728 0 -0.0214059 0.999293 0.0308953 0 -0.986867 -0.0260684 0.159415 0 -2066.74 -67.1142 1315.69 1 3
0.160377 -0.0272936 0.986678 0 -0.0211133 0.999294 0.0310744 0 -0.98683 -0.0258157 0.159688 0 -2066.72 -66.8311 1315.66 1 3
0.160484 -0.0271948 0.986664 0 -0.0209722 0.999301 0.0309543 0 -0.986816 -0.0256601 0.159801 0 -2066.79 -66.2811 1316.2 1 3
0.160526 -0.0271782 0.986657 0 -0.0209296 0.999302 0.0309317 0 -0.98681 -0.0256156 0.159845 0 -2066.95 -65.9492 1316.34 1 3
0.16046 -0.0272241 0.986667 0 -0.0208764 0.999302 0.0309679 0 -0.986822 -0.0255672 0.159779 0 -2067.13 -65.8014 1316.23 1 3
0.160375 -0.0272468 0.98668 0 -0.0208998 0.999301 0.0309923 0 -0.986835 -0.0255918 0.159694 0 -2067.16 -65.8035 1316.01 1 3
0.160314 -0.0272206 0.986691 0 -0.0209693 0.9993 0.0309755 0 -0.986843 -0.025656 0.159631 0 -2067.2 -65.8803 1315.81 1 3
0.160236 -0.027226 0.986703 0 -0.0209964 0.999299 0.0309833 0 -0.986855 -0.0256818 0.159552 0 -2067.27 -65.9612 1315.48 1 3
0.159841 -0.0277308 0.986753 0 -0.0213899 0.999273 0.0315475 0 -0.986911 -0.0261492 0.159131 0 -2067.84 -66.9634 1314.44 1 3
0.159505 -0.0280827 0.986798 0 -0.021601 0.999257 0.0319289 0 -0.986961 -0.0264086 0.15878 0 -2068.31 -67.5066 1313.49 1 3
0.159337 -0.0283065 0.986818 0 -0.0217726 0.999245 0.0321784 0 -0.986984 -0.0266129 0.158601 0 -2068.59 -67.8966 1312.95 1 3
0.159301 -0.0284061 0.986821 0 -0.0218738 0.999239 0.0322946 0 -0.986988 -0.0267301 0.158559 0 -2068.77 -68.1442 1312.64 1 3
0.15937 -0.0284667 0.986808 0 -0.0218944 0.999236 0.0323612 0 -0.986976 -0.0267629 0.158625 0 -2068.83 -68.2161 1312.48 1 3
0.159453 -0.0285903 0.986791 0 -0.0219258 0.999231 0.0324936 0 -0.986962 -0.0268174 0.158703 0 -2068.76 -68.4053 1312.38 1 3
0.15951 -0.028619 0.986781 0 -0.0219694 0.999229 0.0325314 0 -0.986952 -0.0268681 0.158759 0 -2068.7 -68.4913 1312.28 1 3
0.159611 -0.0286461 0.986764 0 -0.022007 0.999227 0.0325675 0 -0.986935 -0.0269138 0.158857 0 -2068.55 -68.5876 1312.31 1 3
0.159665 -0.0286789 0.986755 0 -0.0220268 0.999226 0.0326054 0 -0.986925 -0.026941 0.15891 0 -2068.47 -68.6872 1312.28 1 3
0.159675 -0.0287223 0.986752 0 -0.0220756 0.999223 0.0326576 0 -0.986923 -0.0269977 0.158917 0 -2068.44 -68.807 1312.22 1 3
