0.48955 0 -0.871975 0 0 1 0 0 0.871975 0 0.48955 0 -483.047 0 -287.97 1 0
0.48955 0 -0.871975 0 0 1 0 0 0.871975 0 0.48955 0 -483.047 0 -287.97 1 0
0.48955 0 -0.871975 0 0 1 0 0 0.871975 0 0.48955 0 -483.047 0 -287.97 1 0
0.48955 0 -0.871975 0 0 1 0 0 0.871975 0 0.48955 0 -483.047 0 -287.97 1 0
0.48955 0 -0.871975 0 0 1 0 0 0.871975 0 0.48955 0 -483.047 0 -287.97 1 0
0.48955 0 -0.871975 0 0 1 0 0 0.871975 0 0.48955 0 -483.047 0 -287.97 1 0
0.48955 0 -0.871975 0 0 1 0 0 0.871975 0 0.48955 0 -483.047 0 -287.97 1 0
0.48955 0 -0.871975 0 0 1 0 0 0.871975 0 0.48955 0 -483.047 0 -287.97 1 0
0.48955 0 -0.871975 0 0 1 0 0 0.871975 0 0.48955 0 -483.047 0 -287.97 1 0
0.48955 0 -0.871975 0 0 1 0 0 0.871975 0 0.48955 0 -483.047 0 -287.97 1 0
0.48955 0 -0.871975 0 0 1 0 0 0.871975 0 0.48955 0 -483.047 0 -287.97 1 0
0.48955 0 -0.871975 0 0 1 0 0 0.871975 0 0.48955 0 -483.047 0 -287.97 1 0
0.48955 0 -0.871975 0 0 1 0 0 0.871975 0 0.48955 0 -483.047 0 -287.97 1 0
0.48955 0 -0.871975 0 0 1 0 0 0.871975 0 0.48955 0 -483.047 0 -287.97 1 0
0.48955 0 -0.871975 0 0 1 0 0 0.871975 0 0.48955 0 -483.047 0 -287.97 1 0
0.48955 0 -0.871975 0 0 1 0 0 0.871975 0 0.48955 0 -483.047 0 -287.97 1 0
0.48955 0 -0.871975 0 0 1 0 0 0.871975 0 0.48955 0 -483.047 0 -287.97 1 0
0.48955 0 -0.871975 0 0 1 0 0 0.871975 0 0.48955 0 -483.047 0 -287.97 1 0
0.48955 0 -0.871975 0 0 1 0 0 0.871975 0 0.48955 0 -483.047 0 -287.97 1 0
0.48955 0 -0.871975 0 0 1 0 0 0.871975 0 0.48955 0 -483.047 0 -287.97 1 0
0.48955 0 -0.871975 0 0 1 0 0 0.871975 0 0.48955 0 -483.047 0 -287.97 1 0
0.48955 0 -0.871975 0 0 1 0 0 0.871975 0 0.48955 0 -483.047 0 -287.97 1 0
0.48955 0 -0.871975 0 0 1 0 0 0.871975 0 0.48955 0 -483.047 0 -287.97 1 0
0.48955 0 -0.871975 0 0 1 0 0 0.871975 0 0.48955 0 -483.047 0 -287.97 1 0
0.48955 0 -0.871975 0 0 1 0 0 0.871975 0 0.48955 0 -483.047 0 -287.97 1 0
0.48955 0 -0.871975 0 0 1 0 0 0.871975 0 0.48955 0 -483.047 0 -287.97 1 0
0.48955 0 -0.871975 0 0 1 0 0 0.871975 0 0.48955 0 -483.047 0 -287.97 1 0
0.48955 0 -0.871975 0 0 1 0 0 0.871975 0 0.48955 0 -483.047 0 -287.97 1 0
0.48955 0 -0.871975 0 0 1 0 0 0.871975 0 0.48955 0 -483.047 0 -287.97 1 0
0.48955 0 -0.871975 0 0 1 0 0 0.871975 0 0.48955 0 -483.047 0 -287.97 1 0
0.48955 0 -0.871975 0 0 1 0 0 0.871975 0 0.48955 0 -483.047 0 -287.97 1 0
0.48955 0 -0.871975 0 0 1 0 0 0.871975 0 0.48955 0 -483.047 0 -287.97 1 0
0.48955 0 -0.871975 0 0 1 0 0 0.871975 0 0.48955 0 -483.047 0 -287.97 1 0
0.48955 0 -0.871975 0 0 1 0 0 0.871975 0 0.48955 0 -483.047 0 -287.97 1 0
0.48955 0 -0.871975 0 0 1 0 0 0.871975 0 0.48955 0 -483.047 0 -287.97 1 0
0.48955 0 -0.871975 0 0 1 0 0 0.871975 0 0.48955 0 -483.047 0 -287.97 1 0
0.48955 0 -0.871975 0 0 1 0 0 0.871975 0 0.48955 0 -483.047 0 -287.97 1 0
0.48955 0 -0.871975 0 0 1 0 0 0.871975 0 0.48955 0 -483.047 0 -287.97 1 0
0.48955 0 -0.871975 0 0 1 0 0 0.871975 0 0.48955 0 -483.047 0 -287.97 1 0
0.48955 0 -0.871975 0 0 1 0 0 0.871975 0 0.48955 0 -483.047 0 -287.97 1 0
0.48955 0 -0.871975 0 0 1 0 0 0.871975 0 0.48955 0 -483.047 0 -287.97 1 0
0.48955 0 -0.871975 0 0 1 0 0 0.871975 0 0.48955 0 -483.047 0 -287.97 1 0
0.48955 0 -0.871975 0 0 1 0 0 0.871975 0 0.48955 0 -483.047 0 -287.97 1 0
0.48955 0 -0.871975 0 0 1 0 0 0.871975 0 0.48955 0 -483.047 0 -287.97 1 0
0.48955 0 -0.871975 0 0 1 0 0 0.871975 0 0.48955 0 -483.047 0 -287.97 1 0
0.48955 0 -0.871975 0 0 1 0 0 0.871975 0 0.48955 0 -483.047 0 -287.97 1 0
0.48955 0 -0.871975 0 0 1 0 0 0.871975 0 0.48955 0 -483.047 0 -287.97 1 0
0.48955 0 -0.871975 0 0 1 0 0 0.871975 0 0.48955 0 -483.047 0 -287.97 1 0
0.48955 0 -0.871975 0 0 1 0 0 0.871975 0 0.48955 0 -483.047 0 -287.97 1 0
0.48955 0 -0.871975 0 0 1 0 0 0.871975 0 0.48955 0 -483.047 0 -287.97 1 0
0.48955 0 -0.871975 0 0 1 0 0 0.871975 0 0.48955 0 -483.047 0 -287.97 1 0
0.48955 0 -0.871975 0 0 1 0 0 0.871975 0 0.48955 0 -483.047 0 -287.97 1 0
0.48955 0 -0.871975 0 0 1 0 0 0.871975 0 0.48955 0 -483.047 0 -287.97 1 0
0.48955 0 -0.871975 0 0 1 0 0 0.871975 0 0.48955 0 -483.047 0 -287.97 1 0
0.48955 0 -0.871975 0 0 1 0 0 0.871975 0 0.48955 0 -483.047 0 -287.97 1 0
0.48955 0 -0.871975 0 0 1 0 0 0.871975 0 0.48955 0 -483.047 0 -287.97 1 0
0.48955 0 -0.871975 0 0 1 0 0 0.871975 0 0.48955 0 -483.047 0 -287.97 1 0
0.48955 0 -0.871975 0 0 1 0 0 0.871975 0 0.48955 0 -483.047 0 -287.97 1 0
0.48955 0 -0.871975 0 0 1 0 0 0.871975 0 0.48955 0 -483.047 0 -287.97 1 0
0.48955 0 -0.871975 0 0 1 0 0 0.871975 0 0.48955 0 -483.047 0 -287.97 1 0
0.48955 0 -0.871975 0 0 1 0 0 0.871975 0 0.48955 0 -483.047 0 -287.97 1 0
0.48955 0 -0.871975 0 0 1 0 0 0.871975 0 0.48955 0 -483.047 0 -287.97 1 0
0.48955 0 -0.871975 0 0 1 0 0 0.871975 0 0.48955 0 -483.047 0 -287.97 1 0
0.48955 0 -0.871975 0 0 1 0 0 0.871975 0 0.48955 0 -483.047 0 -287.97 1 0
0.48955 0 -0.871975 0 0 1 0 0 0.871975 0 0.48955 0 -483.047 0 -287.97 1 0
0.48955 0 -0.871975 0 0 1 0 0 0.871975 0 0.48955 0 -483.047 0 -287.97 1 0
0.48955 0 -0.871975 0 0 1 0 0 0.871975 0 0.48955 0 -483.047 0 -287.97 1 0
0.48955 0 -0.871975 0 0 1 0 0 0.871975 0 0.48955 0 -483.047 0 -287.97 1 0
0.48955 0 -0.871975 0 0 1 0 0 0.871975 0 0.48955 0 -483.047 0 -287.97 1 0
0.48955 0 -0.871975 0 0 1 0 0 0.871975 0 0.48955 0 -483.047 0 -287.97 1 0
0.48955 0 -0.871975 0 0 1 0 0 0.871975 0 0.48955 0 -483.047 0 -287.97 1 0
0.48955 0 -0.871975 0 0 1 0 0 0.871975 0 0.48955 0 -483.047 0 -287.97 1 0
0.48955 0 -0.871975 0 0 1 0 0 0.871975 0 0.48955 0 -483.047 0 -287.97 1 0
0.48955 0 -0.871975 0 0 1 0 0 0.871975 0 0.48955 0 -483.047 0 -287.97 1 0
0.48955 0 -0.871975 0 0 1 0 0 0.871975 0 0.48955 0 -483.047 0 -287.97 1 0
0.48955 0 -0.871975 0 0 1 0 0 0.871975 0 0.48955 0 -483.047 0 -287.97 1 0
0.48955 0 -0.871975 0 0 1 0 0 0.871975 0 0.48955 0 -483.047 0 -287.97 1 0
0.48955 0 -0.871975 0 0 1 0 0 0.871975 0 0.48955 0 -483.047 0 -287.97 1 0
0.48955 0 -0.871975 0 0 1 0 0 0.871975 0 0.48955 0 -483.047 0 -287.97 1 0
0.48955 0 -0.871975 0 0 1 0 0 0.871975 0 0.48955 0 -483.047 0 -287.97 1 0
0.48955 0 -0.871975 0 0 1 0 0 0.871975 0 0.48955 0 -483.047 0 -287.97 1 0
0.48955 0 -0.871975 0 0 1 0 0 0.871975 0 0.48955 0 -483.047 0 -287.97 1 0
0.48955 0 -0.871975 0 0 1 0 0 0.871975 0 0.48955 0 -483.047 0 -287.97 1 0
0.48955 0 -0.871975 0 0 1 0 0 0.871975 0 0.48955 0 -483.047 0 -287.97 1 0
0.48955 0 -0.871975 0 0 1 0 0 0.871975 0 0.48955 0 -483.047 0 -287.97 1 0
0.48955 0 -0.871975 0 0 1 0 0 0.871975 0 0.48955 0 -483.047 0 -287.97 1 0
0.48955 0 -0.871975 0 0 1 0 0 0.871975 0 0.48955 0 -483.047 0 -287.97 1 0
0.48955 0 -0.871975 0 0 1 0 0 0.871975 0 0.48955 0 -483.047 0 -287.97 1 0
0.48955 0 -0.871975 0 0 1 0 0 0.871975 0 0.48955 0 -483.047 0 -287.97 1 0
0.48955 0 -0.871975 0 0 1 0 0 0.871975 0 0.48955 0 -483.047 0 -287.97 1 0
0.48955 0 -0.871975 0 0 1 0 0 0.871975 0 0.48955 0 -483.047 0 -287.97 1 0
0.48955 0 -0.871975 0 0 1 0 0 0.871975 0 0.48955 0 -483.047 0 -287.97 1 0
0.48955 0 -0.871975 0 0 1 0 0 0.871975 0 0.48955 0 -483.047 0 -287.97 1 0
0.48955 0 -0.871975 0 0 1 0 0 0.871975 0 0.48955 0 -483.047 0 -287.97 1 0
0.48955 0 -0.871975 0 0 1 0 0 0.871975 0 0.48955 0 -483.047 0 -287.97 1 0
0.48955 0 -0.871975 0 0 1 0 0 0.871975 0 0.48955 0 -483.047 0 -287.97 1 0
0.48955 0 -0.871975 0 0 1 0 0 0.871975 0 0.48955 0 -483.047 0 -287.97 1 0
0.48955 0 -0.871975 0 0 1 0 0 0.871975 0 0.48955 0 -483.047 0 -287.97 1 0
0.48955 0 -0.871975 0 0 1 0 0 0.871975 0 0.48955 0 -483.047 0 -287.97 1 0
0.48955 0 -0.871975 0 0 1 0 0 0.871975 0 0.48955 0 -483.047 0 -287.97 1 0
0.48955 0 -0.871975 0 0 1 0 0 0.871975 0 0.48955 0 -483.047 0 -287.97 1 0
0.48955 0 -0.871975 0 0 1 0 0 0.871975 0 0.48955 0 -483.047 0 -287.97 1 0
0.48955 0 -0.871975 0 0 1 0 0 0.871975 0 0.48955 0 -483.047 0 -287.97 1 0
0.48955 0 -0.871975 0 0 1 0 0 0.871975 0 0.48955 0 -483.047 0 -287.97 1 0
0.48955 0 -0.871975 0 0 1 0 0 0.871975 0 0.48955 0 -483.047 0 -287.97 1 0
0.48955 0 -0.871975 0 0 1 0 0 0.871975 0 0.48955 0 -483.047 0 -287.97 1 0
0.48955 0 -0.871975 0 0 1 0 0 0.871975 0 0.48955 0 -483.047 0 -287.97 1 0
0.48955 0 -0.871975 0 0 1 0 0 0.871975 0 0.48955 0 -483.047 0 -287.97 1 0
0.48955 0 -0.871975 0 0 1 0 0 0.871975 0 0.48955 0 -483.047 0 -287.97 1 0
0.48955 0 -0.871975 0 0 1 0 0 0.871975 0 0.48955 0 -483.047 0 -287.97 1 0
0.48955 0 -0.871975 0 0 1 0 0 0.871975 0 0.48955 0 -483.047 0 -287.97 1 0
0.48955 0 -0.871975 0 0 1 0 0 0.871975 0 0.48955 0 -483.047 0 -287.97 1 0
0.48955 0 -0.871975 0 0 1 0 0 0.871975 0 0.48955 0 -483.047 0 -287.97 1 0
0.48955 0 -0.871975 0 0 1 0 0 0.871975 0 0.48955 0 -483.047 0 -287.97 1 0
0.48955 0 -0.871975 0 0 1 0 0 0.871975 0 0.48955 0 -483.047 0 -287.97 1 0
0.48955 0 -0.871975 0 0 1 0 0 0.871975 0 0.48955 0 -483.047 0 -287.97 1 0
0.48955 0 -0.871975 0 0 1 0 0 0.871975 0 0.48955 0 -483.047 0 -287.97 1 0
0.48955 0 -0.871975 0 0 1 0 0 0.871975 0 0.48955 0 -483.047 0 -287.97 1 0
0.48955 0 -0.871975 0 0 1 0 0 0.871975 0 0.48955 0 -483.047 0 -287.97 1 0
0.48955 0 -0.871975 0 0 1 0 0 0.871975 0 0.48955 0 -483.047 0 -287.97 1 0
0.292441 0.0711926 -0.95363 0 -0.0308598 0.997408 0.0649973 0 0.955785 0.0104209 0.293881 0 -609.964 228.721 -604.98 1 1
0.28559 0.0774175 -0.95522 0 -0.0367659 0.996883 0.0698019 0 0.957646 0.0151848 0.287546 0 -575.993 234.462 -676.369 1 1
0.28559 0.0774175 -0.95522 0 -0.0367659 0.996883 0.0698019 0 0.957646 0.0151848 0.287546 0 -575.993 234.462 -676.369 1 2
0.28559 0.0774175 -0.95522 0 -0.0367659 0.996883 0.0698019 0 0.957646 0.0151848 0.287546 0 -575.993 234.462 -676.369 1 2
0.28559 0.0774175 -0.95522 0 -0.0367659 0.996883 0.0698019 0 0.957646 0.0151848 0.287546 0 -575.993 234.462 -676.369 1 2
0.28559 0.0774175 -0.95522 0 -0.0367659 0.996883 0.0698019 0 0.957646 0.0151848 0.287546 0 -575.993 234.462 -676.369 1 2
0.28559 0.0774175 -0.95522 0 -0.0367659 0.996883 0.0698019 0 0.957646 0.0151848 0.287546 0 -575.993 234.462 -676.369 1 2
0.28559 0.0774175 -0.95522 0 -0.0367659 0.996883 0.0698019 0 0.957646 0.0151848 0.287546 0 -575.993 234.462 -676.369 1 2
0.28273 0.0949346 -0.95449 0 -0.0488679 0.995224 0.0845109 0 0.957954 0.0227502 0.286018 0 -574.268 204.059 -690.693 1 3
0.279437 0.107115 -0.954171 0 -0.0585777 0.993809 0.0944102 0 0.958376 0.0295115 0.283981 0 -573.941 175.094 -702.492 1 3
0.276573 0.114923 -0.954096 0 -0.0660612 0.992749 0.100429 0 0.95872 0.0352526 0.28216 0 -575.092 148.645 -712.646 1 3
0.27369 0.118186 -0.954529 0 -0.0711724 0.99219 0.102442 0 0.959181 0.0398987 0.279964 0 -577.956 124.105 -721.072 1 3
0.270774 0.116208 -0.955603 0 -0.0727922 0.992316 0.100047 0 0.959887 0.0424703 0.277152 0 -582.425 100.174 -727.726 1 3
0.267298 0.109422 -0.957381 0 -0.0696826 0.993126 0.0940519 0 0.961091 0.0415729 0.273085 0 -589.732 79.6463 -733.076 1 3
0.263213 0.0957361 -0.959976 0 -0.0644882 0.994584 0.0815057 0 0.96258 0.0404537 0.267962 0 -597.177 57.2086 -736.754 1 3
0.258789 0.0800365 -0.962612 0 -0.0583551 0.996036 0.0671274 0 0.96417 0.0388015 0.262433 0 -604.925 40.1948 -739.267 1 3
0.253812 0.0649203 -0.965073 0 -0.0520905 0.997215 0.0533828 0 0.96585 0.036722 0.256486 0 -612.946 29.2231 -741.355 1 3
0.248373 0.0513279 -0.967304 0 -0.0460061 0.998093 0.0411487 0 0.967571 0.0342816 0.250261 0 -620.948 22.4067 -743.62 1 3
0.242852 0.0400062 -0.969238 0 -0.0408165 0.998686 0.0309948 0 0.969204 0.0320337 0.244165 0 -628.489 18.2543 -746.415 1 3
0.237965 0.0313298 -0.970768 0 -0.0365828 0.99906 0.0232753 0 0.970584 0.0299747 0.238888 0 -635.554 16.0986 -749.814 1 3
0.233721 0.0246309 -0.971992 0 -0.0331847 0.999299 0.0173434 0 0.971737 0.0282018 0.234374 0 -641.759 15.1653 -753.503 1 3
0.229988 0.019846 -0.972991 0 -0.0304709 0.999449 0.0131831 0 0.972716 0.026616 0.230466 0 -647.495 14.8919 -757.527 1 3
0.226135 0.0160494 -0.973964 0 -0.0285255 0.999545 0.00984786 0 0.973678 0.0255559 0.22649 0 -652.876 14.7544 -761.472 1 3
0.222284 0.0132011 -0.974893 0 -0.0269105 0.99961 0.00739994 0 0.974611 0.02459 0.222552 0 -657.871 14.908 -765.243 1 3
0.218391 0.0108752 -0.975801 0 -0.0255042 0.99966 0.00543307 0 0.975528 0.0237005 0.218594 0 -662.476 14.9668 -768.743 1 3
0.214729 0.00921156 -0.97663 0 -0.0245407 0.999691 0.00403336 0 0.976365 0.0231011 0.214889 0 -666.439 15.0488 -771.846 1 3
0.211267 0.00803623 -0.977395 0 -0.0235945 0.999717 0.00311973 0 0.977144 0.0224021 0.211396 0 -670.11 15.1371 -774.613 1 3
0.208101 0.00710844 -0.978082 0 -0.0228246 0.999737 0.00240955 0 0.977841 0.0218229 0.208208 0 -673.368 15.1083 -777.212 1 3
0.205281 0.00618311 -0.978683 0 -0.0222894 0.99975 0.00164095 0 0.978449 0.0214774 0.205368 0 -676.217 15.0381 -779.712 1 3
0.203 0.00556715 -0.979163 0 -0.0218708 0.99976 0.00115002 0 0.978935 0.0211816 0.203073 0 -678.712 14.9674 -782.239 1 3
0.201005 0.00520524 -0.979576 0 -0.0214557 0.999769 0.000909925 0 0.979355 0.0208346 0.20107 0 -681.077 15.122 -784.674 1 3
0.199563 0.00503069 -0.979872 0 -0.0211282 0.999776 0.000829865 0 0.979657 0.0205373 0.199624 0 -683.023 15.1748 -787.099 1 3
0.198318 0.00486057 -0.980126 0 -0.0207835 0.999784 0.000752738 0 0.979917 0.0202212 0.198376 0 -684.712 15.2121 -789.528 1 3
0.197198 0.00482975 -0.980352 0 -0.0203763 0.999792 0.00082683 0 0.980152 0.0198129 0.197256 0 -686.321 15.3238 -792.07 1 3
0.196264 0.00475293 -0.98054 0 -0.0199528 0.999801 0.000852557 0 0.980348 0.0193972 0.196319 0 -687.942 15.4044 -794.562 1 3
0.19538 0.00470107 -0.980716 0 -0.0194351 0.999811 0.000920715 0 0.980535 0.0188804 0.195434 0 -689.457 15.5653 -797.071 1 3
0.194415 0.00467635 -0.980908 0 -0.0190446 0.999818 0.000991888 0 0.980734 0.0184881 0.194469 0 -690.845 15.686 -799.406 1 3
0.193498 0.00482351 -0.981089 0 -0.0189743 0.999819 0.00117334 0 0.980917 0.0183885 0.193554 0 -691.997 15.6611 -802.023 1 3
0.192674 0.00494134 -0.98125 0 -0.018946 0.99982 0.00131469 0 0.98108 0.0183375 0.192733 0 -693.084 15.6364 -804.555 1 3
0.191954 0.00504809 -0.981391 0 -0.0188777 0.999821 0.00145053 0 0.981222 0.018248 0.192015 0 -694.143 15.4896 -807.089 1 3
0.191357 0.00514914 -0.981507 0 -0.0188459 0.999821 0.00157098 0 0.98134 0.0181967 0.19142 0 -695.158 15.3292 -809.57 1 3
0.190871 0.00515642 -0.981602 0 -0.0188257 0.999822 0.00159152 0 0.981435 0.0181755 0.190934 0 -696.096 15.1161 -811.961 1 3
0.190471 0.00516087 -0.981679 0 -0.0187968 0.999822 0.00160919 0 0.981513 0.0181459 0.190535 0 -696.966 14.9317 -814.208 1 3
0.190987 0.00699379 -0.981568 0 -0.0192685 0.999809 0.00337462 0 0.981403 0.0182688 0.191085 0 -699.577 15.9472 -817.302 1 3
0.191251 0.0082028 -0.981507 0 -0.0193609 0.999802 0.00458314 0 0.98135 0.0181263 0.191372 0 -701.62 16.4514 -820.053 1 3
0.191266 0.00905563 -0.981497 0 -0.0194034 0.999797 0.00544331 0 0.981347 0.0180032 0.191403 0 -703.326 16.6801 -822.469 1 3
0.191075 0.00946421 -0.98153 0 -0.0193169 0.999796 0.0058799 0 0.981385 0.0178366 0.191219 0 -704.776 16.8002 -824.601 1 3
0.190715 0.00976024 -0.981597 0 -0.0192259 0.999796 0.00620579 0 0.981457 0.0176885 0.190864 0 -706.017 16.884 -826.275 1 3
0.190294 0.0100412 -0.981676 0 -0.0191912 0.999795 0.00650643 0 0.98154 0.0176014 0.190448 0 -707.027 16.9325 -827.76 1 3
0.189926 0.0102316 -0.981745 0 -0.0191774 0.999794 0.00670967 0 0.981611 0.017553 0.190083 0 -707.944 16.8956 -829.132 1 3
0.189493 0.0103646 -0.981827 0 -0.0191899 0.999792 0.00685055 0 0.981694 0.0175431 0.189653 0 -708.736 16.8022 -830.271 1 3
0.189155 0.0104704 -0.981891 0 -0.0191893 0.999792 0.00696462 0 0.98176 0.0175244 0.189316 0 -709.386 16.7224 -831.3 1 3
0.188896 0.0105354 -0.981941 0 -0.0192088 0.999791 0.0070317 0 0.981809 0.0175336 0.189059 0 -709.902 16.6304 -832.198 1 3
