-0.875152 0 0.483848 0 0 1 0 0 -0.483848 0 -0.875152 0 -5118.56 0 -828.536 1 0
-0.875152 0 0.483848 0 0 1 0 0 -0.483848 0 -0.875152 0 -5118.56 0 -828.536 1 0
-0.875152 0 0.483848 0 0 1 0 0 -0.483848 0 -0.875152 0 -5118.56 0 -828.536 1 0
-0.875152 0 0.483848 0 0 1 0 0 -0.483848 0 -0.875152 0 -5118.56 0 -828.536 1 0
-0.875152 0 0.483848 0 0 1 0 0 -0.483848 0 -0.875152 0 -5118.56 0 -828.536 1 0
-0.875152 0 0.483848 0 0 1 0 0 -0.483848 0 -0.875152 0 -5118.56 0 -828.536 1 0
-0.875152 0 0.483848 0 0 1 0 0 -0.483848 0 -0.875152 0 -5118.56 0 -828.536 1 0
-0.875152 0 0.483848 0 0 1 0 0 -0.483848 0 -0.875152 0 -5118.56 0 -828.536 1 0
-0.875152 0 0.483848 0 0 1 0 0 -0.483848 0 -0.875152 0 -5118.56 0 -828.536 1 0
-0.875152 0 0.483848 0 0 1 0 0 -0.483848 0 -0.875152 0 -5118.56 0 -828.536 1 0
-0.875152 0 0.483848 0 0 1 0 0 -0.483848 0 -0.875152 0 -5118.56 0 -828.536 1 0
-0.875152 0 0.483848 0 0 1 0 0 -0.483848 0 -0.875152 0 -5118.56 0 -828.536 1 0
-0.875152 0 0.483848 0 0 1 0 0 -0.483848 0 -0.875152 0 -5118.56 0 -828.536 1 0
-0.875152 0 0.483848 0 0 1 0 0 -0.483848 0 -0.875152 0 -5118.56 0 -828.536 1 0
-0.875152 0 0.483848 0 0 1 0 0 -0.483848 0 -0.875152 0 -5118.56 0 -828.536 1 0
-0.875152 0 0.483848 0 0 1 0 0 -0.483848 0 -0.875152 0 -5118.56 0 -828.536 1 0
-0.875152 0 0.483848 0 0 1 0 0 -0.483848 0 -0.875152 0 -5118.56 0 -828.536 1 0
-0.875152 0 0.483848 0 0 1 0 0 -0.483848 0 -0.875152 0 -5118.56 0 -828.536 1 0
-0.875152 0 0.483848 0 0 1 0 0 -0.483848 0 -0.875152 0 -5118.56 0 -828.536 1 0
-0.875152 0 0.483848 0 0 1 0 0 -0.483848 0 -0.875152 0 -5118.56 0 -828.536 1 0
-0.875152 0 0.483848 0 0 1 0 0 -0.483848 0 -0.875152 0 -5118.56 0 -828.536 1 0
-0.875152 0 0.483848 0 0 1 0 0 -0.483848 0 -0.875152 0 -5118.56 0 -828.536 1 0
-0.875152 0 0.483848 0 0 1 0 0 -0.483848 0 -0.875152 0 -5118.56 0 -828.536 1 0
-0.875152 0 0.483848 0 0 1 0 0 -0.483848 0 -0.875152 0 -5118.56 0 -828.536 1 0
-0.875152 0 0.483848 0 0 1 0 0 -0.483848 0 -0.875152 0 -5118.56 0 -828.536 1 0
-0.875152 0 0.483848 0 0 1 0 0 -0.483848 0 -0.875152 0 -5118.56 0 -828.536 1 0
-0.875152 0 0.483848 0 0 1 0 0 -0.483848 0 -0.875152 0 -5118.56 0 -828.536 1 0
-0.875152 0 0.483848 0 0 1 0 0 -0.483848 0 -0.875152 0 -5118.56 0 -828.536 1 0
-0.875152 0 0.483848 0 0 1 0 0 -0.483848 0 -0.875152 0 -5118.56 0 -828.536 1 0
-0.875152 0 0.483848 0 0 1 0 0 -0.483848 0 -0.875152 0 -5118.56 0 -828.536 1 0
-0.875152 0 0.483848 0 0 1 0 0 -0.483848 0 -0.875152 0 -5118.56 0 -828.536 1 0
-0.875152 0 0.483848 0 0 1 0 0 -0.483848 0 -0.875152 0 -5118.56 0 -828.536 1 0
-0.875152 0 0.483848 0 0 1 0 0 -0.483848 0 -0.875152 0 -5118.56 0 -828.536 1 0
-0.875152 0 0.483848 0 0 1 0 0 -0.483848 0 -0.875152 0 -5118.56 0 -828.536 1 0
-0.875152 0 0.483848 0 0 1 0 0 -0.483848 0 -0.875152 0 -5118.56 0 -828.536 1 0
-0.875152 0 0.483848 0 0 1 0 0 -0.483848 0 -0.875152 0 -5118.56 0 -828.536 1 0
-0.875152 0 0.483848 0 0 1 0 0 -0.483848 0 -0.875152 0 -5118.56 0 -828.536 1 0
-0.875152 0 0.483848 0 0 1 0 0 -0.483848 0 -0.875152 0 -5118.56 0 -828.536 1 0
-0.875152 0 0.483848 0 0 1 0 0 -0.483848 0 -0.875152 0 -5118.56 0 -828.536 1 0
-0.875152 0 0.483848 0 0 1 0 0 -0.483848 0 -0.875152 0 -5118.56 0 -828.536 1 0
-0.875152 0 0.483848 0 0 1 0 0 -0.483848 0 -0.875152 0 -5118.56 0 -828.536 1 0
-0.875152 0 0.483848 0 0 1 0 0 -0.483848 0 -0.875152 0 -5118.56 0 -828.536 1 0
-0.875152 0 0.483848 0 0 1 0 0 -0.483848 0 -0.875152 0 -5118.56 0 -828.536 1 0
-0.875152 0 0.483848 0 0 1 0 0 -0.483848 0 -0.875152 0 -5118.56 0 -828.536 1 0
-0.875152 0 0.483848 0 0 1 0 0 -0.483848 0 -0.875152 0 -5118.56 0 -828.536 1 0
-0.875152 0 0.483848 0 0 1 0 0 -0.483848 0 -0.875152 0 -5118.56 0 -828.536 1 0
-0.875152 0 0.483848 0 0 1 0 0 -0.483848 0 -0.875152 0 -5118.56 0 -828.536 1 0
-0.875152 0 0.483848 0 0 1 0 0 -0.483848 0 -0.875152 0 -5118.56 0 -828.536 1 0
-0.875152 0 0.483848 0 0 1 0 0 -0.483848 0 -0.875152 0 -5118.56 0 -828.536 1 0
-0.875152 0 0.483848 0 0 1 0 0 -0.483848 0 -0.875152 0 -5118.56 0 -828.536 1 0
-0.875152 0 0.483848 0 0 1 0 0 -0.483848 0 -0.875152 0 -5118.56 0 -828.536 1 0
-0.875152 0 0.483848 0 0 1 0 0 -0.483848 0 -0.875152 0 -5118.56 0 -828.536 1 0
-0.875152 0 0.483848 0 0 1 0 0 -0.483848 0 -0.875152 0 -5118.56 0 -828.536 1 0
-0.875152 0 0.483848 0 0 1 0 0 -0.483848 0 -0.875152 0 -5118.56 0 -828.536 1 0
-0.875152 0 0.483848 0 0 1 0 0 -0.483848 0 -0.875152 0 -5118.56 0 -828.536 1 0
-0.875152 0 0.483848 0 0 1 0 0 -0.483848 0 -0.875152 0 -5118.56 0 -828.536 1 0
-0.875152 0 0.483848 0 0 1 0 0 -0.483848 0 -0.875152 0 -5118.56 0 -828.536 1 0
-0.875152 0 0.483848 0 0 1 0 0 -0.483848 0 -0.875152 0 -5118.56 0 -828.536 1 0
-0.875152 0 0.483848 0 0 1 0 0 -0.483848 0 -0.875152 0 -5118.56 0 -828.536 1 0
-0.875152 0 0.483848 0 0 1 0 0 -0.483848 0 -0.875152 0 -5118.56 0 -828.536 1 0
-0.848033 -0.029013 0.529148 0 0.00505464 0.998012 0.0628214 0 -0.529919 0.0559493 -0.846201 0 -5057.82 -25.3667 1165.38 1 1
-0.846409 -0.0362321 0.5313 0 -0.00368558 0.998057 0.0621913 0 -0.532521 0.0506811 -0.844898 0 -5137.92 -29.7289 1193.92 1 1
-0.846409 -0.0362321 0.5313 0 -0.00368558 0.998057 0.0621913 0 -0.532521 0.0506811 -0.844898 0 -5137.92 -29.7289 1193.92 1 2
-0.846409 -0.0362321 0.5313 0 -0.00368558 0.998057 0.0621913 0 -0.532521 0.0506811 -0.844898 0 -5137.92 -29.7289 1193.92 1 2
-0.846409 -0.0362321 0.5313 0 -0.00368558 0.998057 0.0621913 0 -0.532521 0.0506811 -0.844898 0 -5137.92 -29.7289 1193.92 1 2
-0.846409 -0.0362321 0.5313 0 -0.00368558 0.998057 0.0621913 0 -0.532521 0.0506811 -0.844898 0 -5137.92 -29.7289 1193.92 1 2
-0.846409 -0.0362321 0.5313 0 -0.00368558 0.998057 0.0621913 0 -0.532521 0.0506811 -0.844898 0 -5137.92 -29.7289 1193.92 1 2
-0.846409 -0.0362321 0.5313 0 -0.00368558 0.998057 0.0621913 0 -0.532521 0.0506811 -0.844898 0 -5137.92 -29.7289 1193.92 1 2
-0.846409 -0.0362321 0.5313 0 -0.00368558 0.998057 0.0621913 0 -0.532521 0.0506811 -0.844898 0 -5137.92 -29.7289 1193.92 1 2
-0.846409 -0.0362321 0.5313 0 -0.00368558 0.998057 0.0621913 0 -0.532521 0.0506811 -0.844898 0 -5137.92 -29.7289 1193.92 1 2
-0.846409 -0.0362321 0.5313 0 -0.00368558 0.998057 0.0621913 0 -0.532521 0.0506811 -0.844898 0 -5137.92 -29.7289 1193.92 1 2
-0.846409 -0.0362321 0.5313 0 -0.00368558 0.998057 0.0621913 0 -0.532521 0.0506811 -0.844898 0 -5137.92 -29.7289 1193.92 1 2
-0.846409 -0.0362321 0.5313 0 -0.00368558 0.998057 0.0621913 0 -0.532521 0.0506811 -0.844898 0 -5137.92 -29.7289 1193.92 1 2
-0.846409 -0.0362321 0.5313 0 -0.00368558 0.998057 0.0621913 0 -0.532521 0.0506811 -0.844898 0 -5137.92 -29.7289 1193.92 1 2
-0.846409 -0.0362321 0.5313 0 -0.00368558 0.998057 0.0621913 0 -0.532521 0.0506811 -0.844898 0 -5137.92 -29.7289 1193.92 1 2
-0.846409 -0.0362321 0.5313 0 -0.00368558 0.998057 0.0621913 0 -0.532521 0.0506811 -0.844898 0 -5137.92 -29.7289 1193.92 1 2
-0.846409 -0.0362321 0.5313 0 -0.00368558 0.998057 0.0621913 0 -0.532521 0.0506811 -0.844898 0 -5137.92 -29.7289 1193.92 1 2
-0.846409 -0.0362321 0.5313 0 -0.00368558 0.998057 0.0621913 0 -0.532521 0.0506811 -0.844898 0 -5137.92 -29.7289 1193.92 1 2
-0.846409 -0.0362321 0.5313 0 -0.00368558 0.998057 0.0621913 0 -0.532521 0.0506811 -0.844898 0 -5137.92 -29.7289 1193.92 1 2
-0.846409 -0.0362321 0.5313 0 -0.00368558 0.998057 0.0621913 0 -0.532521 0.0506811 -0.844898 0 -5137.92 -29.7289 1193.92 1 2
-0.846409 -0.0362321 0.5313 0 -0.00368558 0.998057 0.0621913 0 -0.532521 0.0506811 -0.844898 0 -5137.92 -29.7289 1193.92 1 2
-0.846409 -0.0362321 0.5313 0 -0.00368558 0.998057 0.0621913 0 -0.532521 0.0506811 -0.844898 0 -5137.92 -29.7289 1193.92 1 2
-0.846409 -0.0362321 0.5313 0 -0.00368558 0.998057 0.0621913 0 -0.532521 0.0506811 -0.844898 0 -5137.92 -29.7289 1193.92 1 2
-0.846409 -0.0362321 0.5313 0 -0.00368558 0.998057 0.0621913 0 -0.532521 0.0506811 -0.844898 0 -5137.92 -29.7289 1193.92 1 2
-0.846409 -0.0362321 0.5313 0 -0.00368558 0.998057 0.0621913 0 -0.532521 0.0506811 -0.844898 0 -5137.92 -29.7289 1193.92 1 2
-0.846409 -0.0362321 0.5313 0 -0.00368558 0.998057 0.0621913 0 -0.532521 0.0506811 -0.844898 0 -5137.92 -29.7289 1193.92 1 2
-0.846409 -0.0362321 0.5313 0 -0.00368558 0.998057 0.0621913 0 -0.532521 0.0506811 -0.844898 0 -5137.92 -29.7289 1193.92 1 2
-0.846409 -0.0362321 0.5313 0 -0.00368558 0.998057 0.0621913 0 -0.532521 0.0506811 -0.844898 0 -5137.92 -29.7289 1193.92 1 2
-0.846409 -0.0362321 0.5313 0 -0.00368558 0.998057 0.0621913 0 -0.532521 0.0506811 -0.844898 0 -5137.92 -29.7289 1193.92 1 2
-0.846409 -0.0362321 0.5313 0 -0.00368558 0.998057 0.0621913 0 -0.532521 0.0506811 -0.844898 0 -5137.92 -29.7289 1193.92 1 2
-0.846409 -0.0362321 0.5313 0 -0.00368558 0.998057 0.0621913 0 -0.532521 0.0506811 -0.844898 0 -5137.92 -29.7289 1193.92 1 2
-0.846409 -0.0362321 0.5313 0 -0.00368558 0.998057 0.0621913 0 -0.532521 0.0506811 -0.844898 0 -5137.92 -29.7289 1193.92 1 2
-0.846409 -0.0362321 0.5313 0 -0.00368558 0.998057 0.0621913 0 -0.532521 0.0506811 -0.844898 0 -5137.92 -29.7289 1193.92 1 2
-0.846409 -0.0362321 0.5313 0 -0.00368558 0.998057 0.0621913 0 -0.532521 0.0506811 -0.844898 0 -5137.92 -29.7289 1193.92 1 2
-0.846409 -0.0362321 0.5313 0 -0.00368558 0.998057 0.0621913 0 -0.532521 0.0506811 -0.844898 0 -5137.92 -29.7289 1193.92 1 2
-0.846409 -0.0362321 0.5313 0 -0.00368558 0.998057 0.0621913 0 -0.532521 0.0506811 -0.844898 0 -5137.92 -29.7289 1193.92 1 2
-0.846409 -0.0362321 0.5313 0 -0.00368558 0.998057 0.0621913 0 -0.532521 0.0506811 -0.844898 0 -5137.92 -29.7289 1193.92 1 2
-0.846409 -0.0362321 0.5313 0 -0.00368558 0.998057 0.0621913 0 -0.532521 0.0506811 -0.844898 0 -5137.92 -29.7289 1193.92 1 2
-0.846409 -0.0362321 0.5313 0 -0.00368558 0.998057 0.0621913 0 -0.532521 0.0506811 -0.844898 0 -5137.92 -29.7289 1193.92 1 2
-0.846409 -0.0362321 0.5313 0 -0.00368558 0.998057 0.0621913 0 -0.532521 0.0506811 -0.844898 0 -5137.92 -29.7289 1193.92 1 2
-0.846409 -0.0362321 0.5313 0 -0.00368558 0.998057 0.0621913 0 -0.532521 0.0506811 -0.844898 0 -5137.92 -29.7289 1193.92 1 2
-0.846409 -0.0362321 0.5313 0 -0.00368558 0.998057 0.0621913 0 -0.532521 0.0506811 -0.844898 0 -5137.92 -29.7289 1193.92 1 2
-0.846409 -0.0362321 0.5313 0 -0.00368558 0.998057 0.0621913 0 -0.532521 0.0506811 -0.844898 0 -5137.92 -29.7289 1193.92 1 2
-0.846409 -0.0362321 0.5313 0 -0.00368558 0.998057 0.0621913 0 -0.532521 0.0506811 -0.844898 0 -5137.92 -29.7289 1193.92 1 2
-0.846409 -0.0362321 0.5313 0 -0.00368558 0.998057 0.0621913 0 -0.532521 0.0506811 -0.844898 0 -5137.92 -29.7289 1193.92 1 2
-0.846409 -0.0362321 0.5313 0 -0.00368558 0.998057 0.0621913 0 -0.532521 0.0506811 -0.844898 0 -5137.92 -29.7289 1193.92 1 2
-0.846409 -0.0362321 0.5313 0 -0.00368558 0.998057 0.0621913 0 -0.532521 0.0506811 -0.844898 0 -5137.92 -29.7289 1193.92 1 2
-0.846409 -0.0362321 0.5313 0 -0.00368558 0.998057 0.0621913 0 -0.532521 0.0506811 -0.844898 0 -5137.92 -29.7289 1193.92 1 2
-0.846409 -0.0362321 0.5313 0 -0.00368558 0.998057 0.0621913 0 -0.532521 0.0506811 -0.844898 0 -5137.92 -29.7289 1193.92 1 2
-0.846409 -0.0362321 0.5313 0 -0.00368558 0.998057 0.0621913 0 -0.532521 0.0506811 -0.844898 0 -5137.92 -29.7289 1193.92 1 2
-0.846409 -0.0362321 0.5313 0 -0.00368558 0.998057 0.0621913 0 -0.532521 0.0506811 -0.844898 0 -5137.92 -29.7289 1193.92 1 2
-0.846409 -0.0362321 0.5313 0 -0.00368558 0.998057 0.0621913 0 -0.532521 0.0506811 -0.844898 0 -5137.92 -29.7289 1193.92 1 2
-0.846409 -0.0362321 0.5313 0 -0.00368558 0.998057 0.0621913 0 -0.532521 0.0506811 -0.844898 0 -5137.92 -29.7289 1193.92 1 2
-0.846409 -0.0362321 0.5313 0 -0.00368558 0.998057 0.0621913 0 -0.532521 0.0506811 -0.844898 0 -5137.92 -29.7289 1193.92 1 2
-0.846409 -0.0362321 0.5313 0 -0.00368558 0.998057 0.0621913 0 -0.532521 0.0506811 -0.844898 0 -5137.92 -29.7289 1193.92 1 2
-0.846409 -0.0362321 0.5313 0 -0.00368558 0.998057 0.0621913 0 -0.532521 0.0506811 -0.844898 0 -5137.92 -29.7289 1193.92 1 2
-0.846409 -0.0362321 0.5313 0 -0.00368558 0.998057 0.0621913 0 -0.532521 0.0506811 -0.844898 0 -5137.92 -29.7289 1193.92 1 2
-0.846409 -0.0362321 0.5313 0 -0.00368558 0.998057 0.0621913 0 -0.532521 0.0506811 -0.844898 0 -5137.92 -29.7289 1193.92 1 2
-0.846409 -0.0362321 0.5313 0 -0.00368558 0.998057 0.0621913 0 -0.532521 0.0506811 -0.844898 0 -5137.92 -29.7289 1193.92 1 2
-0.846409 -0.0362321 0.5313 0 -0.00368558 0.998057 0.0621913 0 -0.532521 0.0506811 -0.844898 0 -5137.92 -29.7289 1193.92 1 2
-0.846409 -0.0362321 0.5313 0 -0.00368558 0.998057 0.0621913 0 -0.532521 0.0506811 -0.844898 0 -5137.92 -29.7289 1193.92 1 2
-0.846409 -0.0362321 0.5313 0 -0.00368558 0.998057 0.0621913 0 -0.532521 0.0506811 -0.844898 0 -5137.92 -29.7289 1193.92 1 2
-0.846409 -0.0362321 0.5313 0 -0.00368558 0.998057 0.0621913 0 -0.532521 0.0506811 -0.844898 0 -5137.92 -29.7289 1193.92 1 2
-0.846409 -0.0362321 0.5313 0 -0.00368558 0.998057 0.0621913 0 -0.532521 0.0506811 -0.844898 0 -5137.92 -29.7289 1193.92 1 2
-0.846409 -0.0362321 0.5313 0 -0.00368558 0.998057 0.0621913 0 -0.532521 0.0506811 -0.844898 0 -5137.92 -29.7289 1193.92 1 2
-0.846409 -0.0362321 0.5313 0 -0.00368558 0.998057 0.0621913 0 -0.532521 0.0506811 -0.844898 0 -5137.92 -29.7289 1193.92 1 2
-0.846409 -0.0362321 0.5313 0 -0.00368558 0.998057 0.0621913 0 -0.532521 0.0506811 -0.844898 0 -5137.92 -29.7289 1193.92 1 2
-0.846409 -0.0362321 0.5313 0 -0.00368558 0.998057 0.0621913 0 -0.532521 0.0506811 -0.844898 0 -5137.92 -29.7289 1193.92 1 2
-0.847083 -0.0549312 0.528615 0 -0.0204574 0.997277 0.0708504 0 -0.531067 0.049202 -0.8459 0 -5137.7 -106.466 1203.48 1 3
-0.84667 -0.0677531 0.527788 0 -0.0338671 0.996711 0.0736205 0 -0.53104 0.0444576 -0.84618 0 -5136.87 -166.21 1212.46 1 3
-0.845735 -0.0763679 0.52811 0 -0.0439652 0.996313 0.0736654 0 -0.531789 0.039083 -0.845975 0 -5136.11 -211.541 1220.06 1 3
-0.844557 -0.0818225 0.529177 0 -0.0514708 0.996085 0.0718703 0 -0.532986 0.0334614 -0.845462 0 -5135.67 -245.133 1228.52 1 3
-0.843358 -0.0832246 0.530867 0 -0.0550411 0.996116 0.0687214 0 -0.534525 0.0287373 -0.844664 0 -5136.48 -263.642 1238.1 1 3
-0.842031 -0.0807616 0.533349 0 -0.0539826 0.996381 0.0656499 0 -0.536721 0.0264877 -0.843344 0 -5139.17 -262.47 1250.98 1 3
-0.840663 -0.0755086 0.536268 0 -0.0509044 0.996865 0.0605638 0 -0.539161 0.0236154 -0.841872 0 -5141.89 -253.644 1266.14 1 3
-0.839377 -0.0693908 0.539102 0 -0.0464346 0.997346 0.0560758 0 -0.541562 0.0220358 -0.840372 0 -5145.2 -239.397 1281.2 1 3
-0.838017 -0.0625368 0.542048 0 -0.0410301 0.99782 0.0516864 0 -0.544099 0.0210738 -0.838756 0 -5148.13 -219.819 1297.18 1 3
-0.83649 -0.0561519 0.545098 0 -0.0355719 0.998202 0.0482397 0 -0.546827 0.0209619 -0.836983 0 -5150.64 -198.935 1313.37 1 3
-0.835025 -0.0507863 0.547863 0 -0.0308381 0.998486 0.0455566 0 -0.549347 0.0211458 -0.835327 0 -5153.11 -180.45 1327.52 1 3
-0.833673 -0.0466402 0.550286 0 -0.0269585 0.998676 0.0438025 0 -0.5516 0.021682 -0.833827 0 -5155.28 -165.311 1339.56 1 3
-0.832538 -0.0432637 0.552276 0 -0.0236045 0.998811 0.0426611 0 -0.553465 0.0224808 -0.832569 0 -5157.4 -152.567 1348.39 1 3
-0.831436 -0.041016 0.554104 0 -0.0210531 0.998881 0.0423491 0 -0.555221 0.023545 -0.831369 0 -5159.08 -143.66 1355.94 1 3
-0.830245 -0.03941 0.556003 0 -0.0192055 0.998928 0.0421265 0 -0.557067 0.024297 -0.830112 0 -5160.11 -137.462 1364.29 1 3
-0.829022 -0.0382954 0.557904 0 -0.0177922 0.998954 0.0421312 0 -0.558934 0.0250013 -0.828835 0 -5160.52 -132.768 1373.2 1 3
-0.827698 -0.0371765 0.559941 0 -0.016449 0.998982 0.0420113 0 -0.560933 0.0255622 -0.827467 0 -5160.27 -128.066 1383.1 1 3
-0.826544 -0.0361943 0.561707 0 -0.0154817 0.999015 0.0415916 0 -0.562659 0.0256811 -0.82629 0 -5160.74 -124.318 1393.84 1 3
-0.825431 -0.0352864 0.563399 0 -0.0145029 0.999041 0.0413232 0 -0.564316 0.0259386 -0.825151 0 -5160.88 -120.243 1403.77 1 3
-0.824459 -0.0344749 0.56487 0 -0.0136549 0.999064 0.0410442 0 -0.565757 0.026126 -0.824158 0 -5161.13 -116.583 1412.09 1 3
-0.823634 -0.0336908 0.56612 0 -0.0128378 0.999086 0.0407799 0 -0.566976 0.02632 -0.823314 0 -5161.38 -113.292 1418.9 1 3
-0.822983 -0.0332506 0.567092 0 -0.0123049 0.999095 0.040723 0 -0.567933 0.0265363 -0.822647 0 -5161.73 -111.35 1423.88 1 3
-0.82241 -0.0329207 0.567941 0 -0.0118032 0.999097 0.0408208 0 -0.568772 0.026868 -0.822056 0 -5162.06 -109.71 1427.99 1 3
-0.822065 -0.032659 0.568456 0 -0.0113913 0.999097 0.0409269 0 -0.569279 0.0271692 -0.821695 0 -5162.7 -108.51 1430.31 1 3
-0.82175 -0.0324157 0.568925 0 -0.0109831 0.999096 0.0410617 0 -0.569742 0.0274938 -0.821364 0 -5163.16 -107.203 1432.04 1 3
-0.821479 -0.0321598 0.569332 0 -0.0105589 0.999095 0.0412006 0 -0.570142 0.027834 -0.821075 0 -5163.64 -105.607 1433.35 1 3
-0.82122 -0.031943 0.569717 0 -0.0101695 0.999093 0.0413583 0 -0.570521 0.0281705 -0.820799 0 -5164.1 -104.273 1434.35 1 3
-0.820986 -0.0316288 0.570071 0 -0.00970326 0.999093 0.0414578 0 -0.570865 0.0285047 -0.820549 0 -5164.5 -102.512 1435.27 1 3
-0.820707 -0.0315007 0.570481 0 -0.00939425 0.999088 0.0416527 0 -0.571272 0.0288254 -0.820254 0 -5164.64 -101.442 1436.62 1 3
-0.820505 -0.0314089 0.570776 0 -0.00933732 0.999093 0.0415559 0 -0.571563 0.0287673 -0.820054 0 -5164.87 -100.83 1437.88 1 3
-0.82032 -0.0313734 0.571044 0 -0.00930647 0.999094 0.0415217 0 -0.57183 0.0287466 -0.819869 0 -5165.18 -100.631 1438.69 1 3
-0.820172 -0.0313968 0.571255 0 -0.00926692 0.999091 0.0416063 0 -0.572042 0.0288306 -0.819718 0 -5165.5 -100.481 1438.98 1 3
-0.820029 -0.0314228 0.571459 0 -0.00927569 0.99909 0.0416265 0 -0.572247 0.0288342 -0.819574 0 -5165.72 -100.594 1439.15 1 3
-0.819915 -0.031451 0.571621 0 -0.00930347 0.99909 0.0416261 0 -0.57241 0.0288118 -0.819461 0 -5165.98 -100.86 1439.09 1 3
-0.819827 -0.0314913 0.571744 0 -0.00932962 0.999089 0.0416514 0 -0.572535 0.0288128 -0.819374 0 -5166.24 -101.091 1438.78 1 3
-0.819751 -0.0322641 0.57181 0 -0.00974237 0.999053 0.0424044 0 -0.572637 0.0291902 -0.819289 0 -5167.29 -103.474 1436.76 1 3
-0.81975 -0.0327732 0.571783 0 -0.00993816 0.999025 0.0430136 0 -0.572635 0.029578 -0.819277 0 -5168.21 -104.675 1434.91 1 3
-0.819688 -0.0331921 0.571848 0 -0.0101319 0.999004 0.0434625 0 -0.572721 0.0298318 -0.819207 0 -5168.84 -105.616 1434.02 1 3
-0.819589 -0.0333757 0.571979 0 -0.0101638 0.998992 0.0437287 0 -0.572862 0.0300261 -0.819102 0 -5169.28 -106.049 1433.73 1 3
-0.819463 -0.0334797 0.572154 0 -0.0101438 0.998983 0.0439273 0 -0.573043 0.030193 -0.818969 0 -5169.55 -106.168 1433.92 1 3
-0.81931 -0.0336273 0.572364 0 -0.0101459 0.998973 0.0441679 0 -0.573261 0.0303801 -0.818809 0 -5169.65 -106.478 1434.32 1 3
-0.819165 -0.0337385 0.572565 0 -0.0101964 0.998967 0.0442765 0 -0.573468 0.0304316 -0.818663 0 -5169.71 -106.748 1434.69 1 3
-0.819014 -0.0338187 0.572776 0 -0.0102418 0.998964 0.0443375 0 -0.573682 0.0304467 -0.818512 0 -5169.67 -107.011 1435.36 1 3
-0.818907 -0.0339123 0.572924 0 -0.0103077 0.998961 0.0443968 0 -0.573834 0.0304514 -0.818405 0 -5169.76 -107.308 1435.75 1 3
-0.818833 -0.0340173 0.573023 0 -0.0103928 0.998957 0.0444517 0 -0.573938 0.0304432 -0.818333 0 -5169.87 -107.636 1435.95 1 3
