0.204877 0 0.978788 0 0 1 0 0 -0.978788 0 0.204877 0 -981.996 0 609.441 1 0
0.204877 0 0.978788 0 0 1 0 0 -0.978788 0 0.204877 0 -981.996 0 609.441 1 0
0.204877 0 0.978788 0 0 1 0 0 -0.978788 0 0.204877 0 -981.996 0 609.441 1 0
0.204877 0 0.978788 0 0 1 0 0 -0.978788 0 0.204877 0 -981.996 0 609.441 1 0
0.204877 0 0.978788 0 0 1 0 0 -0.978788 0 0.204877 0 -981.996 0 609.441 1 0
0.204877 0 0.978788 0 0 1 0 0 -0.978788 0 0.204877 0 -981.996 0 609.441 1 0
0.204877 0 0.978788 0 0 1 0 0 -0.978788 0 0.204877 0 -981.996 0 609.441 1 0
0.204877 0 0.978788 0 0 1 0 0 -0.978788 0 0.204877 0 -981.996 0 609.441 1 0
0.204877 0 0.978788 0 0 1 0 0 -0.978788 0 0.204877 0 -981.996 0 609.441 1 0
0.204877 0 0.978788 0 0 1 0 0 -0.978788 0 0.204877 0 -981.996 0 609.441 1 0
0.204877 0 0.978788 0 0 1 0 0 -0.978788 0 0.204877 0 -981.996 0 609.441 1 0
0.204877 0 0.978788 0 0 1 0 0 -0.978788 0 0.204877 0 -981.996 0 609.441 1 0
0.204877 0 0.978788 0 0 1 0 0 -0.978788 0 0.204877 0 -981.996 0 609.441 1 0
0.204877 0 0.978788 0 0 1 0 0 -0.978788 0 0.204877 0 -981.996 0 609.441 1 0
0.204877 0 0.978788 0 0 1 0 0 -0.978788 0 0.204877 0 -981.996 0 609.441 1 0
0.204877 0 0.978788 0 0 1 0 0 -0.978788 0 0.204877 0 -981.996 0 609.441 1 0
0.204877 0 0.978788 0 0 1 0 0 -0.978788 0 0.204877 0 -981.996 0 609.441 1 0
0.204877 0 0.978788 0 0 1 0 0 -0.978788 0 0.204877 0 -981.996 0 609.441 1 0
0.204877 0 0.978788 0 0 1 0 0 -0.978788 0 0.204877 0 -981.996 0 609.441 1 0
0.204877 0 0.978788 0 0 1 0 0 -0.978788 0 0.204877 0 -981.996 0 609.441 1 0
0.232729 -0.0174369 0.972385 0 0.0309035 0.999467 0.0105262 0 -0.972051 0.0276003 0.233144 0 -708.248 -15.5291 905.624 1 1
0.22826 -0.010666 0.973542 0 0.0196903 0.999786 0.00633684 0 -0.973401 0.0177229 0.228421 0 -688.219 -18.6678 941.187 1 1
0.22826 -0.010666 0.973542 0 0.0196903 0.999786 0.00633684 0 -0.973401 0.0177229 0.228421 0 -688.219 -18.6678 941.187 1 2
0.22826 -0.010666 0.973542 0 0.0196903 0.999786 0.00633684 0 -0.973401 0.0177229 0.228421 0 -688.219 -18.6678 941.187 1 2
0.22826 -0.010666 0.973542 0 0.0196903 0.999786 0.00633684 0 -0.973401 0.0177229 0.228421 0 -688.219 -18.6678 941.187 1 2
0.22826 -0.010666 0.973542 0 0.0196903 0.999786 0.00633684 0 -0.973401 0.0177229 0.228421 0 -688.219 -18.6678 941.187 1 2
0.22826 -0.010666 0.973542 0 0.0196903 0.999786 0.00633684 0 -0.973401 0.0177229 0.228421 0 -688.219 -18.6678 941.187 1 2
0.22826 -0.010666 0.973542 0 0.0196903 0.999786 0.00633684 0 -0.973401 0.0177229 0.228421 0 -688.219 -18.6678 941.187 1 2
0.22826 -0.010666 0.973542 0 0.0196903 0.999786 0.00633684 0 -0.973401 0.0177229 0.228421 0 -688.219 -18.6678 941.187 1 2
0.22826 -0.010666 0.973542 0 0.0196903 0.999786 0.00633684 0 -0.973401 0.0177229 0.228421 0 -688.219 -18.6678 941.187 1 2
0.22826 -0.010666 0.973542 0 0.0196903 0.999786 0.00633684 0 -0.973401 0.0177229 0.228421 0 -688.219 -18.6678 941.187 1 2
0.22826 -0.010666 0.973542 0 0.0196903 0.999786 0.00633684 0 -0.973401 0.0177229 0.228421 0 -688.219 -18.6678 941.187 1 2
0.22826 -0.010666 0.973542 0 0.0196903 0.999786 0.00633684 0 -0.973401 0.0177229 0.228421 0 -688.219 -18.6678 941.187 1 2
0.22826 -0.010666 0.973542 0 0.0196903 0.999786 0.00633684 0 -0.973401 0.0177229 0.228421 0 -688.219 -18.6678 941.187 1 2
0.22826 -0.010666 0.973542 0 0.0196903 0.999786 0.00633684 0 -0.973401 0.0177229 0.228421 0 -688.219 -18.6678 941.187 1 2
0.22826 -0.010666 0.973542 0 0.0196903 0.999786 0.00633684 0 -0.973401 0.0177229 0.228421 0 -688.219 -18.6678 941.187 1 2
0.22826 -0.010666 0.973542 0 0.0196903 0.999786 0.00633684 0 -0.973401 0.0177229 0.228421 0 -688.219 -18.6678 941.187 1 2
0.22826 -0.010666 0.973542 0 0.0196903 0.999786 0.00633684 0 -0.973401 0.0177229 0.228421 0 -688.219 -18.6678 941.187 1 2
0.22826 -0.010666 0.973542 0 0.0196903 0.999786 0.00633684 0 -0.973401 0.0177229 0.228421 0 -688.219 -18.6678 941.187 1 2
0.22826 -0.010666 0.973542 0 0.0196903 0.999786 0.00633684 0 -0.973401 0.0177229 0.228421 0 -688.219 -18.6678 941.187 1 2
0.22826 -0.010666 0.973542 0 0.0196903 0.999786 0.00633684 0 -0.973401 0.0177229 0.228421 0 -688.219 -18.6678 941.187 1 2
0.22826 -0.010666 0.973542 0 0.0196903 0.999786 0.00633684 0 -0.973401 0.0177229 0.228421 0 -688.219 -18.6678 941.187 1 2
0.22826 -0.010666 0.973542 0 0.0196903 0.999786 0.00633684 0 -0.973401 0.0177229 0.228421 0 -688.219 -18.6678 941.187 1 2
0.22826 -0.010666 0.973542 0 0.0196903 0.999786 0.00633684 0 -0.973401 0.0177229 0.228421 0 -688.219 -18.6678 941.187 1 2
0.22826 -0.010666 0.973542 0 0.0196903 0.999786 0.00633684 0 -0.973401 0.0177229 0.228421 0 -688.219 -18.6678 941.187 1 2
0.22826 -0.010666 0.973542 0 0.0196903 0.999786 0.00633684 0 -0.973401 0.0177229 0.228421 0 -688.219 -18.6678 941.187 1 2
0.22826 -0.010666 0.973542 0 0.0196903 0.999786 0.00633684 0 -0.973401 0.0177229 0.228421 0 -688.219 -18.6678 941.187 1 2
0.22826 -0.010666 0.973542 0 0.0196903 0.999786 0.00633684 0 -0.973401 0.0177229 0.228421 0 -688.219 -18.6678 941.187 1 2
0.22826 -0.010666 0.973542 0 0.0196903 0.999786 0.00633684 0 -0.973401 0.0177229 0.228421 0 -688.219 -18.6678 941.187 1 2
0.22826 -0.010666 0.973542 0 0.0196903 0.999786 0.00633684 0 -0.973401 0.0177229 0.228421 0 -688.219 -18.6678 941.187 1 2
0.22826 -0.010666 0.973542 0 0.0196903 0.999786 0.00633684 0 -0.973401 0.0177229 0.228421 0 -688.219 -18.6678 941.187 1 2
0.22826 -0.010666 0.973542 0 0.0196903 0.999786 0.00633684 0 -0.973401 0.0177229 0.228421 0 -688.219 -18.6678 941.187 1 2
0.22826 -0.010666 0.973542 0 0.0196903 0.999786 0.00633684 0 -0.973401 0.0177229 0.228421 0 -688.219 -18.6678 941.187 1 2
0.22826 -0.010666 0.973542 0 0.0196903 0.999786 0.00633684 0 -0.973401 0.0177229 0.228421 0 -688.219 -18.6678 941.187 1 2
0.22826 -0.010666 0.973542 0 0.0196903 0.999786 0.00633684 0 -0.973401 0.0177229 0.228421 0 -688.219 -18.6678 941.187 1 2
0.22826 -0.010666 0.973542 0 0.0196903 0.999786 0.00633684 0 -0.973401 0.0177229 0.228421 0 -688.219 -18.6678 941.187 1 2
0.22826 -0.010666 0.973542 0 0.0196903 0.999786 0.00633684 0 -0.973401 0.0177229 0.228421 0 -688.219 -18.6678 941.187 1 2
0.22826 -0.010666 0.973542 0 0.0196903 0.999786 0.00633684 0 -0.973401 0.0177229 0.228421 0 -688.219 -18.6678 941.187 1 2
0.22826 -0.010666 0.973542 0 0.0196903 0.999786 0.00633684 0 -0.973401 0.0177229 0.228421 0 -688.219 -18.6678 941.187 1 2
0.22826 -0.010666 0.973542 0 0.0196903 0.999786 0.00633684 0 -0.973401 0.0177229 0.228421 0 -688.219 -18.6678 941.187 1 2
0.22826 -0.010666 0.973542 0 0.0196903 0.999786 0.00633684 0 -0.973401 0.0177229 0.228421 0 -688.219 -18.6678 941.187 1 2
0.22826 -0.010666 0.973542 0 0.0196903 0.999786 0.00633684 0 -0.973401 0.0177229 0.228421 0 -688.219 -18.6678 941.187 1 2
0.22826 -0.010666 0.973542 0 0.0196903 0.999786 0.00633684 0 -0.973401 0.0177229 0.228421 0 -688.219 -18.6678 941.187 1 2
0.22826 -0.010666 0.973542 0 0.0196903 0.999786 0.00633684 0 -0.973401 0.0177229 0.228421 0 -688.219 -18.6678 941.187 1 2
0.22826 -0.010666 0.973542 0 0.0196903 0.999786 0.00633684 0 -0.973401 0.0177229 0.228421 0 -688.219 -18.6678 941.187 1 2
0.22826 -0.010666 0.973542 0 0.0196903 0.999786 0.00633684 0 -0.973401 0.0177229 0.228421 0 -688.219 -18.6678 941.187 1 2
0.22826 -0.010666 0.973542 0 0.0196903 0.999786 0.00633684 0 -0.973401 0.0177229 0.228421 0 -688.219 -18.6678 941.187 1 2
0.22826 -0.010666 0.973542 0 0.0196903 0.999786 0.00633684 0 -0.973401 0.0177229 0.228421 0 -688.219 -18.6678 941.187 1 2
0.22826 -0.010666 0.973542 0 0.0196903 0.999786 0.00633684 0 -0.973401 0.0177229 0.228421 0 -688.219 -18.6678 941.187 1 2
0.22826 -0.010666 0.973542 0 0.0196903 0.999786 0.00633684 0 -0.973401 0.0177229 0.228421 0 -688.219 -18.6678 941.187 1 2
0.22826 -0.010666 0.973542 0 0.0196903 0.999786 0.00633684 0 -0.973401 0.0177229 0.228421 0 -688.219 -18.6678 941.187 1 2
0.22826 -0.010666 0.973542 0 0.0196903 0.999786 0.00633684 0 -0.973401 0.0177229 0.228421 0 -688.219 -18.6678 941.187 1 2
0.22826 -0.010666 0.973542 0 0.0196903 0.999786 0.00633684 0 -0.973401 0.0177229 0.228421 0 -688.219 -18.6678 941.187 1 2
0.22826 -0.010666 0.973542 0 0.0196903 0.999786 0.00633684 0 -0.973401 0.0177229 0.228421 0 -688.219 -18.6678 941.187 1 2
0.22826 -0.010666 0.973542 0 0.0196903 0.999786 0.00633684 0 -0.973401 0.0177229 0.228421 0 -688.219 -18.6678 941.187 1 2
0.22826 -0.010666 0.973542 0 0.0196903 0.999786 0.00633684 0 -0.973401 0.0177229 0.228421 0 -688.219 -18.6678 941.187 1 2
0.22826 -0.010666 0.973542 0 0.0196903 0.999786 0.00633684 0 -0.973401 0.0177229 0.228421 0 -688.219 -18.6678 941.187 1 2
0.22826 -0.010666 0.973542 0 0.0196903 0.999786 0.00633684 0 -0.973401 0.0177229 0.228421 0 -688.219 -18.6678 941.187 1 2
0.22826 -0.010666 0.973542 0 0.0196903 0.999786 0.00633684 0 -0.973401 0.0177229 0.228421 0 -688.219 -18.6678 941.187 1 2
0.22826 -0.010666 0.973542 0 0.0196903 0.999786 0.00633684 0 -0.973401 0.0177229 0.228421 0 -688.219 -18.6678 941.187 1 2
0.22826 -0.010666 0.973542 0 0.0196903 0.999786 0.00633684 0 -0.973401 0.0177229 0.228421 0 -688.219 -18.6678 941.187 1 2
0.22826 -0.010666 0.973542 0 0.0196903 0.999786 0.00633684 0 -0.973401 0.0177229 0.228421 0 -688.219 -18.6678 941.187 1 2
0.22826 -0.010666 0.973542 0 0.0196903 0.999786 0.00633684 0 -0.973401 0.0177229 0.228421 0 -688.219 -18.6678 941.187 1 2
0.22826 -0.010666 0.973542 0 0.0196903 0.999786 0.00633684 0 -0.973401 0.0177229 0.228421 0 -688.219 -18.6678 941.187 1 2
0.22826 -0.010666 0.973542 0 0.0196903 0.999786 0.00633684 0 -0.973401 0.0177229 0.228421 0 -688.219 -18.6678 941.187 1 2
0.22826 -0.010666 0.973542 0 0.0196903 0.999786 0.00633684 0 -0.973401 0.0177229 0.228421 0 -688.219 -18.6678 941.187 1 2
0.22826 -0.010666 0.973542 0 0.0196903 0.999786 0.00633684 0 -0.973401 0.0177229 0.228421 0 -688.219 -18.6678 941.187 1 2
0.22826 -0.010666 0.973542 0 0.0196903 0.999786 0.00633684 0 -0.973401 0.0177229 0.228421 0 -688.219 -18.6678 941.187 1 2
0.22826 -0.010666 0.973542 0 0.0196903 0.999786 0.00633684 0 -0.973401 0.0177229 0.228421 0 -688.219 -18.6678 941.187 1 2
0.22826 -0.010666 0.973542 0 0.0196903 0.999786 0.00633684 0 -0.973401 0.0177229 0.228421 0 -688.219 -18.6678 941.187 1 2
0.22826 -0.010666 0.973542 0 0.0196903 0.999786 0.00633684 0 -0.973401 0.0177229 0.228421 0 -688.219 -18.6678 941.187 1 2
0.22826 -0.010666 0.973542 0 0.0196903 0.999786 0.00633684 0 -0.973401 0.0177229 0.228421 0 -688.219 -18.6678 941.187 1 2
0.22826 -0.010666 0.973542 0 0.0196903 0.999786 0.00633684 0 -0.973401 0.0177229 0.228421 0 -688.219 -18.6678 941.187 1 2
0.22826 -0.010666 0.973542 0 0.0196903 0.999786 0.00633684 0 -0.973401 0.0177229 0.228421 0 -688.219 -18.6678 941.187 1 2
0.22826 -0.010666 0.973542 0 0.0196903 0.999786 0.00633684 0 -0.973401 0.0177229 0.228421 0 -688.219 -18.6678 941.187 1 2
0.22826 -0.010666 0.973542 0 0.0196903 0.999786 0.00633684 0 -0.973401 0.0177229 0.228421 0 -688.219 -18.6678 941.187 1 2
0.22826 -0.010666 0.973542 0 0.0196903 0.999786 0.00633684 0 -0.973401 0.0177229 0.228421 0 -688.219 -18.6678 941.187 1 2
0.22826 -0.010666 0.973542 0 0.0196903 0.999786 0.00633684 0 -0.973401 0.0177229 0.228421 0 -688.219 -18.6678 941.187 1 2
0.22826 -0.010666 0.973542 0 0.0196903 0.999786 0.00633684 0 -0.973401 0.0177229 0.228421 0 -688.219 -18.6678 941.187 1 2
0.22826 -0.010666 0.973542 0 0.0196903 0.999786 0.00633684 0 -0.973401 0.0177229 0.228421 0 -688.219 -18.6678 941.187 1 2
0.22826 -0.010666 0.973542 0 0.0196903 0.999786 0.00633684 0 -0.973401 0.0177229 0.228421 0 -688.219 -18.6678 941.187 1 2
0.22826 -0.010666 0.973542 0 0.0196903 0.999786 0.00633684 0 -0.973401 0.0177229 0.228421 0 -688.219 -18.6678 941.187 1 2
0.22826 -0.010666 0.973542 0 0.0196903 0.999786 0.00633684 0 -0.973401 0.0177229 0.228421 0 -688.219 -18.6678 941.187 1 2
0.22826 -0.010666 0.973542 0 0.0196903 0.999786 0.00633684 0 -0.973401 0.0177229 0.228421 0 -688.219 -18.6678 941.187 1 2
0.22826 -0.010666 0.973542 0 0.0196903 0.999786 0.00633684 0 -0.973401 0.0177229 0.228421 0 -688.219 -18.6678 941.187 1 2
0.22826 -0.010666 0.973542 0 0.0196903 0.999786 0.00633684 0 -0.973401 0.0177229 0.228421 0 -688.219 -18.6678 941.187 1 2
0.22826 -0.010666 0.973542 0 0.0196903 0.999786 0.00633684 0 -0.973401 0.0177229 0.228421 0 -688.219 -18.6678 941.187 1 2
0.22826 -0.010666 0.973542 0 0.0196903 0.999786 0.00633684 0 -0.973401 0.0177229 0.228421 0 -688.219 -18.6678 941.187 1 2
0.22826 -0.010666 0.973542 0 0.0196903 0.999786 0.00633684 0 -0.973401 0.0177229 0.228421 0 -688.219 -18.6678 941.187 1 2
0.22826 -0.010666 0.973542 0 0.0196903 0.999786 0.00633684 0 -0.973401 0.0177229 0.228421 0 -688.219 -18.6678 941.187 1 2
0.22826 -0.010666 0.973542 0 0.0196903 0.999786 0.00633684 0 -0.973401 0.0177229 0.228421 0 -688.219 -18.6678 941.187 1 2
0.22826 -0.010666 0.973542 0 0.0196903 0.999786 0.00633684 0 -0.973401 0.0177229 0.228421 0 -688.219 -18.6678 941.187 1 2
0.22826 -0.010666 0.973542 0 0.0196903 0.999786 0.00633684 0 -0.973401 0.0177229 0.228421 0 -688.219 -18.6678 941.187 1 2
0.22826 -0.010666 0.973542 0 0.0196903 0.999786 0.00633684 0 -0.973401 0.0177229 0.228421 0 -688.219 -18.6678 941.187 1 2
0.22826 -0.010666 0.973542 0 0.0196903 0.999786 0.00633684 0 -0.973401 0.0177229 0.228421 0 -688.219 -18.6678 941.187 1 2
0.22826 -0.010666 0.973542 0 0.0196903 0.999786 0.00633684 0 -0.973401 0.0177229 0.228421 0 -688.219 -18.6678 941.187 1 2
0.22826 -0.010666 0.973542 0 0.0196903 0.999786 0.00633684 0 -0.973401 0.0177229 0.228421 0 -688.219 -18.6678 941.187 1 2
0.22826 -0.010666 0.973542 0 0.0196903 0.999786 0.00633684 0 -0.973401 0.0177229 0.228421 0 -688.219 -18.6678 941.187 1 2
0.22826 -0.010666 0.973542 0 0.0196903 0.999786 0.00633684 0 -0.973401 0.0177229 0.228421 0 -688.219 -18.6678 941.187 1 2
0.22826 -0.010666 0.973542 0 0.0196903 0.999786 0.00633684 0 -0.973401 0.0177229 0.228421 0 -688.219 -18.6678 941.187 1 2
0.22826 -0.010666 0.973542 0 0.0196903 0.999786 0.00633684 0 -0.973401 0.0177229 0.228421 0 -688.219 -18.6678 941.187 1 2
0.22826 -0.010666 0.973542 0 0.0196903 0.999786 0.00633684 0 -0.973401 0.0177229 0.228421 0 -688.219 -18.6678 941.187 1 2
0.22826 -0.010666 0.973542 0 0.0196903 0.999786 0.00633684 0 -0.973401 0.0177229 0.228421 0 -688.219 -18.6678 941.187 1 2
0.22826 -0.010666 0.973542 0 0.0196903 0.999786 0.00633684 0 -0.973401 0.0177229 0.228421 0 -688.219 -18.6678 941.187 1 2
0.22826 -0.010666 0.973542 0 0.0196903 0.999786 0.00633684 0 -0.973401 0.0177229 0.228421 0 -688.219 -18.6678 941.187 1 2
0.22826 -0.010666 0.973542 0 0.0196903 0.999786 0.00633684 0 -0.973401 0.0177229 0.228421 0 -688.219 -18.6678 941.187 1 2
0.22826 -0.010666 0.973542 0 0.0196903 0.999786 0.00633684 0 -0.973401 0.0177229 0.228421 0 -688.219 -18.6678 941.187 1 2
0.22826 -0.010666 0.973542 0 0.0196903 0.999786 0.00633684 0 -0.973401 0.0177229 0.228421 0 -688.219 -18.6678 941.187 1 2
0.231891 -0.0100656 0.97269 0 0.014371 0.999873 0.00692087 0 -0.972636 0.0123737 0.232006 0 -685.099 -27.4684 943.038 1 3
0.234546 -0.00861462 0.972067 0 0.00917082 0.999936 0.00664881 0 -0.972062 0.0073552 0.23461 0 -682.005 -32.7336 944.412 1 3
0.236464 -0.00681233 0.971616 0 0.00491487 0.999971 0.00581499 0 -0.971628 0.00340033 0.236491 0 -679.464 -36.0344 945.682 1 3
0.238021 -0.00466664 0.971249 0 0.00133142 0.999989 0.00447845 0 -0.971259 0.000227177 0.238024 0 -677.408 -37.9965 946.904 1 3
0.239289 -0.00284615 0.970944 0 -0.000748614 0.999995 0.0031158 0 -0.970948 -0.00147244 0.239286 0 -675.816 -39.0542 948.034 1 3
0.240794 -0.00242082 0.970573 0 -0.000152364 0.999997 0.00253201 0 -0.970576 -0.000757576 0.240793 0 -675.175 -38.5019 948.86 1 3
0.242326 -0.00173097 0.970193 0 0.00110367 0.999998 0.00150848 0 -0.970194 0.000705229 0.242327 0 -674.572 -37.3476 949.839 1 3
0.243805 -0.0017276 0.969823 0 0.00286314 0.999995 0.00106158 0 -0.96982 0.00251792 0.243809 0 -674.541 -36.2631 950.941 1 3
0.245221 -0.00124931 0.969466 0 0.00550044 0.999985 -0.000102665 0 -0.969452 0.00535766 0.245224 0 -674.26 -35.0668 952.731 1 3
0.246726 -0.00131901 0.969084 0 0.00830182 0.999965 -0.000752583 0 -0.96905 0.00823084 0.246729 0 -674.078 -33.7361 954.495 1 3
0.247955 -0.00167864 0.96877 0 0.0110368 0.999938 -0.0010922 0 -0.968709 0.0109629 0.247959 0 -674.47 -32.9918 955.742 1 3
0.248901 -0.00215507 0.968527 0 0.0133623 0.99991 -0.00120908 0 -0.968437 0.0132427 0.248907 0 -675.119 -32.6433 956.846 1 3
0.249247 -0.00244605 0.968437 0 0.0152426 0.999883 -0.00139751 0 -0.96832 0.0151098 0.249255 0 -675.822 -32.1382 957.792 1 3
0.249465 -0.00289205 0.968379 0 0.016499 0.999863 -0.00126425 0 -0.968243 0.0162927 0.249479 0 -676.313 -31.9497 958.493 1 3
0.249982 -0.00309991 0.968246 0 0.0173072 0.999849 -0.00126728 0 -0.968096 0.0170744 0.249998 0 -676.461 -31.8238 959.16 1 3
0.250732 -0.00324397 0.968051 0 0.0179508 0.999838 -0.00129889 0 -0.96789 0.017703 0.250749 0 -676.332 -31.6189 959.849 1 3
0.251748 -0.00353183 0.967786 0 0.018748 0.999823 -0.00122813 0 -0.967611 0.0184532 0.25177 0 -675.929 -31.5535 960.44 1 3
0.253898 -0.00292375 0.967227 0 0.0192524 0.999813 -0.00203152 0 -0.967039 0.0191372 0.253907 0 -677.276 -31.4198 961.278 1 3
0.25568 -0.00265637 0.966758 0 0.0198551 0.9998 -0.00250397 0 -0.966557 0.0198353 0.255682 0 -678.157 -31.0791 961.975 1 3
0.257065 -0.00244677 0.966391 0 0.0204447 0.999787 -0.00290706 0 -0.966178 0.0205049 0.25706 0 -678.997 -30.7488 962.391 1 3
0.258133 -0.00242201 0.966106 0 0.0209875 0.999775 -0.00310123 0 -0.965881 0.0210767 0.258126 0 -679.543 -30.5236 962.731 1 3
0.258802 -0.00243942 0.965927 0 0.0213158 0.999768 -0.00318629 0 -0.965695 0.0214141 0.258794 0 -680.023 -30.3938 962.884 1 3
0.259324 -0.00254261 0.965787 0 0.0215794 0.999762 -0.00316226 0 -0.965549 0.0216612 0.259318 0 -680.336 -30.4033 962.906 1 3
0.259519 -0.00271037 0.965734 0 0.0218116 0.999757 -0.0030555 0 -0.965492 0.0218571 0.259515 0 -680.719 -30.4108 962.777 1 3
0.259638 -0.00283356 0.965702 0 0.0220209 0.999753 -0.00298705 0 -0.965455 0.0220412 0.259636 0 -680.909 -30.3764 962.631 1 3
0.259687 -0.00301237 0.965688 0 0.022348 0.999746 -0.00289109 0 -0.965434 0.022332 0.259688 0 -681.159 -30.3433 962.421 1 3
0.259678 -0.00316714 0.96569 0 0.0225893 0.999741 -0.00279554 0 -0.965431 0.0225402 0.259682 0 -681.324 -30.3162 962.159 1 3
0.25965 -0.00326888 0.965697 0 0.0227764 0.999737 -0.00273986 0 -0.965434 0.0227066 0.259656 0 -681.415 -30.2925 961.891 1 3
0.259766 -0.00343948 0.965665 0 0.0229059 0.999734 -0.00260091 0 -0.9654 0.022795 0.259776 0 -681.318 -30.3141 961.616 1 3
0.259795 -0.00335992 0.965658 0 0.0231222 0.999729 -0.00274219 0 -0.965387 0.0230406 0.259802 0 -681.387 -30.0882 962.082 1 3
0.259711 -0.00330424 0.965681 0 0.0232374 0.999726 -0.00282877 0 -0.965407 0.0231746 0.259717 0 -681.501 -29.8918 962.321 1 3
0.259558 -0.00332876 0.965722 0 0.0233226 0.999724 -0.00282248 0 -0.965446 0.0232558 0.259564 0 -681.58 -29.8464 962.418 1 3
0.259466 -0.00331354 0.965747 0 0.0232888 0.999725 -0.00282685 0 -0.965471 0.0232246 0.259472 0 -681.525 -29.8158 962.397 1 3
0.259389 -0.00324485 0.965768 0 0.0232133 0.999726 -0.00287575 0 -0.965494 0.0231646 0.259393 0 -681.459 -29.8124 962.346 1 3
0.259293 -0.00322289 0.965793 0 0.0231462 0.999728 -0.00287809 0 -0.965521 0.0231007 0.259297 0 -681.417 -29.8388 962.183 1 3
0.258965 -0.00356608 0.96588 0 0.0228136 0.999737 -0.00242555 0 -0.965617 0.0226634 0.258978 0 -681.734 -30.1805 961.845 1 3
0.258676 -0.00379544 0.965957 0 0.0226459 0.999741 -0.00213622 0 -0.965699 0.0224276 0.258695 0 -682.011 -30.3594 961.493 1 3
0.258476 -0.0039532 0.96601 0 0.0224937 0.999745 -0.0019274 0 -0.965756 0.0222273 0.258499 0 -682.166 -30.4616 961.28 1 3
0.258353 -0.0039884 0.966042 0 0.0223797 0.999748 -0.00185756 0 -0.965791 0.0220997 0.258377 0 -682.239 -30.5335 961.129 1 3
0.258327 -0.0039881 0.966049 0 0.0223289 0.999749 -0.00184364 0 -0.9658 0.0220471 0.258351 0 -682.224 -30.5693 960.992 1 3
0.258343 -0.00405962 0.966045 0 0.0223 0.99975 -0.00176229 0 -0.965796 0.0219981 0.258369 0 -682.122 -30.6808 960.866 1 3
0.258354 -0.00405415 0.966042 0 0.0222557 0.999751 -0.00175636 0 -0.965794 0.0219537 0.25838 0 -682.02 -30.7103 960.759 1 3
0.258405 -0.00404787 0.966028 0 0.0222082 0.999752 -0.00175135 0 -0.965781 0.0219063 0.258431 0 -681.856 -30.7418 960.689 1 3
0.258416 -0.00407694 0.966025 0 0.0221788 0.999753 -0.00171363 0 -0.965779 0.0218681 0.258442 0 -681.766 -30.7931 960.621 1 3
0.258406 -0.00408384 0.966028 0 0.0221369 0.999754 -0.00169506 0 -0.965783 0.0218228 0.258433 0 -681.703 -30.8332 960.583 1 3
