0.997913 0 -0.0645731 0 0 1 0 0 0.0645731 0 0.997913 0 -771.846 0 371.56 1 0
0.997913 0 -0.0645731 0 0 1 0 0 0.0645731 0 0.997913 0 -771.846 0 371.56 1 0
0.997913 0 -0.0645731 0 0 1 0 0 0.0645731 0 0.997913 0 -771.846 0 371.56 1 0
0.997913 0 -0.0645731 0 0 1 0 0 0.0645731 0 0.997913 0 -771.846 0 371.56 1 0
0.997913 0 -0.0645731 0 0 1 0 0 0.0645731 0 0.997913 0 -771.846 0 371.56 1 0
0.997913 0 -0.0645731 0 0 1 0 0 0.0645731 0 0.997913 0 -771.846 0 371.56 1 0
0.997913 0 -0.0645731 0 0 1 0 0 0.0645731 0 0.997913 0 -771.846 0 371.56 1 0
0.997913 0 -0.0645731 0 0 1 0 0 0.0645731 0 0.997913 0 -771.846 0 371.56 1 0
0.997913 0 -0.0645731 0 0 1 0 0 0.0645731 0 0.997913 0 -771.846 0 371.56 1 0
0.997913 0 -0.0645731 0 0 1 0 0 0.0645731 0 0.997913 0 -771.846 0 371.56 1 0
0.997913 0 -0.0645731 0 0 1 0 0 0.0645731 0 0.997913 0 -771.846 0 371.56 1 0
0.997913 0 -0.0645731 0 0 1 0 0 0.0645731 0 0.997913 0 -771.846 0 371.56 1 0
0.997913 0 -0.0645731 0 0 1 0 0 0.0645731 0 0.997913 0 -771.846 0 371.56 1 0
0.997913 0 -0.0645731 0 0 1 0 0 0.0645731 0 0.997913 0 -771.846 0 371.56 1 0
0.995643 -0.010799 -0.0926196 0 0.0118429 0.999872 0.0107286 0 0.092492 -0.0117787 0.995644 0 -617.292 -10.3561 601.482 1 1
0.994442 -0.0119872 -0.104604 0 0.0134851 0.999816 0.0136239 0 0.104422 -0.0149588 0.994421 0 -595.113 -12.6048 627.678 1 1
0.994442 -0.0119872 -0.104604 0 0.0134851 0.999816 0.0136239 0 0.104422 -0.0149588 0.994421 0 -595.113 -12.6048 627.678 1 2
0.994442 -0.0119872 -0.104604 0 0.0134851 0.999816 0.0136239 0 0.104422 -0.0149588 0.994421 0 -595.113 -12.6048 627.678 1 2
0.994442 -0.0119872 -0.104604 0 0.0134851 0.999816 0.0136239 0 0.104422 -0.0149588 0.994421 0 -595.113 -12.6048 627.678 1 2
0.994442 -0.0119872 -0.104604 0 0.0134851 0.999816 0.0136239 0 0.104422 -0.0149588 0.994421 0 -595.113 -12.6048 627.678 1 2
0.994442 -0.0119872 -0.104604 0 0.0134851 0.999816 0.0136239 0 0.104422 -0.0149588 0.994421 0 -595.113 -12.6048 627.678 1 2
0.994442 -0.0119872 -0.104604 0 0.0134851 0.999816 0.0136239 0 0.104422 -0.0149588 0.994421 0 -595.113 -12.6048 627.678 1 2
0.994442 -0.0119872 -0.104604 0 0.0134851 0.999816 0.0136239 0 0.104422 -0.0149588 0.994421 0 -595.113 -12.6048 627.678 1 2
0.994442 -0.0119872 -0.104604 0 0.0134851 0.999816 0.0136239 0 0.104422 -0.0149588 0.994421 0 -595.113 -12.6048 627.678 1 2
0.994442 -0.0119872 -0.104604 0 0.0134851 0.999816 0.0136239 0 0.104422 -0.0149588 0.994421 0 -595.113 -12.6048 627.678 1 2
0.994442 -0.0119872 -0.104604 0 0.0134851 0.999816 0.0136239 0 0.104422 -0.0149588 0.994421 0 -595.113 -12.6048 627.678 1 2
0.994442 -0.0119872 -0.104604 0 0.0134851 0.999816 0.0136239 0 0.104422 -0.0149588 0.994421 0 -595.113 -12.6048 627.678 1 2
0.994442 -0.0119872 -0.104604 0 0.0134851 0.999816 0.0136239 0 0.104422 -0.0149588 0.994421 0 -595.113 -12.6048 627.678 1 2
0.994442 -0.0119872 -0.104604 0 0.0134851 0.999816 0.0136239 0 0.104422 -0.0149588 0.994421 0 -595.113 -12.6048 627.678 1 2
0.994442 -0.0119872 -0.104604 0 0.0134851 0.999816 0.0136239 0 0.104422 -0.0149588 0.994421 0 -595.113 -12.6048 627.678 1 2
0.994442 -0.0119872 -0.104604 0 0.0134851 0.999816 0.0136239 0 0.104422 -0.0149588 0.994421 0 -595.113 -12.6048 627.678 1 2
0.994442 -0.0119872 -0.104604 0 0.0134851 0.999816 0.0136239 0 0.104422 -0.0149588 0.994421 0 -595.113 -12.6048 627.678 1 2
0.994442 -0.0119872 -0.104604 0 0.0134851 0.999816 0.0136239 0 0.104422 -0.0149588 0.994421 0 -595.113 -12.6048 627.678 1 2
0.994442 -0.0119872 -0.104604 0 0.0134851 0.999816 0.0136239 0 0.104422 -0.0149588 0.994421 0 -595.113 -12.6048 627.678 1 2
0.994442 -0.0119872 -0.104604 0 0.0134851 0.999816 0.0136239 0 0.104422 -0.0149588 0.994421 0 -595.113 -12.6048 627.678 1 2
0.994442 -0.0119872 -0.104604 0 0.0134851 0.999816 0.0136239 0 0.104422 -0.0149588 0.994421 0 -595.113 -12.6048 627.678 1 2
0.994442 -0.0119872 -0.104604 0 0.0134851 0.999816 0.0136239 0 0.104422 -0.0149588 0.994421 0 -595.113 -12.6048 627.678 1 2
0.994442 -0.0119872 -0.104604 0 0.0134851 0.999816 0.0136239 0 0.104422 -0.0149588 0.994421 0 -595.113 -12.6048 627.678 1 2
0.994442 -0.0119872 -0.104604 0 0.0134851 0.999816 0.0136239 0 0.104422 -0.0149588 0.994421 0 -595.113 -12.6048 627.678 1 2
0.994442 -0.0119872 -0.104604 0 0.0134851 0.999816 0.0136239 0 0.104422 -0.0149588 0.994421 0 -595.113 -12.6048 627.678 1 2
0.994442 -0.0119872 -0.104604 0 0.0134851 0.999816 0.0136239 0 0.104422 -0.0149588 0.994421 0 -595.113 -12.6048 627.678 1 2
0.994442 -0.0119872 -0.104604 0 0.0134851 0.999816 0.0136239 0 0.104422 -0.0149588 0.994421 0 -595.113 -12.6048 627.678 1 2
0.994442 -0.0119872 -0.104604 0 0.0134851 0.999816 0.0136239 0 0.104422 -0.0149588 0.994421 0 -595.113 -12.6048 627.678 1 2
0.994442 -0.0119872 -0.104604 0 0.0134851 0.999816 0.0136239 0 0.104422 -0.0149588 0.994421 0 -595.113 -12.6048 627.678 1 2
0.994442 -0.0119872 -0.104604 0 0.0134851 0.999816 0.0136239 0 0.104422 -0.0149588 0.994421 0 -595.113 -12.6048 627.678 1 2
0.994442 -0.0119872 -0.104604 0 0.0134851 0.999816 0.0136239 0 0.104422 -0.0149588 0.994421 0 -595.113 -12.6048 627.678 1 2
0.994442 -0.0119872 -0.104604 0 0.0134851 0.999816 0.0136239 0 0.104422 -0.0149588 0.994421 0 -595.113 -12.6048 627.678 1 2
0.994442 -0.0119872 -0.104604 0 0.0134851 0.999816 0.0136239 0 0.104422 -0.0149588 0.994421 0 -595.113 -12.6048 627.678 1 2
0.994442 -0.0119872 -0.104604 0 0.0134851 0.999816 0.0136239 0 0.104422 -0.0149588 0.994421 0 -595.113 -12.6048 627.678 1 2
0.994442 -0.0119872 -0.104604 0 0.0134851 0.999816 0.0136239 0 0.104422 -0.0149588 0.994421 0 -595.113 -12.6048 627.678 1 2
0.994442 -0.0119872 -0.104604 0 0.0134851 0.999816 0.0136239 0 0.104422 -0.0149588 0.994421 0 -595.113 -12.6048 627.678 1 2
0.994442 -0.0119872 -0.104604 0 0.0134851 0.999816 0.0136239 0 0.104422 -0.0149588 0.994421 0 -595.113 -12.6048 627.678 1 2
0.994442 -0.0119872 -0.104604 0 0.0134851 0.999816 0.0136239 0 0.104422 -0.0149588 0.994421 0 -595.113 -12.6048 627.678 1 2
0.994442 -0.0119872 -0.104604 0 0.0134851 0.999816 0.0136239 0 0.104422 -0.0149588 0.994421 0 -595.113 -12.6048 627.678 1 2
0.994442 -0.0119872 -0.104604 0 0.0134851 0.999816 0.0136239 0 0.104422 -0.0149588 0.994421 0 -595.113 -12.6048 627.678 1 2
0.994442 -0.0119872 -0.104604 0 0.0134851 0.999816 0.0136239 0 0.104422 -0.0149588 0.994421 0 -595.113 -12.6048 627.678 1 2
0.994442 -0.0119872 -0.104604 0 0.0134851 0.999816 0.0136239 0 0.104422 -0.0149588 0.994421 0 -595.113 -12.6048 627.678 1 2
0.994442 -0.0119872 -0.104604 0 0.0134851 0.999816 0.0136239 0 0.104422 -0.0149588 0.994421 0 -595.113 -12.6048 627.678 1 2
0.994442 -0.0119872 -0.104604 0 0.0134851 0.999816 0.0136239 0 0.104422 -0.0149588 0.994421 0 -595.113 -12.6048 627.678 1 2
0.994442 -0.0119872 -0.104604 0 0.0134851 0.999816 0.0136239 0 0.104422 -0.0149588 0.994421 0 -595.113 -12.6048 627.678 1 2
0.994442 -0.0119872 -0.104604 0 0.0134851 0.999816 0.0136239 0 0.104422 -0.0149588 0.994421 0 -595.113 -12.6048 627.678 1 2
0.994442 -0.0119872 -0.104604 0 0.0134851 0.999816 0.0136239 0 0.104422 -0.0149588 0.994421 0 -595.113 -12.6048 627.678 1 2
0.994442 -0.0119872 -0.104604 0 0.0134851 0.999816 0.0136239 0 0.104422 -0.0149588 0.994421 0 -595.113 -12.6048 627.678 1 2
0.994442 -0.0119872 -0.104604 0 0.0134851 0.999816 0.0136239 0 0.104422 -0.0149588 0.994421 0 -595.113 -12.6048 627.678 1 2
0.994442 -0.0119872 -0.104604 0 0.0134851 0.999816 0.0136239 0 0.104422 -0.0149588 0.994421 0 -595.113 -12.6048 627.678 1 2
0.994442 -0.0119872 -0.104604 0 0.0134851 0.999816 0.0136239 0 0.104422 -0.0149588 0.994421 0 -595.113 -12.6048 627.678 1 2
0.994442 -0.0119872 -0.104604 0 0.0134851 0.999816 0.0136239 0 0.104422 -0.0149588 0.994421 0 -595.113 -12.6048 627.678 1 2
0.994442 -0.0119872 -0.104604 0 0.0134851 0.999816 0.0136239 0 0.104422 -0.0149588 0.994421 0 -595.113 -12.6048 627.678 1 2
0.994442 -0.0119872 -0.104604 0 0.0134851 0.999816 0.0136239 0 0.104422 -0.0149588 0.994421 0 -595.113 -12.6048 627.678 1 2
0.994442 -0.0119872 -0.104604 0 0.0134851 0.999816 0.0136239 0 0.104422 -0.0149588 0.994421 0 -595.113 -12.6048 627.678 1 2
0.994442 -0.0119872 -0.104604 0 0.0134851 0.999816 0.0136239 0 0.104422 -0.0149588 0.994421 0 -595.113 -12.6048 627.678 1 2
0.994442 -0.0119872 -0.104604 0 0.0134851 0.999816 0.0136239 0 0.104422 -0.0149588 0.994421 0 -595.113 -12.6048 627.678 1 2
0.994442 -0.0119872 -0.104604 0 0.0134851 0.999816 0.0136239 0 0.104422 -0.0149588 0.994421 0 -595.113 -12.6048 627.678 1 2
0.994442 -0.0119872 -0.104604 0 0.0134851 0.999816 0.0136239 0 0.104422 -0.0149588 0.994421 0 -595.113 -12.6048 627.678 1 2
0.994442 -0.0119872 -0.104604 0 0.0134851 0.999816 0.0136239 0 0.104422 -0.0149588 0.994421 0 -595.113 -12.6048 627.678 1 2
0.994442 -0.0119872 -0.104604 0 0.0134851 0.999816 0.0136239 0 0.104422 -0.0149588 0.994421 0 -595.113 -12.6048 627.678 1 2
0.994442 -0.0119872 -0.104604 0 0.0134851 0.999816 0.0136239 0 0.104422 -0.0149588 0.994421 0 -595.113 -12.6048 627.678 1 2
0.994442 -0.0119872 -0.104604 0 0.0134851 0.999816 0.0136239 0 0.104422 -0.0149588 0.994421 0 -595.113 -12.6048 627.678 1 2
0.994442 -0.0119872 -0.104604 0 0.0134851 0.999816 0.0136239 0 0.104422 -0.0149588 0.994421 0 -595.113 -12.6048 627.678 1 2
0.994442 -0.0119872 -0.104604 0 0.0134851 0.999816 0.0136239 0 0.104422 -0.0149588 0.994421 0 -595.113 -12.6048 627.678 1 2
0.994442 -0.0119872 -0.104604 0 0.0134851 0.999816 0.0136239 0 0.104422 -0.0149588 0.994421 0 -595.113 -12.6048 627.678 1 2
0.994442 -0.0119872 -0.104604 0 0.0134851 0.999816 0.0136239 0 0.104422 -0.0149588 0.994421 0 -595.113 -12.6048 627.678 1 2
0.994442 -0.0119872 -0.104604 0 0.0134851 0.999816 0.0136239 0 0.104422 -0.0149588 0.994421 0 -595.113 -12.6048 627.678 1 2
0.994442 -0.0119872 -0.104604 0 0.0134851 0.999816 0.0136239 0 0.104422 -0.0149588 0.994421 0 -595.113 -12.6048 627.678 1 2
0.994442 -0.0119872 -0.104604 0 0.0134851 0.999816 0.0136239 0 0.104422 -0.0149588 0.994421 0 -595.113 -12.6048 627.678 1 2
0.994442 -0.0119872 -0.104604 0 0.0134851 0.999816 0.0136239 0 0.104422 -0.0149588 0.994421 0 -595.113 -12.6048 627.678 1 2
0.994442 -0.0119872 -0.104604 0 0.0134851 0.999816 0.0136239 0 0.104422 -0.0149588 0.994421 0 -595.113 -12.6048 627.678 1 2
0.994442 -0.0119872 -0.104604 0 0.0134851 0.999816 0.0136239 0 0.104422 -0.0149588 0.994421 0 -595.113 -12.6048 627.678 1 2
0.994442 -0.0119872 -0.104604 0 0.0134851 0.999816 0.0136239 0 0.104422 -0.0149588 0.994421 0 -595.113 -12.6048 627.678 1 2
0.994442 -0.0119872 -0.104604 0 0.0134851 0.999816 0.0136239 0 0.104422 -0.0149588 0.994421 0 -595.113 -12.6048 627.678 1 2
0.994442 -0.0119872 -0.104604 0 0.0134851 0.999816 0.0136239 0 0.104422 -0.0149588 0.994421 0 -595.113 -12.6048 627.678 1 2
0.994442 -0.0119872 -0.104604 0 0.0134851 0.999816 0.0136239 0 0.104422 -0.0149588 0.994421 0 -595.113 -12.6048 627.678 1 2
0.994442 -0.0119872 -0.104604 0 0.0134851 0.999816 0.0136239 0 0.104422 -0.0149588 0.994421 0 -595.113 -12.6048 627.678 1 2
0.994442 -0.0119872 -0.104604 0 0.0134851 0.999816 0.0136239 0 0.104422 -0.0149588 0.994421 0 -595.113 -12.6048 627.678 1 2
0.994442 -0.0119872 -0.104604 0 0.0134851 0.999816 0.0136239 0 0.104422 -0.0149588 0.994421 0 -595.113 -12.6048 627.678 1 2
0.994442 -0.0119872 -0.104604 0 0.0134851 0.999816 0.0136239 0 0.104422 -0.0149588 0.994421 0 -595.113 -12.6048 627.678 1 2
0.994442 -0.0119872 -0.104604 0 0.0134851 0.999816 0.0136239 0 0.104422 -0.0149588 0.994421 0 -595.113 -12.6048 627.678 1 2
0.994442 -0.0119872 -0.104604 0 0.0134851 0.999816 0.0136239 0 0.104422 -0.0149588 0.994421 0 -595.113 -12.6048 627.678 1 2
0.994442 -0.0119872 -0.104604 0 0.0134851 0.999816 0.0136239 0 0.104422 -0.0149588 0.994421 0 -595.113 -12.6048 627.678 1 2
0.994442 -0.0119872 -0.104604 0 0.0134851 0.999816 0.0136239 0 0.104422 -0.0149588 0.994421 0 -595.113 -12.6048 627.678 1 2
0.994442 -0.0119872 -0.104604 0 0.0134851 0.999816 0.0136239 0 0.104422 -0.0149588 0.994421 0 -595.113 -12.6048 627.678 1 2
0.994442 -0.0119872 -0.104604 0 0.0134851 0.999816 0.0136239 0 0.104422 -0.0149588 0.994421 0 -595.113 -12.6048 627.678 1 2
0.994442 -0.0119872 -0.104604 0 0.0134851 0.999816 0.0136239 0 0.104422 -0.0149588 0.994421 0 -595.113 -12.6048 627.678 1 2
0.994442 -0.0119872 -0.104604 0 0.0134851 0.999816 0.0136239 0 0.104422 -0.0149588 0.994421 0 -595.113 -12.6048 627.678 1 2
0.994442 -0.0119872 -0.104604 0 0.0134851 0.999816 0.0136239 0 0.104422 -0.0149588 0.994421 0 -595.113 -12.6048 627.678 1 2
0.994442 -0.0119872 -0.104604 0 0.0134851 0.999816 0.0136239 0 0.104422 -0.0149588 0.994421 0 -595.113 -12.6048 627.678 1 2
0.994442 -0.0119872 -0.104604 0 0.0134851 0.999816 0.0136239 0 0.104422 -0.0149588 0.994421 0 -595.113 -12.6048 627.678 1 2
0.994442 -0.0119872 -0.104604 0 0.0134851 0.999816 0.0136239 0 0.104422 -0.0149588 0.994421 0 -595.113 -12.6048 627.678 1 2
0.994442 -0.0119872 -0.104604 0 0.0134851 0.999816 0.0136239 0 0.104422 -0.0149588 0.994421 0 -595.113 -12.6048 627.678 1 2
0.994442 -0.0119872 -0.104604 0 0.0134851 0.999816 0.0136239 0 0.104422 -0.0149588 0.994421 0 -595.113 -12.6048 627.678 1 2
0.994442 -0.0119872 -0.104604 0 0.0134851 0.999816 0.0136239 0 0.104422 -0.0149588 0.994421 0 -595.113 -12.6048 627.678 1 2
0.994442 -0.0119872 -0.104604 0 0.0134851 0.999816 0.0136239 0 0.104422 -0.0149588 0.994421 0 -595.113 -12.6048 627.678 1 2
0.994442 -0.0119872 -0.104604 0 0.0134851 0.999816 0.0136239 0 0.104422 -0.0149588 0.994421 0 -595.113 -12.6048 627.678 1 2
0.994442 -0.0119872 -0.104604 0 0.0134851 0.999816 0.0136239 0 0.104422 -0.0149588 0.994421 0 -595.113 -12.6048 627.678 1 2
0.994442 -0.0119872 -0.104604 0 0.0134851 0.999816 0.0136239 0 0.104422 -0.0149588 0.994421 0 -595.113 -12.6048 627.678 1 2
0.994442 -0.0119872 -0.104604 0 0.0134851 0.999816 0.0136239 0 0.104422 -0.0149588 0.994421 0 -595.113 -12.6048 627.678 1 2
0.994442 -0.0119872 -0.104604 0 0.0134851 0.999816 0.0136239 0 0.104422 -0.0149588 0.994421 0 -595.113 -12.6048 627.678 1 2
0.994442 -0.0119872 -0.104604 0 0.0134851 0.999816 0.0136239 0 0.104422 -0.0149588 0.994421 0 -595.113 -12.6048 627.678 1 2
0.994442 -0.0119872 -0.104604 0 0.0134851 0.999816 0.0136239 0 0.104422 -0.0149588 0.994421 0 -595.113 -12.6048 627.678 1 2
0.994442 -0.0119872 -0.104604 0 0.0134851 0.999816 0.0136239 0 0.104422 -0.0149588 0.994421 0 -595.113 -12.6048 627.678 1 2
0.994442 -0.0119872 -0.104604 0 0.0134851 0.999816 0.0136239 0 0.104422 -0.0149588 0.994421 0 -595.113 -12.6048 627.678 1 2
0.994442 -0.0119872 -0.104604 0 0.0134851 0.999816 0.0136239 0 0.104422 -0.0149588 0.994421 0 -595.113 -12.6048 627.678 1 2
0.994442 -0.0119872 -0.104604 0 0.0134851 0.999816 0.0136239 0 0.104422 -0.0149588 0.994421 0 -595.113 -12.6048 627.678 1 2
0.994442 -0.0119872 -0.104604 0 0.0134851 0.999816 0.0136239 0 0.104422 -0.0149588 0.994421 0 -595.113 -12.6048 627.678 1 2
0.994442 -0.0119872 -0.104604 0 0.0134851 0.999816 0.0136239 0 0.104422 -0.0149588 0.994421 0 -595.113 -12.6048 627.678 1 2
0.994442 -0.0119872 -0.104604 0 0.0134851 0.999816 0.0136239 0 0.104422 -0.0149588 0.994421 0 -595.113 -12.6048 627.678 1 2
0.994442 -0.0119872 -0.104604 0 0.0134851 0.999816 0.0136239 0 0.104422 -0.0149588 0.994421 0 -595.113 -12.6048 627.678 1 2
0.994442 -0.0119872 -0.104604 0 0.0134851 0.999816 0.0136239 0 0.104422 -0.0149588 0.994421 0 -595.113 -12.6048 627.678 1 2
0.994383 -0.00882679 -0.105475 0 0.0105116 0.999826 0.0154286 0 0.10532 -0.0164507 0.994302 0 -594.369 -18.3098 628.41 1 3
0.994325 -0.00593958 -0.106217 0 0.00770537 0.999839 0.0162218 0 0.106103 -0.0169482 0.994211 0 -593.012 -21.6092 629.156 1 3
0.99429 -0.00359333 -0.106653 0 0.00538221 0.99985 0.0164898 0 0.106578 -0.0169696 0.99416 0 -591.588 -23.7212 630.023 1 3
0.994247 -0.00165904 -0.107103 0 0.00341318 0.999863 0.0161969 0 0.107061 -0.0164692 0.994116 0 -590.285 -25.0444 630.804 1 3
0.994183 -0.000383845 -0.107704 0 0.00209263 0.999874 0.015753 0 0.107684 -0.0158867 0.994058 0 -589.241 -25.7729 631.502 1 3
0.994081 -0.00118207 -0.108639 0 0.00292278 0.99987 0.0158652 0 0.108606 -0.0160888 0.993955 0 -588.977 -25.1463 631.898 1 3
0.993959 -0.00209446 -0.109728 0 0.00384173 0.999869 0.0157146 0 0.109681 -0.0160412 0.993837 0 -588.624 -24.0124 632.301 1 3
0.993847 -0.00315445 -0.110718 0 0.00497275 0.999857 0.0161506 0 0.110651 -0.0166018 0.993721 0 -588.558 -22.8915 632.767 1 3
0.993741 -0.00509261 -0.111595 0 0.00688566 0.999853 0.0156879 0 0.111499 -0.0163581 0.99363 0 -588.164 -22.0724 633.913 1 3
0.993629 -0.00715206 -0.112475 0 0.00895944 0.999839 0.015572 0 0.112345 -0.0164805 0.993533 0 -587.824 -21.0802 635.09 1 3
0.993557 -0.008892 -0.112982 0 0.0107304 0.99982 0.0156737 0 0.112823 -0.0167851 0.993473 0 -587.783 -20.4997 635.915 1 3
0.993502 -0.0103462 -0.113344 0 0.0122242 0.999799 0.0158873 0 0.113156 -0.0171696 0.993429 0 -588.017 -20.2567 636.617 1 3
0.9935 -0.0115017 -0.11325 0 0.013392 0.999783 0.0159448 0 0.113042 -0.0173578 0.993439 0 -588.222 -19.9263 637.133 1 3
0.993511 -0.0121865 -0.11308 0 0.0141055 0.99977 0.0161853 0 0.112857 -0.0176753 0.993454 0 -588.328 -19.8544 637.546 1 3
0.99349 -0.0125302 -0.113232 0 0.0144539 0.999765 0.0161841 0 0.113002 -0.0177154 0.993437 0 -588.279 -19.8268 637.985 1 3
0.99345 -0.0128464 -0.113544 0 0.0147782 0.99976 0.0161883 0 0.113309 -0.0177602 0.993401 0 -588.037 -19.711 638.442 1 3
0.993383 -0.0134078 -0.114065 0 0.0153669 0.999749 0.0163128 0 0.113817 -0.0179577 0.993339 0 -587.677 -19.6619 638.831 1 3
0.993141 -0.0139498 -0.116092 0 0.0158583 0.999754 0.0155318 0 0.115846 -0.0172663 0.993117 0 -589.699 -19.7635 639.436 1 3
0.992943 -0.0144468 -0.117706 0 0.0163265 0.999754 0.0150207 0 0.11746 -0.0168364 0.992935 0 -591.077 -19.6328 639.922 1 3
0.992786 -0.0149772 -0.118958 0 0.0168301 0.999752 0.0145861 0 0.118711 -0.016483 0.992792 0 -592.274 -19.4599 640.187 1 3
0.992667 -0.0154842 -0.119881 0 0.0173392 0.999745 0.0144455 0 0.119627 -0.0164182 0.992683 0 -593.097 -19.3091 640.369 1 3
0.992595 -0.015798 -0.120437 0 0.0176573 0.999741 0.0143861 0 0.120179 -0.0164062 0.992617 0 -593.77 -19.2158 640.432 1 3
0.992541 -0.0160448 -0.12085 0 0.0179241 0.999734 0.0144798 0 0.120586 -0.0165379 0.992565 0 -594.219 -19.207 640.378 1 3
0.992528 -0.0162295 -0.120933 0 0.018126 0.999729 0.0145988 0 0.120663 -0.0166817 0.992553 0 -594.601 -19.1828 640.222 1 3
0.992524 -0.0164187 -0.120938 0 0.0183248 0.999725 0.0146664 0 0.120663 -0.0167729 0.992552 0 -594.767 -19.143 640.064 1 3
0.992528 -0.016639 -0.120879 0 0.0185589 0.999719 0.0147741 0 0.120599 -0.016907 0.992557 0 -594.93 -19.0901 639.847 1 3
0.992534 -0.0168246 -0.120805 0 0.0187556 0.999714 0.0148651 0 0.12052 -0.0170199 0.992565 0 -595.03 -19.0531 639.579 1 3
0.992543 -0.0169705 -0.120705 0 0.0189084 0.99971 0.0149277 0 0.120417 -0.0170987 0.992576 0 -595.059 -19.036 639.306 1 3
0.992544 -0.017063 -0.120687 0 0.0190136 0.999706 0.0150298 0 0.120395 -0.0172125 0.992577 0 -594.947 -19.0482 639.08 1 3
0.992542 -0.017348 -0.120663 0 0.0192829 0.999703 0.0148866 0 0.120369 -0.0171023 0.992582 0 -595.016 -18.8853 639.587 1 3
0.992555 -0.0175244 -0.120534 0 0.019446 0.999702 0.0147847 0 0.120239 -0.0170185 0.992599 0 -595.109 -18.7334 639.858 1 3
0.992574 -0.0176377 -0.120353 0 0.0195579 0.999699 0.0147923 0 0.120056 -0.0170363 0.992621 0 -595.129 -18.7009 639.988 1 3
0.992588 -0.0176409 -0.120244 0 0.0195579 0.999699 0.0147811 0 0.119947 -0.0170232 0.992634 0 -595.053 -18.6787 640.019 1 3
0.992605 -0.0176057 -0.120107 0 0.0195159 0.999701 0.0147468 0 0.119811 -0.0169817 0.992651 0 -594.962 -18.6814 640.027 1 3
0.992623 -0.0176081 -0.11996 0 0.0195178 0.999701 0.0147624 0 0.119664 -0.0169948 0.992669 0 -594.904 -18.7163 639.926 1 3
0.992655 -0.0173476 -0.119733 0 0.0192946 0.999699 0.0151215 0 0.119435 -0.0173207 0.992691 0 -595.106 -18.9233 639.742 1 3
0.992689 -0.0172145 -0.119467 0 0.0191811 0.999698 0.0153304 0 0.119167 -0.0175098 0.99272 0 -595.264 -19.0315 639.519 1 3
0.992712 -0.017089 -0.119289 0 0.0190638 0.999699 0.0154327 0 0.11899 -0.0175943 0.99274 0 -595.354 -19.0933 639.406 1 3
0.99273 -0.0169757 -0.119159 0 0.0189508 0.999701 0.0154614 0 0.118861 -0.0176072 0.992755 0 -595.376 -19.1448 639.319 1 3
0.992738 -0.0169079 -0.119099 0 0.0188801 0.999702 0.0154505 0 0.118802 -0.0175869 0.992762 0 -595.328 -19.1815 639.22 1 3
0.99274 -0.0168694 -0.119091 0 0.0188506 0.999702 0.0155287 0 0.118794 -0.0176609 0.992762 0 -595.215 -19.2662 639.113 1 3
0.99274 -0.0168302 -0.119096 0 0.018812 0.999702 0.0155352 0 0.118799 -0.0176629 0.992761 0 -595.111 -19.2897 639.023 1 3
0.992739 -0.0167858 -0.119115 0 0.0187662 0.999703 0.0155236 0 0.118819 -0.0176462 0.992759 0 -594.947 -19.3155 638.987 1 3
0.99274 -0.0167405 -0.119108 0 0.018724 0.999704 0.0155534 0 0.118812 -0.0176706 0.992759 0 -594.837 -19.3545 638.947 1 3
0.992745 -0.0166886 -0.119074 0 0.0186723 0.999705 0.0155626 0 0.118779 -0.0176731 0.992763 0 -594.739 -19.3805 638.948 1 3
