0.630389 0 0.77628 0 0 1 0 0 -0.77628 0 0.630389 0 -75.1426 0 96.7895 1 0
0.630389 0 0.77628 0 0 1 0 0 -0.77628 0 0.630389 0 -75.1426 0 96.7895 1 0
0.630389 0 0.77628 0 0 1 0 0 -0.77628 0 0.630389 0 -75.1426 0 96.7895 1 0
0.630389 0 0.77628 0 0 1 0 0 -0.77628 0 0.630389 0 -75.1426 0 96.7895 1 0
0.626769 -0.00393572 0.779195 0 0.00741243 0.999972 -0.000911543 0 -0.77917 0.00634705 0.62678 0 -55.7781 -0.823189 104.054 1 1
0.62136 -0.0114647 0.783441 0 0.0074911 0.999934 0.00869154 0 -0.783489 0.000468253 0.621405 0 -28.0668 -2.18228 125.379 1 1
0.62136 -0.0114647 0.783441 0 0.0074911 0.999934 0.00869154 0 -0.783489 0.000468253 0.621405 0 -28.0668 -2.18228 125.379 1 2
0.62136 -0.0114647 0.783441 0 0.0074911 0.999934 0.00869154 0 -0.783489 0.000468253 0.621405 0 -28.0668 -2.18228 125.379 1 2
0.62136 -0.0114647 0.783441 0 0.0074911 0.999934 0.00869154 0 -0.783489 0.000468253 0.621405 0 -28.0668 -2.18228 125.379 1 2
0.62136 -0.0114647 0.783441 0 0.0074911 0.999934 0.00869154 0 -0.783489 0.000468253 0.621405 0 -28.0668 -2.18228 125.379 1 2
0.62136 -0.0114647 0.783441 0 0.0074911 0.999934 0.00869154 0 -0.783489 0.000468253 0.621405 0 -28.0668 -2.18228 125.379 1 2
0.62136 -0.0114647 0.783441 0 0.0074911 0.999934 0.00869154 0 -0.783489 0.000468253 0.621405 0 -28.0668 -2.18228 125.379 1 2
0.62136 -0.0114647 0.783441 0 0.0074911 0.999934 0.00869154 0 -0.783489 0.000468253 0.621405 0 -28.0668 -2.18228 125.379 1 2
0.62136 -0.0114647 0.783441 0 0.0074911 0.999934 0.00869154 0 -0.783489 0.000468253 0.621405 0 -28.0668 -2.18228 125.379 1 2
0.62136 -0.0114647 0.783441 0 0.0074911 0.999934 0.00869154 0 -0.783489 0.000468253 0.621405 0 -28.0668 -2.18228 125.379 1 2
0.62136 -0.0114647 0.783441 0 0.0074911 0.999934 0.00869154 0 -0.783489 0.000468253 0.621405 0 -28.0668 -2.18228 125.379 1 2
0.62136 -0.0114647 0.783441 0 0.0074911 0.999934 0.00869154 0 -0.783489 0.000468253 0.621405 0 -28.0668 -2.18228 125.379 1 2
0.62136 -0.0114647 0.783441 0 0.0074911 0.999934 0.00869154 0 -0.783489 0.000468253 0.621405 0 -28.0668 -2.18228 125.379 1 2
0.62136 -0.0114647 0.783441 0 0.0074911 0.999934 0.00869154 0 -0.783489 0.000468253 0.621405 0 -28.0668 -2.18228 125.379 1 2
0.62136 -0.0114647 0.783441 0 0.0074911 0.999934 0.00869154 0 -0.783489 0.000468253 0.621405 0 -28.0668 -2.18228 125.379 1 2
0.62136 -0.0114647 0.783441 0 0.0074911 0.999934 0.00869154 0 -0.783489 0.000468253 0.621405 0 -28.0668 -2.18228 125.379 1 2
0.62136 -0.0114647 0.783441 0 0.0074911 0.999934 0.00869154 0 -0.783489 0.000468253 0.621405 0 -28.0668 -2.18228 125.379 1 2
0.62136 -0.0114647 0.783441 0 0.0074911 0.999934 0.00869154 0 -0.783489 0.000468253 0.621405 0 -28.0668 -2.18228 125.379 1 2
0.62136 -0.0114647 0.783441 0 0.0074911 0.999934 0.00869154 0 -0.783489 0.000468253 0.621405 0 -28.0668 -2.18228 125.379 1 2
0.62136 -0.0114647 0.783441 0 0.0074911 0.999934 0.00869154 0 -0.783489 0.000468253 0.621405 0 -28.0668 -2.18228 125.379 1 2
0.62136 -0.0114647 0.783441 0 0.0074911 0.999934 0.00869154 0 -0.783489 0.000468253 0.621405 0 -28.0668 -2.18228 125.379 1 2
0.62136 -0.0114647 0.783441 0 0.0074911 0.999934 0.00869154 0 -0.783489 0.000468253 0.621405 0 -28.0668 -2.18228 125.379 1 2
0.62136 -0.0114647 0.783441 0 0.0074911 0.999934 0.00869154 0 -0.783489 0.000468253 0.621405 0 -28.0668 -2.18228 125.379 1 2
0.62136 -0.0114647 0.783441 0 0.0074911 0.999934 0.00869154 0 -0.783489 0.000468253 0.621405 0 -28.0668 -2.18228 125.379 1 2
0.62136 -0.0114647 0.783441 0 0.0074911 0.999934 0.00869154 0 -0.783489 0.000468253 0.621405 0 -28.0668 -2.18228 125.379 1 2
0.62136 -0.0114647 0.783441 0 0.0074911 0.999934 0.00869154 0 -0.783489 0.000468253 0.621405 0 -28.0668 -2.18228 125.379 1 2
0.62136 -0.0114647 0.783441 0 0.0074911 0.999934 0.00869154 0 -0.783489 0.000468253 0.621405 0 -28.0668 -2.18228 125.379 1 2
0.62136 -0.0114647 0.783441 0 0.0074911 0.999934 0.00869154 0 -0.783489 0.000468253 0.621405 0 -28.0668 -2.18228 125.379 1 2
0.62136 -0.0114647 0.783441 0 0.0074911 0.999934 0.00869154 0 -0.783489 0.000468253 0.621405 0 -28.0668 -2.18228 125.379 1 2
0.62136 -0.0114647 0.783441 0 0.0074911 0.999934 0.00869154 0 -0.783489 0.000468253 0.621405 0 -28.0668 -2.18228 125.379 1 2
0.62136 -0.0114647 0.783441 0 0.0074911 0.999934 0.00869154 0 -0.783489 0.000468253 0.621405 0 -28.0668 -2.18228 125.379 1 2
0.62136 -0.0114647 0.783441 0 0.0074911 0.999934 0.00869154 0 -0.783489 0.000468253 0.621405 0 -28.0668 -2.18228 125.379 1 2
0.62136 -0.0114647 0.783441 0 0.0074911 0.999934 0.00869154 0 -0.783489 0.000468253 0.621405 0 -28.0668 -2.18228 125.379 1 2
0.62136 -0.0114647 0.783441 0 0.0074911 0.999934 0.00869154 0 -0.783489 0.000468253 0.621405 0 -28.0668 -2.18228 125.379 1 2
0.62136 -0.0114647 0.783441 0 0.0074911 0.999934 0.00869154 0 -0.783489 0.000468253 0.621405 0 -28.0668 -2.18228 125.379 1 2
0.62136 -0.0114647 0.783441 0 0.0074911 0.999934 0.00869154 0 -0.783489 0.000468253 0.621405 0 -28.0668 -2.18228 125.379 1 2
0.62136 -0.0114647 0.783441 0 0.0074911 0.999934 0.00869154 0 -0.783489 0.000468253 0.621405 0 -28.0668 -2.18228 125.379 1 2
0.62136 -0.0114647 0.783441 0 0.0074911 0.999934 0.00869154 0 -0.783489 0.000468253 0.621405 0 -28.0668 -2.18228 125.379 1 2
0.62136 -0.0114647 0.783441 0 0.0074911 0.999934 0.00869154 0 -0.783489 0.000468253 0.621405 0 -28.0668 -2.18228 125.379 1 2
0.62136 -0.0114647 0.783441 0 0.0074911 0.999934 0.00869154 0 -0.783489 0.000468253 0.621405 0 -28.0668 -2.18228 125.379 1 2
0.62136 -0.0114647 0.783441 0 0.0074911 0.999934 0.00869154 0 -0.783489 0.000468253 0.621405 0 -28.0668 -2.18228 125.379 1 2
0.62136 -0.0114647 0.783441 0 0.0074911 0.999934 0.00869154 0 -0.783489 0.000468253 0.621405 0 -28.0668 -2.18228 125.379 1 2
0.62136 -0.0114647 0.783441 0 0.0074911 0.999934 0.00869154 0 -0.783489 0.000468253 0.621405 0 -28.0668 -2.18228 125.379 1 2
0.62136 -0.0114647 0.783441 0 0.0074911 0.999934 0.00869154 0 -0.783489 0.000468253 0.621405 0 -28.0668 -2.18228 125.379 1 2
0.62136 -0.0114647 0.783441 0 0.0074911 0.999934 0.00869154 0 -0.783489 0.000468253 0.621405 0 -28.0668 -2.18228 125.379 1 2
0.62136 -0.0114647 0.783441 0 0.0074911 0.999934 0.00869154 0 -0.783489 0.000468253 0.621405 0 -28.0668 -2.18228 125.379 1 2
0.62136 -0.0114647 0.783441 0 0.0074911 0.999934 0.00869154 0 -0.783489 0.000468253 0.621405 0 -28.0668 -2.18228 125.379 1 2
0.62136 -0.0114647 0.783441 0 0.0074911 0.999934 0.00869154 0 -0.783489 0.000468253 0.621405 0 -28.0668 -2.18228 125.379 1 2
0.62136 -0.0114647 0.783441 0 0.0074911 0.999934 0.00869154 0 -0.783489 0.000468253 0.621405 0 -28.0668 -2.18228 125.379 1 2
0.62136 -0.0114647 0.783441 0 0.0074911 0.999934 0.00869154 0 -0.783489 0.000468253 0.621405 0 -28.0668 -2.18228 125.379 1 2
0.62136 -0.0114647 0.783441 0 0.0074911 0.999934 0.00869154 0 -0.783489 0.000468253 0.621405 0 -28.0668 -2.18228 125.379 1 2
0.62136 -0.0114647 0.783441 0 0.0074911 0.999934 0.00869154 0 -0.783489 0.000468253 0.621405 0 -28.0668 -2.18228 125.379 1 2
0.62136 -0.0114647 0.783441 0 0.0074911 0.999934 0.00869154 0 -0.783489 0.000468253 0.621405 0 -28.0668 -2.18228 125.379 1 2
0.62136 -0.0114647 0.783441 0 0.0074911 0.999934 0.00869154 0 -0.783489 0.000468253 0.621405 0 -28.0668 -2.18228 125.379 1 2
0.62136 -0.0114647 0.783441 0 0.0074911 0.999934 0.00869154 0 -0.783489 0.000468253 0.621405 0 -28.0668 -2.18228 125.379 1 2
0.62136 -0.0114647 0.783441 0 0.0074911 0.999934 0.00869154 0 -0.783489 0.000468253 0.621405 0 -28.0668 -2.18228 125.379 1 2
0.62136 -0.0114647 0.783441 0 0.0074911 0.999934 0.00869154 0 -0.783489 0.000468253 0.621405 0 -28.0668 -2.18228 125.379 1 2
0.62136 -0.0114647 0.783441 0 0.0074911 0.999934 0.00869154 0 -0.783489 0.000468253 0.621405 0 -28.0668 -2.18228 125.379 1 2
0.62136 -0.0114647 0.783441 0 0.0074911 0.999934 0.00869154 0 -0.783489 0.000468253 0.621405 0 -28.0668 -2.18228 125.379 1 2
0.62136 -0.0114647 0.783441 0 0.0074911 0.999934 0.00869154 0 -0.783489 0.000468253 0.621405 0 -28.0668 -2.18228 125.379 1 2
0.62136 -0.0114647 0.783441 0 0.0074911 0.999934 0.00869154 0 -0.783489 0.000468253 0.621405 0 -28.0668 -2.18228 125.379 1 2
0.62136 -0.0114647 0.783441 0 0.0074911 0.999934 0.00869154 0 -0.783489 0.000468253 0.621405 0 -28.0668 -2.18228 125.379 1 2
0.62136 -0.0114647 0.783441 0 0.0074911 0.999934 0.00869154 0 -0.783489 0.000468253 0.621405 0 -28.0668 -2.18228 125.379 1 2
0.62136 -0.0114647 0.783441 0 0.0074911 0.999934 0.00869154 0 -0.783489 0.000468253 0.621405 0 -28.0668 -2.18228 125.379 1 2
0.62136 -0.0114647 0.783441 0 0.0074911 0.999934 0.00869154 0 -0.783489 0.000468253 0.621405 0 -28.0668 -2.18228 125.379 1 2
0.62136 -0.0114647 0.783441 0 0.0074911 0.999934 0.00869154 0 -0.783489 0.000468253 0.621405 0 -28.0668 -2.18228 125.379 1 2
0.62136 -0.0114647 0.783441 0 0.0074911 0.999934 0.00869154 0 -0.783489 0.000468253 0.621405 0 -28.0668 -2.18228 125.379 1 2
0.62136 -0.0114647 0.783441 0 0.0074911 0.999934 0.00869154 0 -0.783489 0.000468253 0.621405 0 -28.0668 -2.18228 125.379 1 2
0.62136 -0.0114647 0.783441 0 0.0074911 0.999934 0.00869154 0 -0.783489 0.000468253 0.621405 0 -28.0668 -2.18228 125.379 1 2
0.62136 -0.0114647 0.783441 0 0.0074911 0.999934 0.00869154 0 -0.783489 0.000468253 0.621405 0 -28.0668 -2.18228 125.379 1 2
0.62136 -0.0114647 0.783441 0 0.0074911 0.999934 0.00869154 0 -0.783489 0.000468253 0.621405 0 -28.0668 -2.18228 125.379 1 2
0.62136 -0.0114647 0.783441 0 0.0074911 0.999934 0.00869154 0 -0.783489 0.000468253 0.621405 0 -28.0668 -2.18228 125.379 1 2
0.62136 -0.0114647 0.783441 0 0.0074911 0.999934 0.00869154 0 -0.783489 0.000468253 0.621405 0 -28.0668 -2.18228 125.379 1 2
0.62136 -0.0114647 0.783441 0 0.0074911 0.999934 0.00869154 0 -0.783489 0.000468253 0.621405 0 -28.0668 -2.18228 125.379 1 2
0.62136 -0.0114647 0.783441 0 0.0074911 0.999934 0.00869154 0 -0.783489 0.000468253 0.621405 0 -28.0668 -2.18228 125.379 1 2
0.62136 -0.0114647 0.783441 0 0.0074911 0.999934 0.00869154 0 -0.783489 0.000468253 0.621405 0 -28.0668 -2.18228 125.379 1 2
0.62136 -0.0114647 0.783441 0 0.0074911 0.999934 0.00869154 0 -0.783489 0.000468253 0.621405 0 -28.0668 -2.18228 125.379 1 2
0.62136 -0.0114647 0.783441 0 0.0074911 0.999934 0.00869154 0 -0.783489 0.000468253 0.621405 0 -28.0668 -2.18228 125.379 1 2
0.62136 -0.0114647 0.783441 0 0.0074911 0.999934 0.00869154 0 -0.783489 0.000468253 0.621405 0 -28.0668 -2.18228 125.379 1 2
0.62136 -0.0114647 0.783441 0 0.0074911 0.999934 0.00869154 0 -0.783489 0.000468253 0.621405 0 -28.0668 -2.18228 125.379 1 2
0.62136 -0.0114647 0.783441 0 0.0074911 0.999934 0.00869154 0 -0.783489 0.000468253 0.621405 0 -28.0668 -2.18228 125.379 1 2
0.62136 -0.0114647 0.783441 0 0.0074911 0.999934 0.00869154 0 -0.783489 0.000468253 0.621405 0 -28.0668 -2.18228 125.379 1 2
0.62136 -0.0114647 0.783441 0 0.0074911 0.999934 0.00869154 0 -0.783489 0.000468253 0.621405 0 -28.0668 -2.18228 125.379 1 2
0.62136 -0.0114647 0.783441 0 0.0074911 0.999934 0.00869154 0 -0.783489 0.000468253 0.621405 0 -28.0668 -2.18228 125.379 1 2
0.62136 -0.0114647 0.783441 0 0.0074911 0.999934 0.00869154 0 -0.783489 0.000468253 0.621405 0 -28.0668 -2.18228 125.379 1 2
0.62136 -0.0114647 0.783441 0 0.0074911 0.999934 0.00869154 0 -0.783489 0.000468253 0.621405 0 -28.0668 -2.18228 125.379 1 2
0.62136 -0.0114647 0.783441 0 0.0074911 0.999934 0.00869154 0 -0.783489 0.000468253 0.621405 0 -28.0668 -2.18228 125.379 1 2
0.62136 -0.0114647 0.783441 0 0.0074911 0.999934 0.00869154 0 -0.783489 0.000468253 0.621405 0 -28.0668 -2.18228 125.379 1 2
0.62136 -0.0114647 0.783441 0 0.0074911 0.999934 0.00869154 0 -0.783489 0.000468253 0.621405 0 -28.0668 -2.18228 125.379 1 2
0.62136 -0.0114647 0.783441 0 0.0074911 0.999934 0.00869154 0 -0.783489 0.000468253 0.621405 0 -28.0668 -2.18228 125.379 1 2
0.62136 -0.0114647 0.783441 0 0.0074911 0.999934 0.00869154 0 -0.783489 0.000468253 0.621405 0 -28.0668 -2.18228 125.379 1 2
0.62136 -0.0114647 0.783441 0 0.0074911 0.999934 0.00869154 0 -0.783489 0.000468253 0.621405 0 -28.0668 -2.18228 125.379 1 2
0.62136 -0.0114647 0.783441 0 0.0074911 0.999934 0.00869154 0 -0.783489 0.000468253 0.621405 0 -28.0668 -2.18228 125.379 1 2
0.62136 -0.0114647 0.783441 0 0.0074911 0.999934 0.00869154 0 -0.783489 0.000468253 0.621405 0 -28.0668 -2.18228 125.379 1 2
0.62136 -0.0114647 0.783441 0 0.0074911 0.999934 0.00869154 0 -0.783489 0.000468253 0.621405 0 -28.0668 -2.18228 125.379 1 2
0.62136 -0.0114647 0.783441 0 0.0074911 0.999934 0.00869154 0 -0.783489 0.000468253 0.621405 0 -28.0668 -2.18228 125.379 1 2
0.62136 -0.0114647 0.783441 0 0.0074911 0.999934 0.00869154 0 -0.783489 0.000468253 0.621405 0 -28.0668 -2.18228 125.379 1 2
0.62136 -0.0114647 0.783441 0 0.0074911 0.999934 0.00869154 0 -0.783489 0.000468253 0.621405 0 -28.0668 -2.18228 125.379 1 2
0.62136 -0.0114647 0.783441 0 0.0074911 0.999934 0.00869154 0 -0.783489 0.000468253 0.621405 0 -28.0668 -2.18228 125.379 1 2
0.62136 -0.0114647 0.783441 0 0.0074911 0.999934 0.00869154 0 -0.783489 0.000468253 0.621405 0 -28.0668 -2.18228 125.379 1 2
0.62136 -0.0114647 0.783441 0 0.0074911 0.999934 0.00869154 0 -0.783489 0.000468253 0.621405 0 -28.0668 -2.18228 125.379 1 2
0.62136 -0.0114647 0.783441 0 0.0074911 0.999934 0.00869154 0 -0.783489 0.000468253 0.621405 0 -28.0668 -2.18228 125.379 1 2
0.62136 -0.0114647 0.783441 0 0.0074911 0.999934 0.00869154 0 -0.783489 0.000468253 0.621405 0 -28.0668 -2.18228 125.379 1 2
0.62136 -0.0114647 0.783441 0 0.0074911 0.999934 0.00869154 0 -0.783489 0.000468253 0.621405 0 -28.0668 -2.18228 125.379 1 2
0.62136 -0.0114647 0.783441 0 0.0074911 0.999934 0.00869154 0 -0.783489 0.000468253 0.621405 0 -28.0668 -2.18228 125.379 1 2
0.62136 -0.0114647 0.783441 0 0.0074911 0.999934 0.00869154 0 -0.783489 0.000468253 0.621405 0 -28.0668 -2.18228 125.379 1 2
0.62136 -0.0114647 0.783441 0 0.0074911 0.999934 0.00869154 0 -0.783489 0.000468253 0.621405 0 -28.0668 -2.18228 125.379 1 2
0.62136 -0.0114647 0.783441 0 0.0074911 0.999934 0.00869154 0 -0.783489 0.000468253 0.621405 0 -28.0668 -2.18228 125.379 1 2
0.62136 -0.0114647 0.783441 0 0.0074911 0.999934 0.00869154 0 -0.783489 0.000468253 0.621405 0 -28.0668 -2.18228 125.379 1 2
0.62136 -0.0114647 0.783441 0 0.0074911 0.999934 0.00869154 0 -0.783489 0.000468253 0.621405 0 -28.0668 -2.18228 125.379 1 2
0.62136 -0.0114647 0.783441 0 0.0074911 0.999934 0.00869154 0 -0.783489 0.000468253 0.621405 0 -28.0668 -2.18228 125.379 1 2
0.62136 -0.0114647 0.783441 0 0.0074911 0.999934 0.00869154 0 -0.783489 0.000468253 0.621405 0 -28.0668 -2.18228 125.379 1 2
0.62136 -0.0114647 0.783441 0 0.0074911 0.999934 0.00869154 0 -0.783489 0.000468253 0.621405 0 -28.0668 -2.18228 125.379 1 2
0.62136 -0.0114647 0.783441 0 0.0074911 0.999934 0.00869154 0 -0.783489 0.000468253 0.621405 0 -28.0668 -2.18228 125.379 1 2
0.62136 -0.0114647 0.783441 0 0.0074911 0.999934 0.00869154 0 -0.783489 0.000468253 0.621405 0 -28.0668 -2.18228 125.379 1 2
0.62136 -0.0114647 0.783441 0 0.0074911 0.999934 0.00869154 0 -0.783489 0.000468253 0.621405 0 -28.0668 -2.18228 125.379 1 2
0.62136 -0.0114647 0.783441 0 0.0074911 0.999934 0.00869154 0 -0.783489 0.000468253 0.621405 0 -28.0668 -2.18228 125.379 1 2
0.62136 -0.0114647 0.783441 0 0.0074911 0.999934 0.00869154 0 -0.783489 0.000468253 0.621405 0 -28.0668 -2.18228 125.379 1 2
0.62136 -0.0114647 0.783441 0 0.0074911 0.999934 0.00869154 0 -0.783489 0.000468253 0.621405 0 -28.0668 -2.18228 125.379 1 2
0.62136 -0.0114647 0.783441 0 0.0074911 0.999934 0.00869154 0 -0.783489 0.000468253 0.621405 0 -28.0668 -2.18228 125.379 1 2
0.62136 -0.0114647 0.783441 0 0.0074911 0.999934 0.00869154 0 -0.783489 0.000468253 0.621405 0 -28.0668 -2.18228 125.379 1 2
0.62136 -0.0114647 0.783441 0 0.0074911 0.999934 0.00869154 0 -0.783489 0.000468253 0.621405 0 -28.0668 -2.18228 125.379 1 2
0.62136 -0.0114647 0.783441 0 0.0074911 0.999934 0.00869154 0 -0.783489 0.000468253 0.621405 0 -28.0668 -2.18228 125.379 1 2
0.620908 -0.0106143 0.783812 0 0.00786089 0.999942 0.00731395 0 -0.783844 0.00162017 0.620955 0 -25.8183 -3.28213 126.426 1 3
0.620804 -0.0097584 0.783905 0 0.00770397 0.99995 0.00634675 0 -0.783928 0.00209908 0.620849 0 -24.1869 -3.84555 127.238 1 3
0.620817 -0.00886792 0.783905 0 0.00725858 0.999958 0.00556355 0 -0.783922 0.00223609 0.620855 0 -22.7518 -4.15958 127.89 1 3
0.62096 -0.00790486 0.783802 0 0.00679217 0.999966 0.00470389 0 -0.783813 0.00240278 0.620993 0 -21.677 -4.42798 128.389 1 3
0.621168 -0.00707808 0.783645 0 0.00619939 0.999972 0.00411796 0 -0.783653 0.00230017 0.621195 0 -20.8715 -4.50279 128.774 1 3
0.62163 -0.00765613 0.783273 0 0.00690482 0.999967 0.00429432 0 -0.78328 0.00273889 0.621662 0 -20.7216 -4.08916 128.686 1 3
0.622092 -0.00794953 0.782904 0 0.0070648 0.999965 0.00453989 0 -0.782912 0.00270683 0.622126 0 -20.3429 -3.25799 128.374 1 3
0.622389 -0.00881532 0.782658 0 0.00711737 0.999959 0.00560294 0 -0.782676 0.00208326 0.622426 0 -19.9894 -2.15127 128.149 1 3
0.622465 -0.00918154 0.782594 0 0.00757134 0.999955 0.00570951 0 -0.782611 0.00237131 0.622506 0 -19.0065 -2.19866 128.59 1 3
0.622466 -0.00979125 0.782586 0 0.0081338 0.999949 0.00604118 0 -0.782605 0.00260497 0.622513 0 -18.1832 -2.10178 129.081 1 3
0.622182 -0.0103436 0.782804 0 0.00851416 0.999943 0.00644557 0 -0.782826 0.0026546 0.622235 0 -17.5088 -2.18927 129.436 1 3
0.621824 -0.0108328 0.783082 0 0.00871733 0.999938 0.00691054 0 -0.783109 0.00252925 0.62188 0 -17.056 -2.39481 129.829 1 3
0.62126 -0.011246 0.783524 0 0.00902105 0.999933 0.00719933 0 -0.783552 0.00259555 0.62132 0 -16.6391 -2.52842 130.283 1 3
0.62067 -0.0115064 0.783987 0 0.00900764 0.999931 0.0075445 0 -0.78402 0.00237923 0.620731 0 -16.22 -2.62491 130.647 1 3
0.620389 -0.0114617 0.784211 0 0.00886501 0.999932 0.00760153 0 -0.784245 0.00223613 0.620448 0 -15.9027 -2.6934 130.886 1 3
0.620235 -0.0114493 0.784333 0 0.00881146 0.999932 0.0076286 0 -0.784367 0.00217959 0.620294 0 -15.5277 -2.66446 131.046 1 3
0.620284 -0.0117332 0.78429 0 0.0091263 0.999928 0.00774131 0 -0.784324 0.00235586 0.620346 0 -15.2276 -2.82065 131.011 1 3
0.621835 -0.0110809 0.78307 0 0.00926679 0.999934 0.00679086 0 -0.783094 0.00303375 0.621896 0 -18.2924 -3.48806 130.305 1 3
0.622951 -0.0108137 0.782186 0 0.00957922 0.999935 0.00619493 0 -0.782202 0.00363359 0.623014 0 -20.4699 -3.85803 129.784 1 3
0.623741 -0.0107247 0.781558 0 0.00993843 0.999934 0.00578968 0 -0.781568 0.0041562 0.623806 0 -22.2375 -4.12979 129.288 1 3
0.624198 -0.010819 0.781191 0 0.0102729 0.999931 0.00564004 0 -0.781199 0.00450461 0.624266 0 -23.4161 -4.27851 128.896 1 3
0.624424 -0.0109164 0.78101 0 0.0105448 0.999929 0.00554561 0 -0.781015 0.00477278 0.624494 0 -24.3059 -4.39264 128.641 1 3
0.624639 -0.0111028 0.780834 0 0.0107823 0.999926 0.00559257 0 -0.780839 0.00492589 0.624713 0 -24.9247 -4.46241 128.33 1 3
0.624629 -0.0112851 0.78084 0 0.0109637 0.999924 0.005681 0 -0.780844 0.00501239 0.624706 0 -25.2947 -4.50711 128.104 1 3
0.624572 -0.0114305 0.780883 0 0.0111186 0.999922 0.00574377 0 -0.780888 0.00509495 0.624651 0 -25.4205 -4.55703 127.911 1 3
0.624492 -0.0116657 0.780944 0 0.0113559 0.999918 0.00585583 0 -0.780949 0.0052114 0.624573 0 -25.541 -4.60012 127.712 1 3
0.624402 -0.0118362 0.781013 0 0.0115242 0.999916 0.00594031 0 -0.781018 0.00529138 0.624486 0 -25.5628 -4.62213 127.494 1 3
0.624294 -0.0119294 0.781098 0 0.0116177 0.999915 0.00598577 0 -0.781103 0.00533772 0.624379 0 -25.4775 -4.65927 127.291 1 3
0.624242 -0.0120248 0.781138 0 0.011669 0.999914 0.00606749 0 -0.781144 0.00532748 0.624329 0 -25.3156 -4.67097 127.106 1 3
0.624211 -0.0120798 0.781162 0 0.0119957 0.999911 0.00587701 0 -0.781164 0.00570208 0.6243 0 -25.3774 -4.75591 127.68 1 3
0.624102 -0.0120962 0.781249 0 0.0121801 0.999909 0.00575169 0 -0.781248 0.00592602 0.624192 0 -25.4106 -4.74855 128.043 1 3
0.623952 -0.0121919 0.781367 0 0.0123207 0.999907 0.00576322 0 -0.781365 0.00603103 0.624045 0 -25.3371 -4.78134 128.286 1 3
0.623868 -0.0121892 0.781435 0 0.0123226 0.999907 0.00575913 0 -0.781433 0.0060364 0.62396 0 -25.1993 -4.75906 128.41 1 3
0.623779 -0.0121622 0.781506 0 0.0123066 0.999908 0.0057383 0 -0.781504 0.00603822 0.623871 0 -25.0431 -4.75464 128.516 1 3
0.623672 -0.0121802 0.781591 0 0.0123095 0.999908 0.00576007 0 -0.781589 0.00602858 0.623765 0 -24.8903 -4.78957 128.538 1 3
0.623664 -0.0123167 0.781595 0 0.0121612 0.999908 0.00605303 0 -0.781598 0.00573008 0.623756 0 -24.9061 -4.70701 128.537 1 3
0.623542 -0.0123715 0.781692 0 0.0120904 0.999908 0.00618083 0 -0.781697 0.00559693 0.623634 0 -24.8779 -4.67941 128.52 1 3
0.623442 -0.0123748 0.781772 0 0.0120189 0.999908 0.00624289 0 -0.781777 0.00550398 0.623534 0 -24.8397 -4.65852 128.565 1 3
0.623337 -0.012338 0.781856 0 0.01195 0.999909 0.00625175 0 -0.781862 0.00544626 0.623428 0 -24.7652 -4.64759 128.609 1 3
0.623262 -0.0122724 0.781917 0 0.0118756 0.99991 0.00622793 0 -0.781923 0.00540411 0.623351 0 -24.6273 -4.63876 128.615 1 3
0.62324 -0.0122928 0.781934 0 0.0118265 0.99991 0.00629322 0 -0.781941 0.0053254 0.623329 0 -24.4886 -4.65146 128.553 1 3
0.623232 -0.0122708 0.781941 0 0.0117831 0.999911 0.00629986 0 -0.781948 0.00528739 0.623321 0 -24.3838 -4.6454 128.494 1 3
0.623226 -0.0122332 0.781946 0 0.011737 0.999911 0.00628855 0 -0.781954 0.00525852 0.623314 0 -24.2261 -4.65283 128.461 1 3
0.623207 -0.0122396 0.781961 0 0.0116967 0.999912 0.00632896 0 -0.781969 0.00520213 0.623295 0 -24.1115 -4.65487 128.419 1 3
0.623171 -0.0122243 0.78199 0 0.011653 0.999912 0.00634456 0 -0.781999 0.00515878 0.623258 0 -24.0102 -4.65398 128.432 1 3
