0.0988074 0 0.995107 0 0 1 0 0 -0.995107 0 0.0988074 0 -2821.05 0 240.725 1 0
0.0988074 0 0.995107 0 0 1 0 0 -0.995107 0 0.0988074 0 -2821.05 0 240.725 1 0
0.0988074 0 0.995107 0 0 1 0 0 -0.995107 0 0.0988074 0 -2821.05 0 240.725 1 0
0.0988074 0 0.995107 0 0 1 0 0 -0.995107 0 0.0988074 0 -2821.05 0 240.725 1 0
0.0988074 0 0.995107 0 0 1 0 0 -0.995107 0 0.0988074 0 -2821.05 0 240.725 1 0
0.0988074 0 0.995107 0 0 1 0 0 -0.995107 0 0.0988074 0 -2821.05 0 240.725 1 0
0.0988074 0 0.995107 0 0 1 0 0 -0.995107 0 0.0988074 0 -2821.05 0 240.725 1 0
0.0988074 0 0.995107 0 0 1 0 0 -0.995107 0 0.0988074 0 -2821.05 0 240.725 1 0
0.0988074 0 0.995107 0 0 1 0 0 -0.995107 0 0.0988074 0 -2821.05 0 240.725 1 0
0.0988074 0 0.995107 0 0 1 0 0 -0.995107 0 0.0988074 0 -2821.05 0 240.725 1 0
0.0988074 0 0.995107 0 0 1 0 0 -0.995107 0 0.0988074 0 -2821.05 0 240.725 1 0
0.0988074 0 0.995107 0 0 1 0 0 -0.995107 0 0.0988074 0 -2821.05 0 240.725 1 0
0.0988074 0 0.995107 0 0 1 0 0 -0.995107 0 0.0988074 0 -2821.05 0 240.725 1 0
0.0988074 0 0.995107 0 0 1 0 0 -0.995107 0 0.0988074 0 -2821.05 0 240.725 1 0
0.0988074 0 0.995107 0 0 1 0 0 -0.995107 0 0.0988074 0 -2821.05 0 240.725 1 0
0.0988074 0 0.995107 0 0 1 0 0 -0.995107 0 0.0988074 0 -2821.05 0 240.725 1 0
0.0988074 0 0.995107 0 0 1 0 0 -0.995107 0 0.0988074 0 -2821.05 0 240.725 1 0
0.0988074 0 0.995107 0 0 1 0 0 -0.995107 0 0.0988074 0 -2821.05 0 240.725 1 0
0.0988074 0 0.995107 0 0 1 0 0 -0.995107 0 0.0988074 0 -2821.05 0 240.725 1 0
0.0988074 0 0.995107 0 0 1 0 0 -0.995107 0 0.0988074 0 -2821.05 0 240.725 1 0
0.0988074 0 0.995107 0 0 1 0 0 -0.995107 0 0.0988074 0 -2821.05 0 240.725 1 0
0.0988074 0 0.995107 0 0 1 0 0 -0.995107 0 0.0988074 0 -2821.05 0 240.725 1 0
0.0988074 0 0.995107 0 0 1 0 0 -0.995107 0 0.0988074 0 -2821.05 0 240.725 1 0
0.0988074 0 0.995107 0 0 1 0 0 -0.995107 0 0.0988074 0 -2821.05 0 240.725 1 0
0.0988074 0 0.995107 0 0 1 0 0 -0.995107 0 0.0988074 0 -2821.05 0 240.725 1 0
0.0988074 0 0.995107 0 0 1 0 0 -0.995107 0 0.0988074 0 -2821.05 0 240.725 1 0
0.0988074 0 0.995107 0 0 1 0 0 -0.995107 0 0.0988074 0 -2821.05 0 240.725 1 0
0.0988074 0 0.995107 0 0 1 0 0 -0.995107 0 0.0988074 0 -2821.05 0 240.725 1 0
0.0988074 0 0.995107 0 0 1 0 0 -0.995107 0 0.0988074 0 -2821.05 0 240.725 1 0
0.0988074 0 0.995107 0 0 1 0 0 -0.995107 0 0.0988074 0 -2821.05 0 240.725 1 0
0.0988074 0 0.995107 0 0 1 0 0 -0.995107 0 0.0988074 0 -2821.05 0 240.725 1 0
0.0988074 0 0.995107 0 0 1 0 0 -0.995107 0 0.0988074 0 -2821.05 0 240.725 1 0
0.0988074 0 0.995107 0 0 1 0 0 -0.995107 0 0.0988074 0 -2821.05 0 240.725 1 0
0.0988074 0 0.995107 0 0 1 0 0 -0.995107 0 0.0988074 0 -2821.05 0 240.725 1 0
0.0988074 0 0.995107 0 0 1 0 0 -0.995107 0 0.0988074 0 -2821.05 0 240.725 1 0
0.0988074 0 0.995107 0 0 1 0 0 -0.995107 0 0.0988074 0 -2821.05 0 240.725 1 0
0.0988074 0 0.995107 0 0 1 0 0 -0.995107 0 0.0988074 0 -2821.05 0 240.725 1 0
0.0988074 0 0.995107 0 0 1 0 0 -0.995107 0 0.0988074 0 -2821.05 0 240.725 1 0
0.112244 -0.0640538 0.991614 0 0.00450621 0.997943 0.0639525 0 -0.99367 -0.00270988 0.112302 0 -2545.07 -55.237 1209.79 1 1
0.117842 -0.0525474 0.991641 0 0.01221 0.9986 0.0514652 0 -0.992957 0.0060432 0.118319 0 -2558.39 -62.3437 1287.19 1 1
0.117842 -0.0525474 0.991641 0 0.01221 0.9986 0.0514652 0 -0.992957 0.0060432 0.118319 0 -2558.39 -62.3437 1287.19 1 2
0.117842 -0.0525474 0.991641 0 0.01221 0.9986 0.0514652 0 -0.992957 0.0060432 0.118319 0 -2558.39 -62.3437 1287.19 1 2
0.117842 -0.0525474 0.991641 0 0.01221 0.9986 0.0514652 0 -0.992957 0.0060432 0.118319 0 -2558.39 -62.3437 1287.19 1 2
0.117842 -0.0525474 0.991641 0 0.01221 0.9986 0.0514652 0 -0.992957 0.0060432 0.118319 0 -2558.39 -62.3437 1287.19 1 2
0.117842 -0.0525474 0.991641 0 0.01221 0.9986 0.0514652 0 -0.992957 0.0060432 0.118319 0 -2558.39 -62.3437 1287.19 1 2
0.117842 -0.0525474 0.991641 0 0.01221 0.9986 0.0514652 0 -0.992957 0.0060432 0.118319 0 -2558.39 -62.3437 1287.19 1 2
0.117842 -0.0525474 0.991641 0 0.01221 0.9986 0.0514652 0 -0.992957 0.0060432 0.118319 0 -2558.39 -62.3437 1287.19 1 2
0.117842 -0.0525474 0.991641 0 0.01221 0.9986 0.0514652 0 -0.992957 0.0060432 0.118319 0 -2558.39 -62.3437 1287.19 1 2
0.117842 -0.0525474 0.991641 0 0.01221 0.9986 0.0514652 0 -0.992957 0.0060432 0.118319 0 -2558.39 -62.3437 1287.19 1 2
0.117842 -0.0525474 0.991641 0 0.01221 0.9986 0.0514652 0 -0.992957 0.0060432 0.118319 0 -2558.39 -62.3437 1287.19 1 2
0.117842 -0.0525474 0.991641 0 0.01221 0.9986 0.0514652 0 -0.992957 0.0060432 0.118319 0 -2558.39 -62.3437 1287.19 1 2
0.117842 -0.0525474 0.991641 0 0.01221 0.9986 0.0514652 0 -0.992957 0.0060432 0.118319 0 -2558.39 -62.3437 1287.19 1 2
0.117842 -0.0525474 0.991641 0 0.01221 0.9986 0.0514652 0 -0.992957 0.0060432 0.118319 0 -2558.39 -62.3437 1287.19 1 2
0.117842 -0.0525474 0.991641 0 0.01221 0.9986 0.0514652 0 -0.992957 0.0060432 0.118319 0 -2558.39 -62.3437 1287.19 1 2
0.117842 -0.0525474 0.991641 0 0.01221 0.9986 0.0514652 0 -0.992957 0.0060432 0.118319 0 -2558.39 -62.3437 1287.19 1 2
0.117842 -0.0525474 0.991641 0 0.01221 0.9986 0.0514652 0 -0.992957 0.0060432 0.118319 0 -2558.39 -62.3437 1287.19 1 2
0.117842 -0.0525474 0.991641 0 0.01221 0.9986 0.0514652 0 -0.992957 0.0060432 0.118319 0 -2558.39 -62.3437 1287.19 1 2
0.117842 -0.0525474 0.991641 0 0.01221 0.9986 0.0514652 0 -0.992957 0.0060432 0.118319 0 -2558.39 -62.3437 1287.19 1 2
0.117842 -0.0525474 0.991641 0 0.01221 0.9986 0.0514652 0 -0.992957 0.0060432 0.118319 0 -2558.39 -62.3437 1287.19 1 2
0.117842 -0.0525474 0.991641 0 0.01221 0.9986 0.0514652 0 -0.992957 0.0060432 0.118319 0 -2558.39 -62.3437 1287.19 1 2
0.117842 -0.0525474 0.991641 0 0.01221 0.9986 0.0514652 0 -0.992957 0.0060432 0.118319 0 -2558.39 -62.3437 1287.19 1 2
0.117842 -0.0525474 0.991641 0 0.01221 0.9986 0.0514652 0 -0.992957 0.0060432 0.118319 0 -2558.39 -62.3437 1287.19 1 2
0.117842 -0.0525474 0.991641 0 0.01221 0.9986 0.0514652 0 -0.992957 0.0060432 0.118319 0 -2558.39 -62.3437 1287.19 1 2
0.117842 -0.0525474 0.991641 0 0.01221 0.9986 0.0514652 0 -0.992957 0.0060432 0.118319 0 -2558.39 -62.3437 1287.19 1 2
0.117842 -0.0525474 0.991641 0 0.01221 0.9986 0.0514652 0 -0.992957 0.0060432 0.118319 0 -2558.39 -62.3437 1287.19 1 2
0.117842 -0.0525474 0.991641 0 0.01221 0.9986 0.0514652 0 -0.992957 0.0060432 0.118319 0 -2558.39 -62.3437 1287.19 1 2
0.117842 -0.0525474 0.991641 0 0.01221 0.9986 0.0514652 0 -0.992957 0.0060432 0.118319 0 -2558.39 -62.3437 1287.19 1 2
0.117842 -0.0525474 0.991641 0 0.01221 0.9986 0.0514652 0 -0.992957 0.0060432 0.118319 0 -2558.39 -62.3437 1287.19 1 2
0.117842 -0.0525474 0.991641 0 0.01221 0.9986 0.0514652 0 -0.992957 0.0060432 0.118319 0 -2558.39 -62.3437 1287.19 1 2
0.117842 -0.0525474 0.991641 0 0.01221 0.9986 0.0514652 0 -0.992957 0.0060432 0.118319 0 -2558.39 -62.3437 1287.19 1 2
0.117842 -0.0525474 0.991641 0 0.01221 0.9986 0.0514652 0 -0.992957 0.0060432 0.118319 0 -2558.39 -62.3437 1287.19 1 2
0.117842 -0.0525474 0.991641 0 0.01221 0.9986 0.0514652 0 -0.992957 0.0060432 0.118319 0 -2558.39 -62.3437 1287.19 1 2
0.117842 -0.0525474 0.991641 0 0.01221 0.9986 0.0514652 0 -0.992957 0.0060432 0.118319 0 -2558.39 -62.3437 1287.19 1 2
0.117842 -0.0525474 0.991641 0 0.01221 0.9986 0.0514652 0 -0.992957 0.0060432 0.118319 0 -2558.39 -62.3437 1287.19 1 2
0.117842 -0.0525474 0.991641 0 0.01221 0.9986 0.0514652 0 -0.992957 0.0060432 0.118319 0 -2558.39 -62.3437 1287.19 1 2
0.117842 -0.0525474 0.991641 0 0.01221 0.9986 0.0514652 0 -0.992957 0.0060432 0.118319 0 -2558.39 -62.3437 1287.19 1 2
0.117842 -0.0525474 0.991641 0 0.01221 0.9986 0.0514652 0 -0.992957 0.0060432 0.118319 0 -2558.39 -62.3437 1287.19 1 2
0.117842 -0.0525474 0.991641 0 0.01221 0.9986 0.0514652 0 -0.992957 0.0060432 0.118319 0 -2558.39 -62.3437 1287.19 1 2
0.117842 -0.0525474 0.991641 0 0.01221 0.9986 0.0514652 0 -0.992957 0.0060432 0.118319 0 -2558.39 -62.3437 1287.19 1 2
0.117842 -0.0525474 0.991641 0 0.01221 0.9986 0.0514652 0 -0.992957 0.0060432 0.118319 0 -2558.39 -62.3437 1287.19 1 2
0.117842 -0.0525474 0.991641 0 0.01221 0.9986 0.0514652 0 -0.992957 0.0060432 0.118319 0 -2558.39 -62.3437 1287.19 1 2
0.117842 -0.0525474 0.991641 0 0.01221 0.9986 0.0514652 0 -0.992957 0.0060432 0.118319 0 -2558.39 -62.3437 1287.19 1 2
0.117842 -0.0525474 0.991641 0 0.01221 0.9986 0.0514652 0 -0.992957 0.0060432 0.118319 0 -2558.39 -62.3437 1287.19 1 2
0.117842 -0.0525474 0.991641 0 0.01221 0.9986 0.0514652 0 -0.992957 0.0060432 0.118319 0 -2558.39 -62.3437 1287.19 1 2
0.117842 -0.0525474 0.991641 0 0.01221 0.9986 0.0514652 0 -0.992957 0.0060432 0.118319 0 -2558.39 -62.3437 1287.19 1 2
0.117842 -0.0525474 0.991641 0 0.01221 0.9986 0.0514652 0 -0.992957 0.0060432 0.118319 0 -2558.39 -62.3437 1287.19 1 2
0.117842 -0.0525474 0.991641 0 0.01221 0.9986 0.0514652 0 -0.992957 0.0060432 0.118319 0 -2558.39 -62.3437 1287.19 1 2
0.117842 -0.0525474 0.991641 0 0.01221 0.9986 0.0514652 0 -0.992957 0.0060432 0.118319 0 -2558.39 -62.3437 1287.19 1 2
0.117842 -0.0525474 0.991641 0 0.01221 0.9986 0.0514652 0 -0.992957 0.0060432 0.118319 0 -2558.39 -62.3437 1287.19 1 2
0.117842 -0.0525474 0.991641 0 0.01221 0.9986 0.0514652 0 -0.992957 0.0060432 0.118319 0 -2558.39 -62.3437 1287.19 1 2
0.117842 -0.0525474 0.991641 0 0.01221 0.9986 0.0514652 0 -0.992957 0.0060432 0.118319 0 -2558.39 -62.3437 1287.19 1 2
0.117842 -0.0525474 0.991641 0 0.01221 0.9986 0.0514652 0 -0.992957 0.0060432 0.118319 0 -2558.39 -62.3437 1287.19 1 2
0.117842 -0.0525474 0.991641 0 0.01221 0.9986 0.0514652 0 -0.992957 0.0060432 0.118319 0 -2558.39 -62.3437 1287.19 1 2
0.117842 -0.0525474 0.991641 0 0.01221 0.9986 0.0514652 0 -0.992957 0.0060432 0.118319 0 -2558.39 -62.3437 1287.19 1 2
0.117842 -0.0525474 0.991641 0 0.01221 0.9986 0.0514652 0 -0.992957 0.0060432 0.118319 0 -2558.39 -62.3437 1287.19 1 2
0.117842 -0.0525474 0.991641 0 0.01221 0.9986 0.0514652 0 -0.992957 0.0060432 0.118319 0 -2558.39 -62.3437 1287.19 1 2
0.117842 -0.0525474 0.991641 0 0.01221 0.9986 0.0514652 0 -0.992957 0.0060432 0.118319 0 -2558.39 -62.3437 1287.19 1 2
0.117842 -0.0525474 0.991641 0 0.01221 0.9986 0.0514652 0 -0.992957 0.0060432 0.118319 0 -2558.39 -62.3437 1287.19 1 2
0.117842 -0.0525474 0.991641 0 0.01221 0.9986 0.0514652 0 -0.992957 0.0060432 0.118319 0 -2558.39 -62.3437 1287.19 1 2
0.117842 -0.0525474 0.991641 0 0.01221 0.9986 0.0514652 0 -0.992957 0.0060432 0.118319 0 -2558.39 -62.3437 1287.19 1 2
0.117842 -0.0525474 0.991641 0 0.01221 0.9986 0.0514652 0 -0.992957 0.0060432 0.118319 0 -2558.39 -62.3437 1287.19 1 2
0.117842 -0.0525474 0.991641 0 0.01221 0.9986 0.0514652 0 -0.992957 0.0060432 0.118319 0 -2558.39 -62.3437 1287.19 1 2
0.117842 -0.0525474 0.991641 0 0.01221 0.9986 0.0514652 0 -0.992957 0.0060432 0.118319 0 -2558.39 -62.3437 1287.19 1 2
0.117842 -0.0525474 0.991641 0 0.01221 0.9986 0.0514652 0 -0.992957 0.0060432 0.118319 0 -2558.39 -62.3437 1287.19 1 2
0.117842 -0.0525474 0.991641 0 0.01221 0.9986 0.0514652 0 -0.992957 0.0060432 0.118319 0 -2558.39 -62.3437 1287.19 1 2
0.117842 -0.0525474 0.991641 0 0.01221 0.9986 0.0514652 0 -0.992957 0.0060432 0.118319 0 -2558.39 -62.3437 1287.19 1 2
0.117842 -0.0525474 0.991641 0 0.01221 0.9986 0.0514652 0 -0.992957 0.0060432 0.118319 0 -2558.39 -62.3437 1287.19 1 2
0.117842 -0.0525474 0.991641 0 0.01221 0.9986 0.0514652 0 -0.992957 0.0060432 0.118319 0 -2558.39 -62.3437 1287.19 1 2
0.117842 -0.0525474 0.991641 0 0.01221 0.9986 0.0514652 0 -0.992957 0.0060432 0.118319 0 -2558.39 -62.3437 1287.19 1 2
0.117842 -0.0525474 0.991641 0 0.01221 0.9986 0.0514652 0 -0.992957 0.0060432 0.118319 0 -2558.39 -62.3437 1287.19 1 2
0.117842 -0.0525474 0.991641 0 0.01221 0.9986 0.0514652 0 -0.992957 0.0060432 0.118319 0 -2558.39 -62.3437 1287.19 1 2
0.117842 -0.0525474 0.991641 0 0.01221 0.9986 0.0514652 0 -0.992957 0.0060432 0.118319 0 -2558.39 -62.3437 1287.19 1 2
0.117842 -0.0525474 0.991641 0 0.01221 0.9986 0.0514652 0 -0.992957 0.0060432 0.118319 0 -2558.39 -62.3437 1287.19 1 2
0.117842 -0.0525474 0.991641 0 0.01221 0.9986 0.0514652 0 -0.992957 0.0060432 0.118319 0 -2558.39 -62.3437 1287.19 1 2
0.117842 -0.0525474 0.991641 0 0.01221 0.9986 0.0514652 0 -0.992957 0.0060432 0.118319 0 -2558.39 -62.3437 1287.19 1 2
0.117842 -0.0525474 0.991641 0 0.01221 0.9986 0.0514652 0 -0.992957 0.0060432 0.118319 0 -2558.39 -62.3437 1287.19 1 2
0.117842 -0.0525474 0.991641 0 0.01221 0.9986 0.0514652 0 -0.992957 0.0060432 0.118319 0 -2558.39 -62.3437 1287.19 1 2
0.117842 -0.0525474 0.991641 0 0.01221 0.9986 0.0514652 0 -0.992957 0.0060432 0.118319 0 -2558.39 -62.3437 1287.19 1 2
0.117842 -0.0525474 0.991641 0 0.01221 0.9986 0.0514652 0 -0.992957 0.0060432 0.118319 0 -2558.39 -62.3437 1287.19 1 2
0.117842 -0.0525474 0.991641 0 0.01221 0.9986 0.0514652 0 -0.992957 0.0060432 0.118319 0 -2558.39 -62.3437 1287.19 1 2
0.117842 -0.0525474 0.991641 0 0.01221 0.9986 0.0514652 0 -0.992957 0.0060432 0.118319 0 -2558.39 -62.3437 1287.19 1 2
0.117842 -0.0525474 0.991641 0 0.01221 0.9986 0.0514652 0 -0.992957 0.0060432 0.118319 0 -2558.39 -62.3437 1287.19 1 2
0.117842 -0.0525474 0.991641 0 0.01221 0.9986 0.0514652 0 -0.992957 0.0060432 0.118319 0 -2558.39 -62.3437 1287.19 1 2
0.117842 -0.0525474 0.991641 0 0.01221 0.9986 0.0514652 0 -0.992957 0.0060432 0.118319 0 -2558.39 -62.3437 1287.19 1 2
0.117842 -0.0525474 0.991641 0 0.01221 0.9986 0.0514652 0 -0.992957 0.0060432 0.118319 0 -2558.39 -62.3437 1287.19 1 2
0.117842 -0.0525474 0.991641 0 0.01221 0.9986 0.0514652 0 -0.992957 0.0060432 0.118319 0 -2558.39 -62.3437 1287.19 1 2
0.117842 -0.0525474 0.991641 0 0.01221 0.9986 0.0514652 0 -0.992957 0.0060432 0.118319 0 -2558.39 -62.3437 1287.19 1 2
0.117842 -0.0525474 0.991641 0 0.01221 0.9986 0.0514652 0 -0.992957 0.0060432 0.118319 0 -2558.39 -62.3437 1287.19 1 2
0.123111 -0.0548491 0.990876 0 0.00241829 0.998485 0.0549698 0 -0.99239 -0.00437117 0.123057 0 -2554.51 -91.5156 1295.51 1 3
0.127429 -0.0546927 0.990339 0 -0.00623704 0.998415 0.0559413 0 -0.991828 -0.0133053 0.126885 0 -2550.94 -113.62 1302.31 1 3
0.130546 -0.0536551 0.989989 0 -0.0131659 0.998353 0.0558445 0 -0.991355 -0.0203244 0.129624 0 -2548.11 -130.043 1307.41 1 3
0.133187 -0.0513918 0.989758 0 -0.0183255 0.998356 0.0543042 0 -0.990921 -0.0253704 0.132026 0 -2545.93 -141.722 1312.33 1 3
0.135647 -0.0488341 0.989553 0 -0.0208716 0.998422 0.0521328 0 -0.990537 -0.0277252 0.134413 0 -2544.7 -148.035 1317.2 1 3
0.138337 -0.0472615 0.989257 0 -0.0196431 0.998533 0.0504516 0 -0.99019 -0.0264114 0.137206 0 -2544.73 -146.502 1322.53 1 3
0.141037 -0.0446787 0.988996 0 -0.0171634 0.998721 0.0475656 0 -0.989856 -0.023683 0.14009 0 -2544.88 -141.95 1328.74 1 3
0.143572 -0.0428503 0.988712 0 -0.0136454 0.998881 0.0452725 0 -0.989546 -0.0199912 0.142827 0 -2545.68 -135.881 1334.83 1 3
0.146125 -0.0406974 0.988429 0 -0.00905447 0.999057 0.0424736 0 -0.989225 -0.0151562 0.145619 0 -2546.31 -127.589 1341.65 1 3
0.148859 -0.0391947 0.988081 0 -0.00419116 0.99918 0.0402663 0 -0.98885 -0.0101352 0.148573 0 -2546.88 -118.97 1348.43 1 3
0.151302 -0.0382054 0.987749 0 0.00020369 0.999254 0.0386192 0 -0.988488 -0.00564197 0.151197 0 -2547.89 -111.448 1354 1 3
0.153408 -0.037704 0.987443 0 0.00376877 0.999287 0.0375707 0 -0.988156 -0.00204221 0.153441 0 -2549.02 -105.597 1358.55 1 3
0.154931 -0.0374968 0.987213 0 0.00664429 0.999296 0.036913 0 -0.987903 0.000840377 0.155071 0 -2550.2 -100.639 1361.65 1 3
0.156283 -0.0377361 0.986991 0 0.00865217 0.999284 0.0368361 0 -0.987674 0.00278277 0.156497 0 -2551.04 -97.4608 1364.06 1 3
0.157953 -0.0378246 0.986722 0 0.0100669 0.999276 0.0366944 0 -0.987395 0.00413723 0.158219 0 -2551.41 -95.3392 1366.81 1 3
0.159748 -0.0379614 0.986428 0 0.0111015 0.999266 0.0366576 0 -0.987095 0.00509482 0.160053 0 -2551.37 -93.6165 1369.96 1 3
0.161794 -0.0381357 0.986087 0 0.0121893 0.999254 0.0366449 0 -0.986749 0.00609084 0.162138 0 -2550.8 -91.8594 1373.55 1 3
0.164039 -0.0377014 0.985733 0 0.0129625 0.999265 0.0360619 0 -0.986369 0.00686202 0.164407 0 -2551.35 -90.2128 1378.39 1 3
0.166102 -0.037548 0.985393 0 0.0138298 0.999265 0.0357454 0 -0.986012 0.00769036 0.1665 0 -2551.53 -88.3724 1382.68 1 3
0.167836 -0.0373938 0.985105 0 0.0145965 0.999265 0.0354444 0 -0.985707 0.00843029 0.168258 0 -2551.79 -86.6736 1386.11 1 3
0.169244 -0.0373429 0.984866 0 0.0153219 0.999261 0.0352557 0 -0.985455 0.00912324 0.169691 0 -2551.97 -85.2499 1388.85 1 3
0.170256 -0.0373761 0.984691 0 0.0157319 0.999256 0.0352089 0 -0.985274 0.00949651 0.170717 0 -2552.21 -84.4242 1390.63 1 3
0.171144 -0.0375249 0.984531 0 0.0161167 0.999247 0.0352842 0 -0.985114 0.00982868 0.17162 0 -2552.39 -83.8913 1391.98 1 3
0.171664 -0.0376974 0.984434 0 0.0164183 0.999238 0.0354013 0 -0.985019 0.0100856 0.172152 0 -2552.8 -83.4978 1392.52 1 3
0.172082 -0.0378615 0.984355 0 0.0167113 0.99923 0.0355122 0 -0.984941 0.0103388 0.172582 0 -2553.09 -83.0749 1392.81 1 3
0.172464 -0.0380268 0.984282 0 0.0170717 0.99922 0.0356126 0 -0.984868 0.0106615 0.172978 0 -2553.44 -82.4274 1392.88 1 3
0.172769 -0.0381889 0.984222 0 0.0173698 0.999211 0.0357214 0 -0.984809 0.0109242 0.173296 0 -2553.74 -81.936 1392.82 1 3
0.173059 -0.038285 0.984167 0 0.0177574 0.999203 0.0357474 0 -0.984751 0.0112898 0.173601 0 -2554.01 -81.2938 1392.79 1 3
0.173449 -0.0384911 0.98409 0 0.0179835 0.999193 0.0359122 0 -0.984679 0.0114684 0.174002 0 -2554.04 -80.8876 1392.92 1 3
0.173648 -0.0384142 0.984058 0 0.018002 0.999196 0.0358285 0 -0.984643 0.0114935 0.1742 0 -2554.16 -80.2812 1393.52 1 3
0.173786 -0.0384293 0.984033 0 0.0179593 0.999196 0.0358497 0 -0.98462 0.0114424 0.174337 0 -2554.36 -79.9504 1393.7 1 3
0.173836 -0.038515 0.984021 0 0.0179579 0.999193 0.0359364 0 -0.984611 0.0114239 0.174387 0 -2554.6 -79.7796 1393.54 1 3
0.173867 -0.0385749 0.984013 0 0.0179148 0.999191 0.0360045 0 -0.984606 0.0113684 0.174418 0 -2554.71 -79.7842 1393.28 1 3
0.17386 -0.0385687 0.984015 0 0.0178381 0.999192 0.0360119 0 -0.984609 0.0112919 0.174407 0 -2554.81 -79.8891 1393.05 1 3
0.173827 -0.0385876 0.98402 0 0.0178005 0.999192 0.0360381 0 -0.984615 0.0112517 0.174373 0 -2554.94 -79.9786 1392.67 1 3
0.173461 -0.0391275 0.984063 0 0.0173888 0.999176 0.0366632 0 -0.984687 0.010752 0.173999 0 -2555.59 -81.2127 1391.39 1 3
0.173149 -0.0395537 0.984101 0 0.0171634 0.999163 0.0371392 0 -0.984746 0.0104599 0.173682 0 -2556.16 -81.8794 1390.24 1 3
0.172993 -0.0398193 0.984118 0 0.016973 0.999155 0.0374441 0 -0.984777 0.0102258 0.173523 0 -2556.5 -82.3575 1389.59 1 3
0.172978 -0.0399646 0.984115 0 0.0168629 0.99915 0.0376112 0 -0.984781 0.0100891 0.173505 0 -2556.71 -82.6344 1389.24 1 3
0.173082 -0.0400607 0.984092 0 0.0168121 0.999147 0.0377166 0 -0.984764 0.0100166 0.173608 0 -2556.81 -82.7109 1389.1 1 3
0.173178 -0.0402045 0.98407 0 0.0167704 0.999142 0.037869 0 -0.984748 0.00994514 0.173704 0 -2556.76 -82.9183 1389.03 1 3
0.17325 -0.0402479 0.984055 0 0.0167348 0.999141 0.0379187 0 -0.984736 0.00989856 0.173775 0 -2556.72 -83.0264 1388.96 1 3
0.173359 -0.0402789 0.984035 0 0.0166957 0.99914 0.0379559 0 -0.984717 0.00984916 0.173882 0 -2556.57 -83.1471 1389.04 1 3
0.173419 -0.0403199 0.984022 0 0.0166741 0.999139 0.0380007 0 -0.984707 0.00981762 0.173942 0 -2556.51 -83.2594 1389.04 1 3
0.173428 -0.0403707 0.984019 0 0.0166314 0.999137 0.0380598 0 -0.984706 0.00976497 0.173949 0 -2556.49 -83.4044 1388.98 1 3
