-0.993403 0 0.114677 0 0 1 0 0 -0.114677 0 -0.993403 0 -4932.79 0 -2262.79 1 0
-0.993403 0 0.114677 0 0 1 0 0 -0.114677 0 -0.993403 0 -4932.79 0 -2262.79 1 0
-0.993403 0 0.114677 0 0 1 0 0 -0.114677 0 -0.993403 0 -4932.79 0 -2262.79 1 0
-0.993403 0 0.114677 0 0 1 0 0 -0.114677 0 -0.993403 0 -4932.79 0 -2262.79 1 0
-0.993403 0 0.114677 0 0 1 0 0 -0.114677 0 -0.993403 0 -4932.79 0 -2262.79 1 0
-0.993403 0 0.114677 0 0 1 0 0 -0.114677 0 -0.993403 0 -4932.79 0 -2262.79 1 0
-0.993403 0 0.114677 0 0 1 0 0 -0.114677 0 -0.993403 0 -4932.79 0 -2262.79 1 0
-0.993403 0 0.114677 0 0 1 0 0 -0.114677 0 -0.993403 0 -4932.79 0 -2262.79 1 0
-0.993403 0 0.114677 0 0 1 0 0 -0.114677 0 -0.993403 0 -4932.79 0 -2262.79 1 0
-0.993403 0 0.114677 0 0 1 0 0 -0.114677 0 -0.993403 0 -4932.79 0 -2262.79 1 0
-0.993403 0 0.114677 0 0 1 0 0 -0.114677 0 -0.993403 0 -4932.79 0 -2262.79 1 0
-0.993403 0 0.114677 0 0 1 0 0 -0.114677 0 -0.993403 0 -4932.79 0 -2262.79 1 0
-0.993403 0 0.114677 0 0 1 0 0 -0.114677 0 -0.993403 0 -4932.79 0 -2262.79 1 0
-0.993403 0 0.114677 0 0 1 0 0 -0.114677 0 -0.993403 0 -4932.79 0 -2262.79 1 0
-0.993403 0 0.114677 0 0 1 0 0 -0.114677 0 -0.993403 0 -4932.79 0 -2262.79 1 0
-0.993403 0 0.114677 0 0 1 0 0 -0.114677 0 -0.993403 0 -4932.79 0 -2262.79 1 0
-0.993403 0 0.114677 0 0 1 0 0 -0.114677 0 -0.993403 0 -4932.79 0 -2262.79 1 0
-0.993403 0 0.114677 0 0 1 0 0 -0.114677 0 -0.993403 0 -4932.79 0 -2262.79 1 0
-0.993403 0 0.114677 0 0 1 0 0 -0.114677 0 -0.993403 0 -4932.79 0 -2262.79 1 0
-0.993403 0 0.114677 0 0 1 0 0 -0.114677 0 -0.993403 0 -4932.79 0 -2262.79 1 0
-0.993403 0 0.114677 0 0 1 0 0 -0.114677 0 -0.993403 0 -4932.79 0 -2262.79 1 0
-0.993403 0 0.114677 0 0 1 0 0 -0.114677 0 -0.993403 0 -4932.79 0 -2262.79 1 0
-0.993403 0 0.114677 0 0 1 0 0 -0.114677 0 -0.993403 0 -4932.79 0 -2262.79 1 0
-0.993403 0 0.114677 0 0 1 0 0 -0.114677 0 -0.993403 0 -4932.79 0 -2262.79 1 0
-0.993403 0 0.114677 0 0 1 0 0 -0.114677 0 -0.993403 0 -4932.79 0 -2262.79 1 0
-0.993403 0 0.114677 0 0 1 0 0 -0.114677 0 -0.993403 0 -4932.79 0 -2262.79 1 0
-0.993403 0 0.114677 0 0 1 0 0 -0.114677 0 -0.993403 0 -4932.79 0 -2262.79 1 0
-0.993403 0 0.114677 0 0 1 0 0 -0.114677 0 -0.993403 0 -4932.79 0 -2262.79 1 0
-0.993403 0 0.114677 0 0 1 0 0 -0.114677 0 -0.993403 0 -4932.79 0 -2262.79 1 0
-0.993403 0 0.114677 0 0 1 0 0 -0.114677 0 -0.993403 0 -4932.79 0 -2262.79 1 0
-0.993403 0 0.114677 0 0 1 0 0 -0.114677 0 -0.993403 0 -4932.79 0 -2262.79 1 0
-0.993403 0 0.114677 0 0 1 0 0 -0.114677 0 -0.993403 0 -4932.79 0 -2262.79 1 0
-0.993403 0 0.114677 0 0 1 0 0 -0.114677 0 -0.993403 0 -4932.79 0 -2262.79 1 0
-0.993403 0 0.114677 0 0 1 0 0 -0.114677 0 -0.993403 0 -4932.79 0 -2262.79 1 0
-0.993403 0 0.114677 0 0 1 0 0 -0.114677 0 -0.993403 0 -4932.79 0 -2262.79 1 0
-0.993403 0 0.114677 0 0 1 0 0 -0.114677 0 -0.993403 0 -4932.79 0 -2262.79 1 0
-0.993403 0 0.114677 0 0 1 0 0 -0.114677 0 -0.993403 0 -4932.79 0 -2262.79 1 0
-0.993403 0 0.114677 0 0 1 0 0 -0.114677 0 -0.993403 0 -4932.79 0 -2262.79 1 0
-0.993403 0 0.114677 0 0 1 0 0 -0.114677 0 -0.993403 0 -4932.79 0 -2262.79 1 0
-0.993403 0 0.114677 0 0 1 0 0 -0.114677 0 -0.993403 0 -4932.79 0 -2262.79 1 0
-0.993403 0 0.114677 0 0 1 0 0 -0.114677 0 -0.993403 0 -4932.79 0 -2262.79 1 0
-0.993403 0 0.114677 0 0 1 0 0 -0.114677 0 -0.993403 0 -4932.79 0 -2262.79 1 0
-0.993403 0 0.114677 0 0 1 0 0 -0.114677 0 -0.993403 0 -4932.79 0 -2262.79 1 0
-0.993403 0 0.114677 0 0 1 0 0 -0.114677 0 -0.993403 0 -4932.79 0 -2262.79 1 0
-0.993403 0 0.114677 0 0 1 0 0 -0.114677 0 -0.993403 0 -4932.79 0 -2262.79 1 0
-0.993403 0 0.114677 0 0 1 0 0 -0.114677 0 -0.993403 0 -4932.79 0 -2262.79 1 0
-0.993403 0 0.114677 0 0 1 0 0 -0.114677 0 -0.993403 0 -4932.79 0 -2262.79 1 0
-0.993403 0 0.114677 0 0 1 0 0 -0.114677 0 -0.993403 0 -4932.79 0 -2262.79 1 0
-0.993403 0 0.114677 0 0 1 0 0 -0.114677 0 -0.993403 0 -4932.79 0 -2262.79 1 0
-0.993403 0 0.114677 0 0 1 0 0 -0.114677 0 -0.993403 0 -4932.79 0 -2262.79 1 0
-0.993403 0 0.114677 0 0 1 0 0 -0.114677 0 -0.993403 0 -4932.79 0 -2262.79 1 0
-0.993403 0 0.114677 0 0 1 0 0 -0.114677 0 -0.993403 0 -4932.79 0 -2262.79 1 0
-0.993403 0 0.114677 0 0 1 0 0 -0.114677 0 -0.993403 0 -4932.79 0 -2262.79 1 0
-0.993403 0 0.114677 0 0 1 0 0 -0.114677 0 -0.993403 0 -4932.79 0 -2262.79 1 0
-0.993403 0 0.114677 0 0 1 0 0 -0.114677 0 -0.993403 0 -4932.79 0 -2262.79 1 0
-0.993403 0 0.114677 0 0 1 0 0 -0.114677 0 -0.993403 0 -4932.79 0 -2262.79 1 0
-0.993403 0 0.114677 0 0 1 0 0 -0.114677 0 -0.993403 0 -4932.79 0 -2262.79 1 0
-0.993403 0 0.114677 0 0 1 0 0 -0.114677 0 -0.993403 0 -4932.79 0 -2262.79 1 0
-0.993403 0 0.114677 0 0 1 0 0 -0.114677 0 -0.993403 0 -4932.79 0 -2262.79 1 0
-0.993403 0 0.114677 0 0 1 0 0 -0.114677 0 -0.993403 0 -4932.79 0 -2262.79 1 0
-0.993403 0 0.114677 0 0 1 0 0 -0.114677 0 -0.993403 0 -4932.79 0 -2262.79 1 0
-0.993403 0 0.114677 0 0 1 0 0 -0.114677 0 -0.993403 0 -4932.79 0 -2262.79 1 0
-0.993403 0 0.114677 0 0 1 0 0 -0.114677 0 -0.993403 0 -4932.79 0 -2262.79 1 0
-0.993403 0 0.114677 0 0 1 0 0 -0.114677 0 -0.993403 0 -4932.79 0 -2262.79 1 0
-0.993403 0 0.114677 0 0 1 0 0 -0.114677 0 -0.993403 0 -4932.79 0 -2262.79 1 0
-0.993403 0 0.114677 0 0 1 0 0 -0.114677 0 -0.993403 0 -4932.79 0 -2262.79 1 0
-0.993403 0 0.114677 0 0 1 0 0 -0.114677 0 -0.993403 0 -4932.79 0 -2262.79 1 0
-0.993403 0 0.114677 0 0 1 0 0 -0.114677 0 -0.993403 0 -4932.79 0 -2262.79 1 0
-0.993403 0 0.114677 0 0 1 0 0 -0.114677 0 -0.993403 0 -4932.79 0 -2262.79 1 0
-0.993403 0 0.114677 0 0 1 0 0 -0.114677 0 -0.993403 0 -4932.79 0 -2262.79 1 0
-0.993403 0 0.114677 0 0 1 0 0 -0.114677 0 -0.993403 0 -4932.79 0 -2262.79 1 0
-0.993403 0 0.114677 0 0 1 0 0 -0.114677 0 -0.993403 0 -4932.79 0 -2262.79 1 0
-0.981217 -0.0418165 0.188321 0 -0.0225561 0.994397 0.10328 0 -0.191584 0.0970922 -0.976662 0 -5478.34 77.8723 -202.6 1 1
-0.980206 -0.0311311 0.195516 0 -0.0125689 0.995353 0.0954719 0 -0.19758 0.0911247 -0.976042 0 -5562.41 75.6743 -204.25 1 1
-0.980206 -0.0311311 0.195516 0 -0.0125689 0.995353 0.0954719 0 -0.19758 0.0911247 -0.976042 0 -5562.41 75.6743 -204.25 1 2
-0.980206 -0.0311311 0.195516 0 -0.0125689 0.995353 0.0954719 0 -0.19758 0.0911247 -0.976042 0 -5562.41 75.6743 -204.25 1 2
-0.980206 -0.0311311 0.195516 0 -0.0125689 0.995353 0.0954719 0 -0.19758 0.0911247 -0.976042 0 -5562.41 75.6743 -204.25 1 2
-0.980206 -0.0311311 0.195516 0 -0.0125689 0.995353 0.0954719 0 -0.19758 0.0911247 -0.976042 0 -5562.41 75.6743 -204.25 1 2
-0.980206 -0.0311311 0.195516 0 -0.0125689 0.995353 0.0954719 0 -0.19758 0.0911247 -0.976042 0 -5562.41 75.6743 -204.25 1 2
-0.980206 -0.0311311 0.195516 0 -0.0125689 0.995353 0.0954719 0 -0.19758 0.0911247 -0.976042 0 -5562.41 75.6743 -204.25 1 2
-0.980206 -0.0311311 0.195516 0 -0.0125689 0.995353 0.0954719 0 -0.19758 0.0911247 -0.976042 0 -5562.41 75.6743 -204.25 1 2
-0.980206 -0.0311311 0.195516 0 -0.0125689 0.995353 0.0954719 0 -0.19758 0.0911247 -0.976042 0 -5562.41 75.6743 -204.25 1 2
-0.980206 -0.0311311 0.195516 0 -0.0125689 0.995353 0.0954719 0 -0.19758 0.0911247 -0.976042 0 -5562.41 75.6743 -204.25 1 2
-0.980206 -0.0311311 0.195516 0 -0.0125689 0.995353 0.0954719 0 -0.19758 0.0911247 -0.976042 0 -5562.41 75.6743 -204.25 1 2
-0.980206 -0.0311311 0.195516 0 -0.0125689 0.995353 0.0954719 0 -0.19758 0.0911247 -0.976042 0 -5562.41 75.6743 -204.25 1 2
-0.980206 -0.0311311 0.195516 0 -0.0125689 0.995353 0.0954719 0 -0.19758 0.0911247 -0.976042 0 -5562.41 75.6743 -204.25 1 2
-0.980206 -0.0311311 0.195516 0 -0.0125689 0.995353 0.0954719 0 -0.19758 0.0911247 -0.976042 0 -5562.41 75.6743 -204.25 1 2
-0.980206 -0.0311311 0.195516 0 -0.0125689 0.995353 0.0954719 0 -0.19758 0.0911247 -0.976042 0 -5562.41 75.6743 -204.25 1 2
-0.980206 -0.0311311 0.195516 0 -0.0125689 0.995353 0.0954719 0 -0.19758 0.0911247 -0.976042 0 -5562.41 75.6743 -204.25 1 2
-0.980206 -0.0311311 0.195516 0 -0.0125689 0.995353 0.0954719 0 -0.19758 0.0911247 -0.976042 0 -5562.41 75.6743 -204.25 1 2
-0.980206 -0.0311311 0.195516 0 -0.0125689 0.995353 0.0954719 0 -0.19758 0.0911247 -0.976042 0 -5562.41 75.6743 -204.25 1 2
-0.980206 -0.0311311 0.195516 0 -0.0125689 0.995353 0.0954719 0 -0.19758 0.0911247 -0.976042 0 -5562.41 75.6743 -204.25 1 2
-0.980206 -0.0311311 0.195516 0 -0.0125689 0.995353 0.0954719 0 -0.19758 0.0911247 -0.976042 0 -5562.41 75.6743 -204.25 1 2
-0.980206 -0.0311311 0.195516 0 -0.0125689 0.995353 0.0954719 0 -0.19758 0.0911247 -0.976042 0 -5562.41 75.6743 -204.25 1 2
-0.980206 -0.0311311 0.195516 0 -0.0125689 0.995353 0.0954719 0 -0.19758 0.0911247 -0.976042 0 -5562.41 75.6743 -204.25 1 2
-0.980206 -0.0311311 0.195516 0 -0.0125689 0.995353 0.0954719 0 -0.19758 0.0911247 -0.976042 0 -5562.41 75.6743 -204.25 1 2
-0.980206 -0.0311311 0.195516 0 -0.0125689 0.995353 0.0954719 0 -0.19758 0.0911247 -0.976042 0 -5562.41 75.6743 -204.25 1 2
-0.980206 -0.0311311 0.195516 0 -0.0125689 0.995353 0.0954719 0 -0.19758 0.0911247 -0.976042 0 -5562.41 75.6743 -204.25 1 2
-0.980206 -0.0311311 0.195516 0 -0.0125689 0.995353 0.0954719 0 -0.19758 0.0911247 -0.976042 0 -5562.41 75.6743 -204.25 1 2
-0.980206 -0.0311311 0.195516 0 -0.0125689 0.995353 0.0954719 0 -0.19758 0.0911247 -0.976042 0 -5562.41 75.6743 -204.25 1 2
-0.980206 -0.0311311 0.195516 0 -0.0125689 0.995353 0.0954719 0 -0.19758 0.0911247 -0.976042 0 -5562.41 75.6743 -204.25 1 2
-0.980206 -0.0311311 0.195516 0 -0.0125689 0.995353 0.0954719 0 -0.19758 0.0911247 -0.976042 0 -5562.41 75.6743 -204.25 1 2
-0.980206 -0.0311311 0.195516 0 -0.0125689 0.995353 0.0954719 0 -0.19758 0.0911247 -0.976042 0 -5562.41 75.6743 -204.25 1 2
-0.980206 -0.0311311 0.195516 0 -0.0125689 0.995353 0.0954719 0 -0.19758 0.0911247 -0.976042 0 -5562.41 75.6743 -204.25 1 2
-0.980206 -0.0311311 0.195516 0 -0.0125689 0.995353 0.0954719 0 -0.19758 0.0911247 -0.976042 0 -5562.41 75.6743 -204.25 1 2
-0.980206 -0.0311311 0.195516 0 -0.0125689 0.995353 0.0954719 0 -0.19758 0.0911247 -0.976042 0 -5562.41 75.6743 -204.25 1 2
-0.980206 -0.0311311 0.195516 0 -0.0125689 0.995353 0.0954719 0 -0.19758 0.0911247 -0.976042 0 -5562.41 75.6743 -204.25 1 2
-0.980206 -0.0311311 0.195516 0 -0.0125689 0.995353 0.0954719 0 -0.19758 0.0911247 -0.976042 0 -5562.41 75.6743 -204.25 1 2
-0.980206 -0.0311311 0.195516 0 -0.0125689 0.995353 0.0954719 0 -0.19758 0.0911247 -0.976042 0 -5562.41 75.6743 -204.25 1 2
-0.980206 -0.0311311 0.195516 0 -0.0125689 0.995353 0.0954719 0 -0.19758 0.0911247 -0.976042 0 -5562.41 75.6743 -204.25 1 2
-0.980206 -0.0311311 0.195516 0 -0.0125689 0.995353 0.0954719 0 -0.19758 0.0911247 -0.976042 0 -5562.41 75.6743 -204.25 1 2
-0.980206 -0.0311311 0.195516 0 -0.0125689 0.995353 0.0954719 0 -0.19758 0.0911247 -0.976042 0 -5562.41 75.6743 -204.25 1 2
-0.980206 -0.0311311 0.195516 0 -0.0125689 0.995353 0.0954719 0 -0.19758 0.0911247 -0.976042 0 -5562.41 75.6743 -204.25 1 2
-0.980206 -0.0311311 0.195516 0 -0.0125689 0.995353 0.0954719 0 -0.19758 0.0911247 -0.976042 0 -5562.41 75.6743 -204.25 1 2
-0.980206 -0.0311311 0.195516 0 -0.0125689 0.995353 0.0954719 0 -0.19758 0.0911247 -0.976042 0 -5562.41 75.6743 -204.25 1 2
-0.980206 -0.0311311 0.195516 0 -0.0125689 0.995353 0.0954719 0 -0.19758 0.0911247 -0.976042 0 -5562.41 75.6743 -204.25 1 2
-0.980206 -0.0311311 0.195516 0 -0.0125689 0.995353 0.0954719 0 -0.19758 0.0911247 -0.976042 0 -5562.41 75.6743 -204.25 1 2
-0.980206 -0.0311311 0.195516 0 -0.0125689 0.995353 0.0954719 0 -0.19758 0.0911247 -0.976042 0 -5562.41 75.6743 -204.25 1 2
-0.980206 -0.0311311 0.195516 0 -0.0125689 0.995353 0.0954719 0 -0.19758 0.0911247 -0.976042 0 -5562.41 75.6743 -204.25 1 2
-0.980206 -0.0311311 0.195516 0 -0.0125689 0.995353 0.0954719 0 -0.19758 0.0911247 -0.976042 0 -5562.41 75.6743 -204.25 1 2
-0.980206 -0.0311311 0.195516 0 -0.0125689 0.995353 0.0954719 0 -0.19758 0.0911247 -0.976042 0 -5562.41 75.6743 -204.25 1 2
-0.980206 -0.0311311 0.195516 0 -0.0125689 0.995353 0.0954719 0 -0.19758 0.0911247 -0.976042 0 -5562.41 75.6743 -204.25 1 2
-0.980206 -0.0311311 0.195516 0 -0.0125689 0.995353 0.0954719 0 -0.19758 0.0911247 -0.976042 0 -5562.41 75.6743 -204.25 1 2
-0.980206 -0.0311311 0.195516 0 -0.0125689 0.995353 0.0954719 0 -0.19758 0.0911247 -0.976042 0 -5562.41 75.6743 -204.25 1 2
-0.980206 -0.0311311 0.195516 0 -0.0125689 0.995353 0.0954719 0 -0.19758 0.0911247 -0.976042 0 -5562.41 75.6743 -204.25 1 2
-0.980206 -0.0311311 0.195516 0 -0.0125689 0.995353 0.0954719 0 -0.19758 0.0911247 -0.976042 0 -5562.41 75.6743 -204.25 1 2
-0.980206 -0.0311311 0.195516 0 -0.0125689 0.995353 0.0954719 0 -0.19758 0.0911247 -0.976042 0 -5562.41 75.6743 -204.25 1 2
-0.980206 -0.0311311 0.195516 0 -0.0125689 0.995353 0.0954719 0 -0.19758 0.0911247 -0.976042 0 -5562.41 75.6743 -204.25 1 2
-0.979368 -0.0518313 0.195325 0 -0.0315427 0.99391 0.105587 0 -0.199608 0.0972471 -0.975038 0 -5563.15 1.30851 -195.241 1 3
-0.978352 -0.0664319 0.195995 0 -0.0455151 0.992959 0.109362 0 -0.20188 0.0980737 -0.974487 0 -5564.28 -61.8402 -186.654 1 3
-0.977356 -0.0762518 0.197387 0 -0.055191 0.992388 0.110089 0 -0.204279 0.0967019 -0.974125 0 -5566.22 -112.291 -179.222 1 3
-0.976388 -0.0827165 0.19956 0 -0.0618697 0.992165 0.108536 0 -0.206974 0.093627 -0.973856 0 -5569.1 -152.458 -170.78 1 3
-0.975645 -0.0847938 0.202306 0 -0.0644264 0.992359 0.10523 0 -0.209683 0.0896332 -0.973652 0 -5573.59 -177.799 -160.77 1 3
-0.975123 -0.08228 0.205827 0 -0.0623199 0.992866 0.101656 0 -0.212723 0.0862997 -0.973294 0 -5580.81 -181.473 -146.962 1 3
-0.974682 -0.0774168 0.209768 0 -0.0582984 0.993687 0.0958477 0 -0.215864 0.0811919 -0.973042 0 -5588.3 -179.484 -130.699 1 3
-0.97432 -0.0715224 0.213504 0 -0.0531759 0.994478 0.0904762 0 -0.218797 0.0767995 -0.972743 0 -5596.13 -170.534 -114.452 1 3
-0.973902 -0.0651553 0.217414 0 -0.0475575 0.995227 0.0852192 0 -0.221929 0.0726555 -0.972352 0 -5603.6 -155.687 -97.0755 1 3
-0.973432 -0.0589358 0.221263 0 -0.0418442 0.995823 0.0811575 0 -0.225121 0.0697427 -0.971831 0 -5610.85 -137.847 -79.3519 1 3
-0.972953 -0.0536442 0.224687 0 -0.0369292 0.996273 0.0779482 0 -0.228031 0.0675425 -0.971308 0 -5617.63 -121.562 -63.7075 1 3
-0.972465 -0.0494724 0.227737 0 -0.0329196 0.99657 0.0759187 0 -0.230712 0.0663313 -0.970758 0 -5623.72 -107.487 -50.2737 1 3
-0.972052 -0.046043 0.230206 0 -0.029582 0.996786 0.074454 0 -0.232894 0.0655633 -0.97029 0 -5629.02 -95.1326 -40.2227 1 3
-0.971618 -0.0435814 0.232508 0 -0.0270298 0.996899 0.0739054 0 -0.235008 0.0655231 -0.969782 0 -5633.71 -85.7391 -31.469 1 3
-0.97113 -0.0417773 0.234865 0 -0.0251234 0.996982 0.0734598 0 -0.237225 0.0654385 -0.969248 0 -5637.86 -79.2471 -21.8341 1 3
-0.97061 -0.0404944 0.237227 0 -0.0236722 0.997026 0.0733372 0 -0.239491 0.0655662 -0.968682 0 -5641.41 -74.0414 -11.6547 1 3
-0.970048 -0.0392457 0.239722 0 -0.0222584 0.997072 0.0731638 0 -0.241892 0.0656366 -0.968081 0 -5644.57 -68.9849 -0.397002 1 3
-0.969558 -0.0383062 0.241847 0 -0.021245 0.997123 0.0727638 0 -0.243938 0.0654107 -0.967582 0 -5647.85 -65.4121 11.4318 1 3
-0.969087 -0.0373704 0.243871 0 -0.0202206 0.997167 0.0724523 0 -0.245888 0.0652814 -0.967097 0 -5650.68 -61.3341 22.4185 1 3
-0.968688 -0.0364735 0.245586 0 -0.0192603 0.997209 0.0721313 0 -0.247532 0.0651427 -0.966687 0 -5653.31 -57.7213 31.6534 1 3
-0.968351 -0.0356034 0.247039 0 -0.018345 0.997249 0.0718149 0 -0.248916 0.0650102 -0.966341 0 -5655.59 -54.4737 39.2842 1 3
-0.968073 -0.0350864 0.2482 0 -0.0177638 0.997269 0.071692 0 -0.250037 0.0649941 -0.966052 0 -5657.55 -52.3965 44.9362 1 3
-0.967828 -0.0346513 0.249214 0 -0.0172243 0.997272 0.0717718 0 -0.251022 0.0651702 -0.965785 0 -5659.32 -50.4314 49.6244 1 3
-0.967676 -0.0342999 0.249855 0 -0.0167935 0.997273 0.0718644 0 -0.251638 0.0653454 -0.965613 0 -5660.84 -48.9213 52.3064 1 3
-0.967529 -0.033997 0.250462 0 -0.0164019 0.997269 0.0720062 0 -0.252226 0.0655601 -0.965445 0 -5662.12 -47.2661 54.3831 1 3
-0.9674 -0.0336435 0.251008 0 -0.0159634 0.997267 0.0721431 0 -0.252749 0.0657843 -0.965293 0 -5663.32 -45.3034 55.9986 1 3
-0.967281 -0.0333179 0.251509 0 -0.0155495 0.997261 0.072307 0 -0.253229 0.0660304 -0.96515 0 -5664.48 -43.5667 57.2843 1 3
-0.967172 -0.0329366 0.251981 0 -0.0150906 0.997259 0.0724303 0 -0.253676 0.06625 -0.965018 0 -5665.5 -41.4299 58.4447 1 3
-0.967039 -0.0327126 0.252517 0 -0.0147683 0.997249 0.0726331 0 -0.254199 0.0665098 -0.964862 0 -5666.37 -39.9493 60.0824 1 3
-0.96693 -0.032657 0.252941 0 -0.0147022 0.997256 0.0725522 0 -0.254617 0.0664342 -0.964757 0 -5667.14 -39.4591 61.5196 1 3
-0.966842 -0.0326276 0.253281 0 -0.0146534 0.997259 0.0725305 0 -0.254953 0.0664141 -0.96467 0 -5667.91 -39.2979 62.4907 1 3
-0.966768 -0.0326162 0.253567 0 -0.0146003 0.997254 0.0726098 0 -0.255239 0.0664947 -0.964589 0 -5668.63 -39.0282 62.9295 1 3
-0.966688 -0.0326356 0.253869 0 -0.0145945 0.997252 0.0726265 0 -0.255542 0.0665021 -0.964508 0 -5669.24 -39.1317 63.2446 1 3
-0.96662 -0.0326649 0.254123 0 -0.0146084 0.997253 0.07262 0 -0.255797 0.0664837 -0.964442 0 -5669.81 -39.4293 63.286 1 3
-0.966566 -0.0327045 0.254323 0 -0.01463 0.997251 0.0726392 0 -0.255999 0.0664899 -0.964388 0 -5670.34 -39.6515 63.0485 1 3
-0.966477 -0.0333209 0.254582 0 -0.0150289 0.997185 0.0734616 0 -0.256313 0.0671728 -0.964257 0 -5671.81 -41.166 61.0962 1 3
-0.966439 -0.0336948 0.254678 0 -0.01523 0.997132 0.0741298 0 -0.256446 0.0677631 -0.96418 0 -5672.88 -41.5784 59.238 1 3
-0.966384 -0.0340157 0.254843 0 -0.0154226 0.997094 0.0746057 0 -0.25664 0.0681674 -0.9641 0 -5673.76 -41.9653 58.3852 1 3
-0.966314 -0.0342 0.255083 0 -0.01552 0.997071 0.0748878 0 -0.256897 0.0684062 -0.964015 0 -5674.5 -42.0337 58.1787 1 3
-0.966238 -0.0342678 0.255363 0 -0.0155123 0.997055 0.0751024 0 -0.257184 0.0686055 -0.963924 0 -5675.16 -41.8564 58.4847 1 3
-0.966158 -0.0343398 0.255655 0 -0.0155028 0.997038 0.0753357 0 -0.257484 0.0688228 -0.963828 0 -5675.67 -41.848 59.0062 1 3
-0.966077 -0.0344394 0.255946 0 -0.0155531 0.997028 0.0754514 0 -0.257784 0.0689111 -0.963742 0 -5676.15 -41.9964 59.4778 1 3
-0.96599 -0.0344773 0.256272 0 -0.0155495 0.997023 0.0755214 0 -0.258113 0.068968 -0.96365 0 -5676.54 -42.1952 60.2521 1 3
-0.965932 -0.0345435 0.256481 0 -0.015583 0.997017 0.0755934 0 -0.258328 0.0690213 -0.963589 0 -5676.93 -42.4313 60.7041 1 3
-0.965889 -0.0346279 0.256629 0 -0.0156412 0.997011 0.0756607 0 -0.258482 0.0690659 -0.963544 0 -5677.25 -42.716 60.9591 1 3
