0.201218 0 0.979546 0 0 1 0 0 -0.979546 0 0.201218 0 -1130.79 0 587.358 1 0
0.201218 0 0.979546 0 0 1 0 0 -0.979546 0 0.201218 0 -1130.79 0 587.358 1 0
0.201218 0 0.979546 0 0 1 0 0 -0.979546 0 0.201218 0 -1130.79 0 587.358 1 0
0.201218 0 0.979546 0 0 1 0 0 -0.979546 0 0.201218 0 -1130.79 0 587.358 1 0
0.201218 0 0.979546 0 0 1 0 0 -0.979546 0 0.201218 0 -1130.79 0 587.358 1 0
0.201218 0 0.979546 0 0 1 0 0 -0.979546 0 0.201218 0 -1130.79 0 587.358 1 0
0.201218 0 0.979546 0 0 1 0 0 -0.979546 0 0.201218 0 -1130.79 0 587.358 1 0
0.201218 0 0.979546 0 0 1 0 0 -0.979546 0 0.201218 0 -1130.79 0 587.358 1 0
0.201218 0 0.979546 0 0 1 0 0 -0.979546 0 0.201218 0 -1130.79 0 587.358 1 0
0.201218 0 0.979546 0 0 1 0 0 -0.979546 0 0.201218 0 -1130.79 0 587.358 1 0
0.201218 0 0.979546 0 0 1 0 0 -0.979546 0 0.201218 0 -1130.79 0 587.358 1 0
0.201218 0 0.979546 0 0 1 0 0 -0.979546 0 0.201218 0 -1130.79 0 587.358 1 0
0.201218 0 0.979546 0 0 1 0 0 -0.979546 0 0.201218 0 -1130.79 0 587.358 1 0
0.201218 0 0.979546 0 0 1 0 0 -0.979546 0 0.201218 0 -1130.79 0 587.358 1 0
0.201218 0 0.979546 0 0 1 0 0 -0.979546 0 0.201218 0 -1130.79 0 587.358 1 0
0.201218 0 0.979546 0 0 1 0 0 -0.979546 0 0.201218 0 -1130.79 0 587.358 1 0
0.201218 0 0.979546 0 0 1 0 0 -0.979546 0 0.201218 0 -1130.79 0 587.358 1 0
0.201218 0 0.979546 0 0 1 0 0 -0.979546 0 0.201218 0 -1130.79 0 587.358 1 0
0.201218 0 0.979546 0 0 1 0 0 -0.979546 0 0.201218 0 -1130.79 0 587.358 1 0
0.201218 0 0.979546 0 0 1 0 0 -0.979546 0 0.201218 0 -1130.79 0 587.358 1 0
0.201218 0 0.979546 0 0 1 0 0 -0.979546 0 0.201218 0 -1130.79 0 587.358 1 0
0.201218 0 0.979546 0 0 1 0 0 -0.979546 0 0.201218 0 -1130.79 0 587.358 1 0
0.228469 -0.0160556 0.973419 0 0.0192227 0.999743 0.0119781 0 -0.973361 0.0159751 0.228719 0 -836.966 -13.752 935.588 1 1
0.223829 -0.0183521 0.974456 0 0.0164097 0.999752 0.0150593 0 -0.97449 0.0126198 0.224075 0 -835.163 -12.9162 979.666 1 1
0.223829 -0.0183521 0.974456 0 0.0164097 0.999752 0.0150593 0 -0.97449 0.0126198 0.224075 0 -835.163 -12.9162 979.666 1 2
0.223829 -0.0183521 0.974456 0 0.0164097 0.999752 0.0150593 0 -0.97449 0.0126198 0.224075 0 -835.163 -12.9162 979.666 1 2
0.223829 -0.0183521 0.974456 0 0.0164097 0.999752 0.0150593 0 -0.97449 0.0126198 0.224075 0 -835.163 -12.9162 979.666 1 2
0.223829 -0.0183521 0.974456 0 0.0164097 0.999752 0.0150593 0 -0.97449 0.0126198 0.224075 0 -835.163 -12.9162 979.666 1 2
0.223829 -0.0183521 0.974456 0 0.0164097 0.999752 0.0150593 0 -0.97449 0.0126198 0.224075 0 -835.163 -12.9162 979.666 1 2
0.223829 -0.0183521 0.974456 0 0.0164097 0.999752 0.0150593 0 -0.97449 0.0126198 0.224075 0 -835.163 -12.9162 979.666 1 2
0.223829 -0.0183521 0.974456 0 0.0164097 0.999752 0.0150593 0 -0.97449 0.0126198 0.224075 0 -835.163 -12.9162 979.666 1 2
0.223829 -0.0183521 0.974456 0 0.0164097 0.999752 0.0150593 0 -0.97449 0.0126198 0.224075 0 -835.163 -12.9162 979.666 1 2
0.223829 -0.0183521 0.974456 0 0.0164097 0.999752 0.0150593 0 -0.97449 0.0126198 0.224075 0 -835.163 -12.9162 979.666 1 2
0.223829 -0.0183521 0.974456 0 0.0164097 0.999752 0.0150593 0 -0.97449 0.0126198 0.224075 0 -835.163 -12.9162 979.666 1 2
0.223829 -0.0183521 0.974456 0 0.0164097 0.999752 0.0150593 0 -0.97449 0.0126198 0.224075 0 -835.163 -12.9162 979.666 1 2
0.223829 -0.0183521 0.974456 0 0.0164097 0.999752 0.0150593 0 -0.97449 0.0126198 0.224075 0 -835.163 -12.9162 979.666 1 2
0.223829 -0.0183521 0.974456 0 0.0164097 0.999752 0.0150593 0 -0.97449 0.0126198 0.224075 0 -835.163 -12.9162 979.666 1 2
0.223829 -0.0183521 0.974456 0 0.0164097 0.999752 0.0150593 0 -0.97449 0.0126198 0.224075 0 -835.163 -12.9162 979.666 1 2
0.223829 -0.0183521 0.974456 0 0.0164097 0.999752 0.0150593 0 -0.97449 0.0126198 0.224075 0 -835.163 -12.9162 979.666 1 2
0.223829 -0.0183521 0.974456 0 0.0164097 0.999752 0.0150593 0 -0.97449 0.0126198 0.224075 0 -835.163 -12.9162 979.666 1 2
0.223829 -0.0183521 0.974456 0 0.0164097 0.999752 0.0150593 0 -0.97449 0.0126198 0.224075 0 -835.163 -12.9162 979.666 1 2
0.223829 -0.0183521 0.974456 0 0.0164097 0.999752 0.0150593 0 -0.97449 0.0126198 0.224075 0 -835.163 -12.9162 979.666 1 2
0.223829 -0.0183521 0.974456 0 0.0164097 0.999752 0.0150593 0 -0.97449 0.0126198 0.224075 0 -835.163 -12.9162 979.666 1 2
0.223829 -0.0183521 0.974456 0 0.0164097 0.999752 0.0150593 0 -0.97449 0.0126198 0.224075 0 -835.163 -12.9162 979.666 1 2
0.223829 -0.0183521 0.974456 0 0.0164097 0.999752 0.0150593 0 -0.97449 0.0126198 0.224075 0 -835.163 -12.9162 979.666 1 2
0.223829 -0.0183521 0.974456 0 0.0164097 0.999752 0.0150593 0 -0.97449 0.0126198 0.224075 0 -835.163 -12.9162 979.666 1 2
0.223829 -0.0183521 0.974456 0 0.0164097 0.999752 0.0150593 0 -0.97449 0.0126198 0.224075 0 -835.163 -12.9162 979.666 1 2
0.223829 -0.0183521 0.974456 0 0.0164097 0.999752 0.0150593 0 -0.97449 0.0126198 0.224075 0 -835.163 -12.9162 979.666 1 2
0.223829 -0.0183521 0.974456 0 0.0164097 0.999752 0.0150593 0 -0.97449 0.0126198 0.224075 0 -835.163 -12.9162 979.666 1 2
0.223829 -0.0183521 0.974456 0 0.0164097 0.999752 0.0150593 0 -0.97449 0.0126198 0.224075 0 -835.163 -12.9162 979.666 1 2
0.223829 -0.0183521 0.974456 0 0.0164097 0.999752 0.0150593 0 -0.97449 0.0126198 0.224075 0 -835.163 -12.9162 979.666 1 2
0.223829 -0.0183521 0.974456 0 0.0164097 0.999752 0.0150593 0 -0.97449 0.0126198 0.224075 0 -835.163 -12.9162 979.666 1 2
0.223829 -0.0183521 0.974456 0 0.0164097 0.999752 0.0150593 0 -0.97449 0.0126198 0.224075 0 -835.163 -12.9162 979.666 1 2
0.223829 -0.0183521 0.974456 0 0.0164097 0.999752 0.0150593 0 -0.97449 0.0126198 0.224075 0 -835.163 -12.9162 979.666 1 2
0.223829 -0.0183521 0.974456 0 0.0164097 0.999752 0.0150593 0 -0.97449 0.0126198 0.224075 0 -835.163 -12.9162 979.666 1 2
0.223829 -0.0183521 0.974456 0 0.0164097 0.999752 0.0150593 0 -0.97449 0.0126198 0.224075 0 -835.163 -12.9162 979.666 1 2
0.223829 -0.0183521 0.974456 0 0.0164097 0.999752 0.0150593 0 -0.97449 0.0126198 0.224075 0 -835.163 -12.9162 979.666 1 2
0.223829 -0.0183521 0.974456 0 0.0164097 0.999752 0.0150593 0 -0.97449 0.0126198 0.224075 0 -835.163 -12.9162 979.666 1 2
0.223829 -0.0183521 0.974456 0 0.0164097 0.999752 0.0150593 0 -0.97449 0.0126198 0.224075 0 -835.163 -12.9162 979.666 1 2
0.223829 -0.0183521 0.974456 0 0.0164097 0.999752 0.0150593 0 -0.97449 0.0126198 0.224075 0 -835.163 -12.9162 979.666 1 2
0.223829 -0.0183521 0.974456 0 0.0164097 0.999752 0.0150593 0 -0.97449 0.0126198 0.224075 0 -835.163 -12.9162 979.666 1 2
0.223829 -0.0183521 0.974456 0 0.0164097 0.999752 0.0150593 0 -0.97449 0.0126198 0.224075 0 -835.163 -12.9162 979.666 1 2
0.223829 -0.0183521 0.974456 0 0.0164097 0.999752 0.0150593 0 -0.97449 0.0126198 0.224075 0 -835.163 -12.9162 979.666 1 2
0.223829 -0.0183521 0.974456 0 0.0164097 0.999752 0.0150593 0 -0.97449 0.0126198 0.224075 0 -835.163 -12.9162 979.666 1 2
0.223829 -0.0183521 0.974456 0 0.0164097 0.999752 0.0150593 0 -0.97449 0.0126198 0.224075 0 -835.163 -12.9162 979.666 1 2
0.223829 -0.0183521 0.974456 0 0.0164097 0.999752 0.0150593 0 -0.97449 0.0126198 0.224075 0 -835.163 -12.9162 979.666 1 2
0.223829 -0.0183521 0.974456 0 0.0164097 0.999752 0.0150593 0 -0.97449 0.0126198 0.224075 0 -835.163 -12.9162 979.666 1 2
0.223829 -0.0183521 0.974456 0 0.0164097 0.999752 0.0150593 0 -0.97449 0.0126198 0.224075 0 -835.163 -12.9162 979.666 1 2
0.223829 -0.0183521 0.974456 0 0.0164097 0.999752 0.0150593 0 -0.97449 0.0126198 0.224075 0 -835.163 -12.9162 979.666 1 2
0.223829 -0.0183521 0.974456 0 0.0164097 0.999752 0.0150593 0 -0.97449 0.0126198 0.224075 0 -835.163 -12.9162 979.666 1 2
0.223829 -0.0183521 0.974456 0 0.0164097 0.999752 0.0150593 0 -0.97449 0.0126198 0.224075 0 -835.163 -12.9162 979.666 1 2
0.223829 -0.0183521 0.974456 0 0.0164097 0.999752 0.0150593 0 -0.97449 0.0126198 0.224075 0 -835.163 -12.9162 979.666 1 2
0.223829 -0.0183521 0.974456 0 0.0164097 0.999752 0.0150593 0 -0.97449 0.0126198 0.224075 0 -835.163 -12.9162 979.666 1 2
0.223829 -0.0183521 0.974456 0 0.0164097 0.999752 0.0150593 0 -0.97449 0.0126198 0.224075 0 -835.163 -12.9162 979.666 1 2
0.223829 -0.0183521 0.974456 0 0.0164097 0.999752 0.0150593 0 -0.97449 0.0126198 0.224075 0 -835.163 -12.9162 979.666 1 2
0.223829 -0.0183521 0.974456 0 0.0164097 0.999752 0.0150593 0 -0.97449 0.0126198 0.224075 0 -835.163 -12.9162 979.666 1 2
0.223829 -0.0183521 0.974456 0 0.0164097 0.999752 0.0150593 0 -0.97449 0.0126198 0.224075 0 -835.163 -12.9162 979.666 1 2
0.223829 -0.0183521 0.974456 0 0.0164097 0.999752 0.0150593 0 -0.97449 0.0126198 0.224075 0 -835.163 -12.9162 979.666 1 2
0.223829 -0.0183521 0.974456 0 0.0164097 0.999752 0.0150593 0 -0.97449 0.0126198 0.224075 0 -835.163 -12.9162 979.666 1 2
0.223829 -0.0183521 0.974456 0 0.0164097 0.999752 0.0150593 0 -0.97449 0.0126198 0.224075 0 -835.163 -12.9162 979.666 1 2
0.223829 -0.0183521 0.974456 0 0.0164097 0.999752 0.0150593 0 -0.97449 0.0126198 0.224075 0 -835.163 -12.9162 979.666 1 2
0.223829 -0.0183521 0.974456 0 0.0164097 0.999752 0.0150593 0 -0.97449 0.0126198 0.224075 0 -835.163 -12.9162 979.666 1 2
0.223829 -0.0183521 0.974456 0 0.0164097 0.999752 0.0150593 0 -0.97449 0.0126198 0.224075 0 -835.163 -12.9162 979.666 1 2
0.223829 -0.0183521 0.974456 0 0.0164097 0.999752 0.0150593 0 -0.97449 0.0126198 0.224075 0 -835.163 -12.9162 979.666 1 2
0.223829 -0.0183521 0.974456 0 0.0164097 0.999752 0.0150593 0 -0.97449 0.0126198 0.224075 0 -835.163 -12.9162 979.666 1 2
0.223829 -0.0183521 0.974456 0 0.0164097 0.999752 0.0150593 0 -0.97449 0.0126198 0.224075 0 -835.163 -12.9162 979.666 1 2
0.223829 -0.0183521 0.974456 0 0.0164097 0.999752 0.0150593 0 -0.97449 0.0126198 0.224075 0 -835.163 -12.9162 979.666 1 2
0.223829 -0.0183521 0.974456 0 0.0164097 0.999752 0.0150593 0 -0.97449 0.0126198 0.224075 0 -835.163 -12.9162 979.666 1 2
0.223829 -0.0183521 0.974456 0 0.0164097 0.999752 0.0150593 0 -0.97449 0.0126198 0.224075 0 -835.163 -12.9162 979.666 1 2
0.223829 -0.0183521 0.974456 0 0.0164097 0.999752 0.0150593 0 -0.97449 0.0126198 0.224075 0 -835.163 -12.9162 979.666 1 2
0.223829 -0.0183521 0.974456 0 0.0164097 0.999752 0.0150593 0 -0.97449 0.0126198 0.224075 0 -835.163 -12.9162 979.666 1 2
0.223829 -0.0183521 0.974456 0 0.0164097 0.999752 0.0150593 0 -0.97449 0.0126198 0.224075 0 -835.163 -12.9162 979.666 1 2
0.223829 -0.0183521 0.974456 0 0.0164097 0.999752 0.0150593 0 -0.97449 0.0126198 0.224075 0 -835.163 -12.9162 979.666 1 2
0.223829 -0.0183521 0.974456 0 0.0164097 0.999752 0.0150593 0 -0.97449 0.0126198 0.224075 0 -835.163 -12.9162 979.666 1 2
0.223829 -0.0183521 0.974456 0 0.0164097 0.999752 0.0150593 0 -0.97449 0.0126198 0.224075 0 -835.163 -12.9162 979.666 1 2
0.223829 -0.0183521 0.974456 0 0.0164097 0.999752 0.0150593 0 -0.97449 0.0126198 0.224075 0 -835.163 -12.9162 979.666 1 2
0.223829 -0.0183521 0.974456 0 0.0164097 0.999752 0.0150593 0 -0.97449 0.0126198 0.224075 0 -835.163 -12.9162 979.666 1 2
0.223829 -0.0183521 0.974456 0 0.0164097 0.999752 0.0150593 0 -0.97449 0.0126198 0.224075 0 -835.163 -12.9162 979.666 1 2
0.223829 -0.0183521 0.974456 0 0.0164097 0.999752 0.0150593 0 -0.97449 0.0126198 0.224075 0 -835.163 -12.9162 979.666 1 2
0.223829 -0.0183521 0.974456 0 0.0164097 0.999752 0.0150593 0 -0.97449 0.0126198 0.224075 0 -835.163 -12.9162 979.666 1 2
0.223829 -0.0183521 0.974456 0 0.0164097 0.999752 0.0150593 0 -0.97449 0.0126198 0.224075 0 -835.163 -12.9162 979.666 1 2
0.223829 -0.0183521 0.974456 0 0.0164097 0.999752 0.0150593 0 -0.97449 0.0126198 0.224075 0 -835.163 -12.9162 979.666 1 2
0.223829 -0.0183521 0.974456 0 0.0164097 0.999752 0.0150593 0 -0.97449 0.0126198 0.224075 0 -835.163 -12.9162 979.666 1 2
0.223829 -0.0183521 0.974456 0 0.0164097 0.999752 0.0150593 0 -0.97449 0.0126198 0.224075 0 -835.163 -12.9162 979.666 1 2
0.223829 -0.0183521 0.974456 0 0.0164097 0.999752 0.0150593 0 -0.97449 0.0126198 0.224075 0 -835.163 -12.9162 979.666 1 2
0.223829 -0.0183521 0.974456 0 0.0164097 0.999752 0.0150593 0 -0.97449 0.0126198 0.224075 0 -835.163 -12.9162 979.666 1 2
0.223829 -0.0183521 0.974456 0 0.0164097 0.999752 0.0150593 0 -0.97449 0.0126198 0.224075 0 -835.163 -12.9162 979.666 1 2
0.223829 -0.0183521 0.974456 0 0.0164097 0.999752 0.0150593 0 -0.97449 0.0126198 0.224075 0 -835.163 -12.9162 979.666 1 2
0.223829 -0.0183521 0.974456 0 0.0164097 0.999752 0.0150593 0 -0.97449 0.0126198 0.224075 0 -835.163 -12.9162 979.666 1 2
0.223829 -0.0183521 0.974456 0 0.0164097 0.999752 0.0150593 0 -0.97449 0.0126198 0.224075 0 -835.163 -12.9162 979.666 1 2
0.223829 -0.0183521 0.974456 0 0.0164097 0.999752 0.0150593 0 -0.97449 0.0126198 0.224075 0 -835.163 -12.9162 979.666 1 2
0.223829 -0.0183521 0.974456 0 0.0164097 0.999752 0.0150593 0 -0.97449 0.0126198 0.224075 0 -835.163 -12.9162 979.666 1 2
0.223829 -0.0183521 0.974456 0 0.0164097 0.999752 0.0150593 0 -0.97449 0.0126198 0.224075 0 -835.163 -12.9162 979.666 1 2
0.223829 -0.0183521 0.974456 0 0.0164097 0.999752 0.0150593 0 -0.97449 0.0126198 0.224075 0 -835.163 -12.9162 979.666 1 2
0.223829 -0.0183521 0.974456 0 0.0164097 0.999752 0.0150593 0 -0.97449 0.0126198 0.224075 0 -835.163 -12.9162 979.666 1 2
0.223829 -0.0183521 0.974456 0 0.0164097 0.999752 0.0150593 0 -0.97449 0.0126198 0.224075 0 -835.163 -12.9162 979.666 1 2
0.223829 -0.0183521 0.974456 0 0.0164097 0.999752 0.0150593 0 -0.97449 0.0126198 0.224075 0 -835.163 -12.9162 979.666 1 2
0.223829 -0.0183521 0.974456 0 0.0164097 0.999752 0.0150593 0 -0.97449 0.0126198 0.224075 0 -835.163 -12.9162 979.666 1 2
0.223829 -0.0183521 0.974456 0 0.0164097 0.999752 0.0150593 0 -0.97449 0.0126198 0.224075 0 -835.163 -12.9162 979.666 1 2
0.223829 -0.0183521 0.974456 0 0.0164097 0.999752 0.0150593 0 -0.97449 0.0126198 0.224075 0 -835.163 -12.9162 979.666 1 2
0.223829 -0.0183521 0.974456 0 0.0164097 0.999752 0.0150593 0 -0.97449 0.0126198 0.224075 0 -835.163 -12.9162 979.666 1 2
0.223829 -0.0183521 0.974456 0 0.0164097 0.999752 0.0150593 0 -0.97449 0.0126198 0.224075 0 -835.163 -12.9162 979.666 1 2
0.223829 -0.0183521 0.974456 0 0.0164097 0.999752 0.0150593 0 -0.97449 0.0126198 0.224075 0 -835.163 -12.9162 979.666 1 2
0.223829 -0.0183521 0.974456 0 0.0164097 0.999752 0.0150593 0 -0.97449 0.0126198 0.224075 0 -835.163 -12.9162 979.666 1 2
0.223829 -0.0183521 0.974456 0 0.0164097 0.999752 0.0150593 0 -0.97449 0.0126198 0.224075 0 -835.163 -12.9162 979.666 1 2
0.223829 -0.0183521 0.974456 0 0.0164097 0.999752 0.0150593 0 -0.97449 0.0126198 0.224075 0 -835.163 -12.9162 979.666 1 2
0.223829 -0.0183521 0.974456 0 0.0164097 0.999752 0.0150593 0 -0.97449 0.0126198 0.224075 0 -835.163 -12.9162 979.666 1 2
0.223829 -0.0183521 0.974456 0 0.0164097 0.999752 0.0150593 0 -0.97449 0.0126198 0.224075 0 -835.163 -12.9162 979.666 1 2
0.228081 -0.017102 0.973492 0 0.0107043 0.999829 0.0150568 0 -0.973583 0.00698637 0.228225 0 -832.625 -23.1795 982.073 1 3
0.231275 -0.0151447 0.972771 0 0.0051647 0.999884 0.014339 0 -0.972875 0.00170783 0.231326 0 -829.956 -29.5876 983.805 1 3
0.233581 -0.0128652 0.972252 0 0.000453243 0.999914 0.0131223 0 -0.972337 -0.00262445 0.233567 0 -827.641 -33.6967 985.338 1 3
0.235394 -0.0103105 0.971845 0 -0.00348936 0.999928 0.0114536 0 -0.971894 -0.00608722 0.235341 0 -825.679 -36.2945 986.769 1 3
0.236926 -0.00818788 0.971493 0 -0.00582723 0.999935 0.00984872 0 -0.97151 -0.00799453 0.236863 0 -824.21 -37.7159 988.073 1 3
0.238609 -0.00752332 0.971087 0 -0.00530781 0.999945 0.00905109 0 -0.971101 -0.00731401 0.238556 0 -823.682 -37.1349 989.126 1 3
0.240345 -0.00662537 0.970665 0 -0.00394909 0.999962 0.00780317 0 -0.970679 -0.0057087 0.24031 0 -823.199 -35.8079 990.377 1 3
0.241962 -0.00654388 0.970264 0 -0.00187458 0.999972 0.00721173 0 -0.970284 -0.0035638 0.241943 0 -823.301 -34.4517 991.741 1 3
0.243522 -0.00605629 0.969877 0 0.00109926 0.999982 0.00596827 0 -0.969895 -0.000387255 0.243524 0 -823.147 -32.8155 993.756 1 3
0.245238 -0.00606729 0.969444 0 0.00422159 0.999978 0.00519047 0 -0.969454 0.0028197 0.245258 0 -823.1 -31.0556 995.744 1 3
0.246668 -0.00631843 0.96908 0 0.00719818 0.999963 0.00468758 0 -0.969073 0.00581934 0.246704 0 -823.597 -29.8969 997.201 1 3
0.247791 -0.00670854 0.96879 0 0.0097172 0.999943 0.00443886 0 -0.968765 0.00831402 0.247842 0 -824.345 -29.1878 998.477 1 3
0.248426 -0.00700643 0.968626 0 0.0117761 0.999922 0.00421258 0 -0.968579 0.0103601 0.248489 0 -825.161 -28.3906 999.47 1 3
0.248902 -0.00744027 0.9685 0 0.0131762 0.999904 0.00429529 0 -0.968439 0.011692 0.248976 0 -825.747 -28.0013 1000.19 1 3
0.249572 -0.00766423 0.968326 0 0.0140908 0.999892 0.00428236 0 -0.968254 0.0125758 0.249653 0 -825.998 -27.7306 1000.91 1 3
0.250415 -0.00783092 0.968107 0 0.0148168 0.999881 0.00425535 0 -0.968025 0.0132786 0.250501 0 -825.95 -27.4103 1001.7 1 3
0.251517 -0.0081466 0.967819 0 0.0156791 0.999868 0.00434168 0 -0.967726 0.0140826 0.251611 0 -825.591 -27.2265 1002.42 1 3
0.253647 -0.00759364 0.967267 0 0.016244 0.999862 0.00358984 0 -0.96716 0.0148018 0.253736 0 -826.888 -26.9706 1003.53 1 3
0.255443 -0.00737416 0.966796 0 0.0169207 0.999852 0.00315556 0 -0.966676 0.0155528 0.25553 0 -827.734 -26.512 1004.47 1 3
0.256849 -0.00717907 0.966425 0 0.017542 0.999842 0.00276514 0 -0.966292 0.0162428 0.256934 0 -828.535 -26.0723 1005.09 1 3
0.257939 -0.00714825 0.966135 0 0.0180903 0.999833 0.00256783 0 -0.965992 0.0168153 0.258025 0 -829.044 -25.7586 1005.6 1 3
0.258639 -0.00715933 0.965947 0 0.0184198 0.999827 0.00247841 0 -0.965798 0.0171515 0.258727 0 -829.509 -25.5772 1005.87 1 3
0.259188 -0.00727705 0.965799 0 0.0186986 0.999822 0.00251532 0 -0.965646 0.0174072 0.259278 0 -829.821 -25.5429 1005.98 1 3
0.259403 -0.00744882 0.96574 0 0.0189254 0.999817 0.0026282 0 -0.965584 0.0175953 0.259497 0 -830.201 -25.5218 1005.89 1 3
0.259532 -0.00757354 0.965705 0 0.019134 0.999813 0.00269881 0 -0.965545 0.0177773 0.259628 0 -830.388 -25.4588 1005.76 1 3
0.259584 -0.00775125 0.965689 0 0.0194558 0.999807 0.00279525 0 -0.965524 0.0180626 0.259685 0 -830.636 -25.3816 1005.55 1 3
0.259583 -0.00791002 0.965689 0 0.0197062 0.999802 0.0028923 0 -0.96552 0.0182793 0.259687 0 -830.812 -25.3223 1005.29 1 3
0.259593 -0.00804497 0.965685 0 0.0199924 0.999796 0.00295484 0 -0.965511 0.0185393 0.259701 0 -830.954 -25.2876 1005 1 3
0.259737 -0.00825589 0.965644 0 0.0201914 0.999791 0.00311679 0 -0.965468 0.0186881 0.25985 0 -830.882 -25.2863 1004.73 1 3
0.25978 -0.0081887 0.965633 0 0.0204167 0.999787 0.00298571 0 -0.965452 0.0189394 0.259892 0 -830.954 -25.0118 1005.2 1 3
0.259699 -0.00813603 0.965655 0 0.0205315 0.999785 0.00290195 0 -0.965471 0.0190727 0.25981 0 -831.07 -24.7919 1005.42 1 3
0.259551 -0.00816136 0.965695 0 0.0206127 0.999783 0.00290934 0 -0.965509 0.0191505 0.259663 0 -831.158 -24.7331 1005.49 1 3
0.259455 -0.00814604 0.965721 0 0.020579 0.999784 0.00290451 0 -0.965536 0.01912 0.259567 0 -831.108 -24.7074 1005.45 1 3
0.259375 -0.00807393 0.965743 0 0.0204995 0.999786 0.00285287 0 -0.965559 0.0190572 0.259485 0 -831.043 -24.7137 1005.38 1 3
0.259277 -0.00805057 0.96577 0 0.0204335 0.999787 0.00284843 0 -0.965587 0.0189955 0.259386 0 -831.008 -24.7501 1005.2 1 3
0.25892 -0.00840404 0.965862 0 0.0200879 0.999793 0.00331429 0 -0.96569 0.018544 0.259035 0 -831.358 -25.1585 1004.79 1 3
0.258613 -0.00864806 0.965942 0 0.0199145 0.999795 0.00361941 0 -0.965776 0.0183003 0.258732 0 -831.662 -25.3759 1004.37 1 3
0.258415 -0.00881271 0.965994 0 0.0197591 0.999797 0.00383531 0 -0.965832 0.018096 0.258537 0 -831.833 -25.5105 1004.12 1 3
0.258322 -0.00886307 0.966018 0 0.019639 0.999799 0.00392134 0 -0.965859 0.0179587 0.258445 0 -831.921 -25.5942 1003.92 1 3
0.258305 -0.00887013 0.966023 0 0.0195933 0.9998 0.00394123 0 -0.965865 0.0179095 0.258427 0 -831.916 -25.6316 1003.77 1 3
0.258333 -0.0089544 0.966014 0 0.0195672 0.9998 0.00403488 0 -0.965858 0.0178599 0.258457 0 -831.824 -25.7481 1003.62 1 3
0.258346 -0.00895418 0.966011 0 0.0195261 0.999801 0.00404541 0 -0.965855 0.0178173 0.25847 0 -831.732 -25.7821 1003.5 1 3
0.258405 -0.00895035 0.965995 0 0.0194828 0.999802 0.00405189 0 -0.96584 0.0177733 0.258528 0 -831.576 -25.8215 1003.44 1 3
0.258423 -0.00897835 0.96599 0 0.0194546 0.999802 0.0040881 0 -0.965836 0.0177365 0.258546 0 -831.491 -25.8773 1003.37 1 3
0.258416 -0.0089848 0.965992 0 0.0194087 0.999803 0.00410719 0 -0.965839 0.0176873 0.258539 0 -831.431 -25.9223 1003.34 1 3
