0.204821 0 -0.9788 0 0 1 0 0 0.9788 0 0.204821 0 -1563.92 0 -1240.98 1 0
0.204821 0 -0.9788 0 0 1 0 0 0.9788 0 0.204821 0 -1563.92 0 -1240.98 1 0
0.204821 0 -0.9788 0 0 1 0 0 0.9788 0 0.204821 0 -1563.92 0 -1240.98 1 0
0.204821 0 -0.9788 0 0 1 0 0 0.9788 0 0.204821 0 -1563.92 0 -1240.98 1 0
0.204821 0 -0.9788 0 0 1 0 0 0.9788 0 0.204821 0 -1563.92 0 -1240.98 1 0
0.204821 0 -0.9788 0 0 1 0 0 0.9788 0 0.204821 0 -1563.92 0 -1240.98 1 0
0.204821 0 -0.9788 0 0 1 0 0 0.9788 0 0.204821 0 -1563.92 0 -1240.98 1 0
0.204821 0 -0.9788 0 0 1 0 0 0.9788 0 0.204821 0 -1563.92 0 -1240.98 1 0
0.204821 0 -0.9788 0 0 1 0 0 0.9788 0 0.204821 0 -1563.92 0 -1240.98 1 0
0.204821 0 -0.9788 0 0 1 0 0 0.9788 0 0.204821 0 -1563.92 0 -1240.98 1 0
0.204821 0 -0.9788 0 0 1 0 0 0.9788 0 0.204821 0 -1563.92 0 -1240.98 1 0
0.204821 0 -0.9788 0 0 1 0 0 0.9788 0 0.204821 0 -1563.92 0 -1240.98 1 0
0.204821 0 -0.9788 0 0 1 0 0 0.9788 0 0.204821 0 -1563.92 0 -1240.98 1 0
0.204821 0 -0.9788 0 0 1 0 0 0.9788 0 0.204821 0 -1563.92 0 -1240.98 1 0
0.204821 0 -0.9788 0 0 1 0 0 0.9788 0 0.204821 0 -1563.92 0 -1240.98 1 0
0.204821 0 -0.9788 0 0 1 0 0 0.9788 0 0.204821 0 -1563.92 0 -1240.98 1 0
0.204821 0 -0.9788 0 0 1 0 0 0.9788 0 0.204821 0 -1563.92 0 -1240.98 1 0
0.204821 0 -0.9788 0 0 1 0 0 0.9788 0 0.204821 0 -1563.92 0 -1240.98 1 0
0.204821 0 -0.9788 0 0 1 0 0 0.9788 0 0.204821 0 -1563.92 0 -1240.98 1 0
0.204821 0 -0.9788 0 0 1 0 0 0.9788 0 0.204821 0 -1563.92 0 -1240.98 1 0
0.204821 0 -0.9788 0 0 1 0 0 0.9788 0 0.204821 0 -1563.92 0 -1240.98 1 0
0.204821 0 -0.9788 0 0 1 0 0 0.9788 0 0.204821 0 -1563.92 0 -1240.98 1 0
0.204821 0 -0.9788 0 0 1 0 0 0.9788 0 0.204821 0 -1563.92 0 -1240.98 1 0
0.204821 0 -0.9788 0 0 1 0 0 0.9788 0 0.204821 0 -1563.92 0 -1240.98 1 0
0.204821 0 -0.9788 0 0 1 0 0 0.9788 0 0.204821 0 -1563.92 0 -1240.98 1 0
0.204821 0 -0.9788 0 0 1 0 0 0.9788 0 0.204821 0 -1563.92 0 -1240.98 1 0
0.204821 0 -0.9788 0 0 1 0 0 0.9788 0 0.204821 0 -1563.92 0 -1240.98 1 0
0.204821 0 -0.9788 0 0 1 0 0 0.9788 0 0.204821 0 -1563.92 0 -1240.98 1 0
0.204821 0 -0.9788 0 0 1 0 0 0.9788 0 0.204821 0 -1563.92 0 -1240.98 1 0
0.204821 0 -0.9788 0 0 1 0 0 0.9788 0 0.204821 0 -1563.92 0 -1240.98 1 0
0.204821 0 -0.9788 0 0 1 0 0 0.9788 0 0.204821 0 -1563.92 0 -1240.98 1 0
0.204821 0 -0.9788 0 0 1 0 0 0.9788 0 0.204821 0 -1563.92 0 -1240.98 1 0
0.204821 0 -0.9788 0 0 1 0 0 0.9788 0 0.204821 0 -1563.92 0 -1240.98 1 0
0.204821 0 -0.9788 0 0 1 0 0 0.9788 0 0.204821 0 -1563.92 0 -1240.98 1 0
0.204821 0 -0.9788 0 0 1 0 0 0.9788 0 0.204821 0 -1563.92 0 -1240.98 1 0
0.204821 0 -0.9788 0 0 1 0 0 0.9788 0 0.204821 0 -1563.92 0 -1240.98 1 0
0.204821 0 -0.9788 0 0 1 0 0 0.9788 0 0.204821 0 -1563.92 0 -1240.98 1 0
0.204821 0 -0.9788 0 0 1 0 0 0.9788 0 0.204821 0 -1563.92 0 -1240.98 1 0
0.204821 0 -0.9788 0 0 1 0 0 0.9788 0 0.204821 0 -1563.92 0 -1240.98 1 0
0.204821 0 -0.9788 0 0 1 0 0 0.9788 0 0.204821 0 -1563.92 0 -1240.98 1 0
0.204821 0 -0.9788 0 0 1 0 0 0.9788 0 0.204821 0 -1563.92 0 -1240.98 1 0
0.204821 0 -0.9788 0 0 1 0 0 0.9788 0 0.204821 0 -1563.92 0 -1240.98 1 0
0.204821 0 -0.9788 0 0 1 0 0 0.9788 0 0.204821 0 -1563.92 0 -1240.98 1 0
0.204821 0 -0.9788 0 0 1 0 0 0.9788 0 0.204821 0 -1563.92 0 -1240.98 1 0
0.204821 0 -0.9788 0 0 1 0 0 0.9788 0 0.204821 0 -1563.92 0 -1240.98 1 0
0.204821 0 -0.9788 0 0 1 0 0 0.9788 0 0.204821 0 -1563.92 0 -1240.98 1 0
0.204821 0 -0.9788 0 0 1 0 0 0.9788 0 0.204821 0 -1563.92 0 -1240.98 1 0
0.204821 0 -0.9788 0 0 1 0 0 0.9788 0 0.204821 0 -1563.92 0 -1240.98 1 0
0.204821 0 -0.9788 0 0 1 0 0 0.9788 0 0.204821 0 -1563.92 0 -1240.98 1 0
0.204821 0 -0.9788 0 0 1 0 0 0.9788 0 0.204821 0 -1563.92 0 -1240.98 1 0
0.204821 0 -0.9788 0 0 1 0 0 0.9788 0 0.204821 0 -1563.92 0 -1240.98 1 0
0.204821 0 -0.9788 0 0 1 0 0 0.9788 0 0.204821 0 -1563.92 0 -1240.98 1 0
0.204821 0 -0.9788 0 0 1 0 0 0.9788 0 0.204821 0 -1563.92 0 -1240.98 1 0
0.204821 0 -0.9788 0 0 1 0 0 0.9788 0 0.204821 0 -1563.92 0 -1240.98 1 0
0.204821 0 -0.9788 0 0 1 0 0 0.9788 0 0.204821 0 -1563.92 0 -1240.98 1 0
0.204821 0 -0.9788 0 0 1 0 0 0.9788 0 0.204821 0 -1563.92 0 -1240.98 1 0
0.204821 0 -0.9788 0 0 1 0 0 0.9788 0 0.204821 0 -1563.92 0 -1240.98 1 0
0.204821 0 -0.9788 0 0 1 0 0 0.9788 0 0.204821 0 -1563.92 0 -1240.98 1 0
0.204821 0 -0.9788 0 0 1 0 0 0.9788 0 0.204821 0 -1563.92 0 -1240.98 1 0
0.204821 0 -0.9788 0 0 1 0 0 0.9788 0 0.204821 0 -1563.92 0 -1240.98 1 0
0.204821 0 -0.9788 0 0 1 0 0 0.9788 0 0.204821 0 -1563.92 0 -1240.98 1 0
0.204821 0 -0.9788 0 0 1 0 0 0.9788 0 0.204821 0 -1563.92 0 -1240.98 1 0
0.204821 0 -0.9788 0 0 1 0 0 0.9788 0 0.204821 0 -1563.92 0 -1240.98 1 0
0.204821 0 -0.9788 0 0 1 0 0 0.9788 0 0.204821 0 -1563.92 0 -1240.98 1 0
0.204821 0 -0.9788 0 0 1 0 0 0.9788 0 0.204821 0 -1563.92 0 -1240.98 1 0
0.204821 0 -0.9788 0 0 1 0 0 0.9788 0 0.204821 0 -1563.92 0 -1240.98 1 0
0.204821 0 -0.9788 0 0 1 0 0 0.9788 0 0.204821 0 -1563.92 0 -1240.98 1 0
0.204821 0 -0.9788 0 0 1 0 0 0.9788 0 0.204821 0 -1563.92 0 -1240.98 1 0
0.204821 0 -0.9788 0 0 1 0 0 0.9788 0 0.204821 0 -1563.92 0 -1240.98 1 0
0.204821 0 -0.9788 0 0 1 0 0 0.9788 0 0.204821 0 -1563.92 0 -1240.98 1 0
0.204821 0 -0.9788 0 0 1 0 0 0.9788 0 0.204821 0 -1563.92 0 -1240.98 1 0
0.204821 0 -0.9788 0 0 1 0 0 0.9788 0 0.204821 0 -1563.92 0 -1240.98 1 0
0.204821 0 -0.9788 0 0 1 0 0 0.9788 0 0.204821 0 -1563.92 0 -1240.98 1 0
0.204821 0 -0.9788 0 0 1 0 0 0.9788 0 0.204821 0 -1563.92 0 -1240.98 1 0
0.204821 0 -0.9788 0 0 1 0 0 0.9788 0 0.204821 0 -1563.92 0 -1240.98 1 0
0.204821 0 -0.9788 0 0 1 0 0 0.9788 0 0.204821 0 -1563.92 0 -1240.98 1 0
0.204821 0 -0.9788 0 0 1 0 0 0.9788 0 0.204821 0 -1563.92 0 -1240.98 1 0
0.204821 0 -0.9788 0 0 1 0 0 0.9788 0 0.204821 0 -1563.92 0 -1240.98 1 0
0.204821 0 -0.9788 0 0 1 0 0 0.9788 0 0.204821 0 -1563.92 0 -1240.98 1 0
0.204821 0 -0.9788 0 0 1 0 0 0.9788 0 0.204821 0 -1563.92 0 -1240.98 1 0
0.204821 0 -0.9788 0 0 1 0 0 0.9788 0 0.204821 0 -1563.92 0 -1240.98 1 0
0.204821 0 -0.9788 0 0 1 0 0 0.9788 0 0.204821 0 -1563.92 0 -1240.98 1 0
0.204821 0 -0.9788 0 0 1 0 0 0.9788 0 0.204821 0 -1563.92 0 -1240.98 1 0
0.204821 0 -0.9788 0 0 1 0 0 0.9788 0 0.204821 0 -1563.92 0 -1240.98 1 0
0.204821 0 -0.9788 0 0 1 0 0 0.9788 0 0.204821 0 -1563.92 0 -1240.98 1 0
0.204821 0 -0.9788 0 0 1 0 0 0.9788 0 0.204821 0 -1563.92 0 -1240.98 1 0
0.204821 0 -0.9788 0 0 1 0 0 0.9788 0 0.204821 0 -1563.92 0 -1240.98 1 0
0.204821 0 -0.9788 0 0 1 0 0 0.9788 0 0.204821 0 -1563.92 0 -1240.98 1 0
0.204821 0 -0.9788 0 0 1 0 0 0.9788 0 0.204821 0 -1563.92 0 -1240.98 1 0
0.204821 0 -0.9788 0 0 1 0 0 0.9788 0 0.204821 0 -1563.92 0 -1240.98 1 0
0.204821 0 -0.9788 0 0 1 0 0 0.9788 0 0.204821 0 -1563.92 0 -1240.98 1 0
0.204821 0 -0.9788 0 0 1 0 0 0.9788 0 0.204821 0 -1563.92 0 -1240.98 1 0
0.204821 0 -0.9788 0 0 1 0 0 0.9788 0 0.204821 0 -1563.92 0 -1240.98 1 0
0.204821 0 -0.9788 0 0 1 0 0 0.9788 0 0.204821 0 -1563.92 0 -1240.98 1 0
0.204821 0 -0.9788 0 0 1 0 0 0.9788 0 0.204821 0 -1563.92 0 -1240.98 1 0
0.204821 0 -0.9788 0 0 1 0 0 0.9788 0 0.204821 0 -1563.92 0 -1240.98 1 0
0.204821 0 -0.9788 0 0 1 0 0 0.9788 0 0.204821 0 -1563.92 0 -1240.98 1 0
0.204821 0 -0.9788 0 0 1 0 0 0.9788 0 0.204821 0 -1563.92 0 -1240.98 1 0
0.204821 0 -0.9788 0 0 1 0 0 0.9788 0 0.204821 0 -1563.92 0 -1240.98 1 0
0.204821 0 -0.9788 0 0 1 0 0 0.9788 0 0.204821 0 -1563.92 0 -1240.98 1 0
0.204821 0 -0.9788 0 0 1 0 0 0.9788 0 0.204821 0 -1563.92 0 -1240.98 1 0
0.204821 0 -0.9788 0 0 1 0 0 0.9788 0 0.204821 0 -1563.92 0 -1240.98 1 0
0.204821 0 -0.9788 0 0 1 0 0 0.9788 0 0.204821 0 -1563.92 0 -1240.98 1 0
0.204821 0 -0.9788 0 0 1 0 0 0.9788 0 0.204821 0 -1563.92 0 -1240.98 1 0
0.204821 0 -0.9788 0 0 1 0 0 0.9788 0 0.204821 0 -1563.92 0 -1240.98 1 0
0.204821 0 -0.9788 0 0 1 0 0 0.9788 0 0.204821 0 -1563.92 0 -1240.98 1 0
0.204821 0 -0.9788 0 0 1 0 0 0.9788 0 0.204821 0 -1563.92 0 -1240.98 1 0
0.204821 0 -0.9788 0 0 1 0 0 0.9788 0 0.204821 0 -1563.92 0 -1240.98 1 0
0.028654 0.0834181 -0.996103 0 -0.0275726 0.996199 0.0826329 0 0.999209 0.0250973 0.0308451 0 -2039.39 211.885 -830.993 1 1
0.0273961 0.0747671 -0.996825 0 -0.0303003 0.996803 0.0739327 0 0.999165 0.0281786 0.0295739 0 -2019.62 219.422 -904.859 1 1
0.0273961 0.0747671 -0.996825 0 -0.0303003 0.996803 0.0739327 0 0.999165 0.0281786 0.0295739 0 -2019.62 219.422 -904.859 1 2
0.0273961 0.0747671 -0.996825 0 -0.0303003 0.996803 0.0739327 0 0.999165 0.0281786 0.0295739 0 -2019.62 219.422 -904.859 1 2
0.0273961 0.0747671 -0.996825 0 -0.0303003 0.996803 0.0739327 0 0.999165 0.0281786 0.0295739 0 -2019.62 219.422 -904.859 1 2
0.0273961 0.0747671 -0.996825 0 -0.0303003 0.996803 0.0739327 0 0.999165 0.0281786 0.0295739 0 -2019.62 219.422 -904.859 1 2
0.0273961 0.0747671 -0.996825 0 -0.0303003 0.996803 0.0739327 0 0.999165 0.0281786 0.0295739 0 -2019.62 219.422 -904.859 1 2
0.0273961 0.0747671 -0.996825 0 -0.0303003 0.996803 0.0739327 0 0.999165 0.0281786 0.0295739 0 -2019.62 219.422 -904.859 1 2
0.0273961 0.0747671 -0.996825 0 -0.0303003 0.996803 0.0739327 0 0.999165 0.0281786 0.0295739 0 -2019.62 219.422 -904.859 1 2
0.0273961 0.0747671 -0.996825 0 -0.0303003 0.996803 0.0739327 0 0.999165 0.0281786 0.0295739 0 -2019.62 219.422 -904.859 1 2
0.0273961 0.0747671 -0.996825 0 -0.0303003 0.996803 0.0739327 0 0.999165 0.0281786 0.0295739 0 -2019.62 219.422 -904.859 1 2
0.0273961 0.0747671 -0.996825 0 -0.0303003 0.996803 0.0739327 0 0.999165 0.0281786 0.0295739 0 -2019.62 219.422 -904.859 1 2
0.0273961 0.0747671 -0.996825 0 -0.0303003 0.996803 0.0739327 0 0.999165 0.0281786 0.0295739 0 -2019.62 219.422 -904.859 1 2
0.0273961 0.0747671 -0.996825 0 -0.0303003 0.996803 0.0739327 0 0.999165 0.0281786 0.0295739 0 -2019.62 219.422 -904.859 1 2
0.0273961 0.0747671 -0.996825 0 -0.0303003 0.996803 0.0739327 0 0.999165 0.0281786 0.0295739 0 -2019.62 219.422 -904.859 1 2
0.0273961 0.0747671 -0.996825 0 -0.0303003 0.996803 0.0739327 0 0.999165 0.0281786 0.0295739 0 -2019.62 219.422 -904.859 1 2
0.0273961 0.0747671 -0.996825 0 -0.0303003 0.996803 0.0739327 0 0.999165 0.0281786 0.0295739 0 -2019.62 219.422 -904.859 1 2
0.0273961 0.0747671 -0.996825 0 -0.0303003 0.996803 0.0739327 0 0.999165 0.0281786 0.0295739 0 -2019.62 219.422 -904.859 1 2
0.0273961 0.0747671 -0.996825 0 -0.0303003 0.996803 0.0739327 0 0.999165 0.0281786 0.0295739 0 -2019.62 219.422 -904.859 1 2
0.0273961 0.0747671 -0.996825 0 -0.0303003 0.996803 0.0739327 0 0.999165 0.0281786 0.0295739 0 -2019.62 219.422 -904.859 1 2
0.0193202 0.0866131 -0.996055 0 -0.0371675 0.995614 0.0858539 0 0.999122 0.0353622 0.0224546 0 -2023.62 179.151 -911.408 1 3
0.012979 0.0936352 -0.995522 0 -0.0431399 0.994731 0.0929984 0 0.998985 0.0417397 0.01695 0 -2027.79 141.682 -916.134 1 3
0.00842145 0.0974414 -0.995206 0 -0.0474682 0.994158 0.0969371 0 0.998837 0.0464242 0.0129976 0 -2032.71 108.598 -920.297 1 3
0.00469261 0.0978821 -0.995187 0 -0.0502986 0.993961 0.0975244 0 0.998723 0.0495988 0.0095876 0 -2038.91 78.902 -923.175 1 3
0.00152465 0.0947535 -0.9955 0 -0.0502772 0.994249 0.0945574 0 0.998734 0.0499068 0.00627982 0 -2046.42 53.175 -924.357 1 3
-0.00158843 0.0887114 -0.996056 0 -0.0463645 0.99498 0.0886894 0 0.998923 0.0463226 0.00253261 0 -2056.58 36.2962 -923.355 1 3
-0.00486832 0.077292 -0.996997 0 -0.0409181 0.996158 0.0774267 0 0.999151 0.0411722 -0.00168698 0 -2066.62 18.8013 -920.172 1 3
-0.00824857 0.0647546 -0.997867 0 -0.0351629 0.997265 0.0650062 0 0.999348 0.0356241 -0.00594906 0 -2076.6 7.31828 -915.88 1 3
-0.0120278 0.0528689 -0.998529 0 -0.0295639 0.998146 0.0532048 0 0.999491 0.0301603 -0.0104425 0 -2086.39 1.90919 -910.959 1 3
-0.0162358 0.0424157 -0.998968 0 -0.0240802 0.998793 0.0427996 0 0.999578 0.0247503 -0.0151948 0 -2095.9 0.730885 -905.894 1 3
-0.0206718 0.0339089 -0.999211 0 -0.0194133 0.999223 0.034311 0 0.999598 0.0201073 -0.0199975 0 -2104.78 1.36646 -901.633 1 3
-0.0250578 0.0273856 -0.999311 0 -0.0156202 0.999492 0.0277823 0 0.999564 0.0163056 -0.0246173 0 -2112.97 3.20666 -898.716 1 3
-0.0289336 0.022419 -0.99933 0 -0.0126875 0.99966 0.0227938 0 0.999501 0.0133385 -0.0286393 0 -2120.02 5.69659 -897.001 1 3
-0.0325408 0.0189943 -0.99929 0 -0.0105817 0.999757 0.0193477 0 0.999414 0.0112037 -0.0323319 0 -2126.34 8.13716 -896.179 1 3
-0.0362557 0.0162891 -0.99921 0 -0.00923928 0.999819 0.0166342 0 0.9993 0.00983506 -0.0360987 0 -2132.29 9.75957 -895.11 1 3
-0.0398839 0.0145021 -0.999099 0 -0.00825182 0.999856 0.0148425 0 0.99917 0.00883636 -0.0397585 0 -2137.75 11.347 -893.855 1 3
-0.0434944 0.0130196 -0.998969 0 -0.00731889 0.999884 0.0133502 0 0.999027 0.007892 -0.0433941 0 -2142.85 12.6726 -892.201 1 3
-0.0470547 0.0119265 -0.998821 0 -0.00670486 0.999902 0.0122553 0 0.99887 0.00727362 -0.0469702 0 -2147.41 13.6253 -890.112 1 3
-0.0503791 0.0112543 -0.998667 0 -0.00601551 0.999915 0.0115718 0 0.998712 0.00659047 -0.0503071 0 -2151.54 14.7002 -887.987 1 3
-0.0533264 0.0106238 -0.998521 0 -0.00549252 0.999925 0.0109321 0 0.998562 0.00606737 -0.0532641 0 -2155.15 15.4237 -886.149 1 3
-0.0559376 0.0100169 -0.998384 0 -0.00507498 0.999934 0.0103168 0 0.998421 0.00564388 -0.055883 0 -2158.29 15.8501 -884.763 1 3
-0.0579912 0.00958846 -0.998271 0 -0.00476856 0.99994 0.0098815 0 0.998306 0.00533335 -0.057942 0 -2160.94 16.148 -884.22 1 3
-0.0597954 0.00954004 -0.998165 0 -0.00446009 0.999942 0.0098242 0 0.998201 0.00503934 -0.0597494 0 -2163.41 16.6969 -884.003 1 3
-0.0611149 0.00964934 -0.998084 0 -0.00417985 0.999942 0.00992324 0 0.998122 0.0047783 -0.061071 0 -2165.41 17.1278 -884.554 1 3
-0.0622756 0.0098174 -0.998011 0 -0.0038607 0.999942 0.0100773 0 0.998052 0.00448059 -0.0622341 0 -2167.18 17.6121 -885.362 1 3
-0.0633267 0.0100328 -0.997942 0 -0.00348077 0.999941 0.0102738 0 0.997987 0.00412421 -0.063288 0 -2168.84 18.2513 -886.403 1 3
-0.0642617 0.0101867 -0.997881 0 -0.0031367 0.999941 0.0104097 0 0.997928 0.003799 -0.064226 0 -2170.5 18.8201 -887.555 1 3
-0.065138 0.010338 -0.997823 0 -0.00269303 0.999941 0.0105357 0 0.997873 0.00337344 -0.0651063 0 -2172.05 19.6013 -888.765 1 3
-0.0660791 0.0105103 -0.997759 0 -0.00236066 0.99994 0.0106896 0 0.997812 0.00306173 -0.0660503 0 -2173.48 20.1653 -889.727 1 3
-0.0670178 0.0106872 -0.997695 0 -0.0022712 0.999938 0.0108638 0 0.997749 0.00299403 -0.0669894 0 -2174.71 20.2283 -890.937 1 3
-0.0678349 0.0108688 -0.997637 0 -0.00225368 0.999936 0.0110471 0 0.997694 0.00299774 -0.0678061 0 -2175.83 20.2433 -892.279 1 3
-0.0685217 0.0111222 -0.997588 0 -0.0021537 0.999934 0.0112963 0 0.997647 0.00292254 -0.0684932 0 -2176.89 20.2397 -893.838 1 3
-0.0691472 0.0113002 -0.997542 0 -0.00214215 0.999932 0.0114758 0 0.997604 0.0029304 -0.0691183 0 -2177.9 20.0757 -895.421 1 3
-0.0696686 0.0114127 -0.997505 0 -0.00215346 0.999931 0.0115909 0 0.997568 0.0029556 -0.0696392 0 -2178.83 19.8287 -897.059 1 3
-0.0700995 0.0114778 -0.997474 0 -0.00214176 0.99993 0.0116565 0 0.997538 0.00295346 -0.07007 0 -2179.7 19.6307 -898.68 1 3
-0.070088 0.0130278 -0.997456 0 -0.00252037 0.999909 0.013237 0 0.997538 0.00344171 -0.0700488 0 -2182.11 20.1832 -901.895 1 3
-0.0701185 0.0141085 -0.997439 0 -0.00260801 0.999894 0.0143266 0 0.997535 0.00360589 -0.0700742 0 -2183.98 20.6644 -904.628 1 3
-0.0703266 0.0148993 -0.997413 0 -0.00264688 0.999882 0.0151228 0 0.997521 0.00370357 -0.0702788 0 -2185.61 20.8869 -906.719 1 3
-0.070649 0.0152667 -0.997384 0 -0.00262269 0.999877 0.0154906 0 0.997498 0.00371023 -0.0706002 0 -2187 21.0716 -908.304 1 3
-0.0710443 0.0155619 -0.997352 0 -0.00254232 0.999872 0.0157823 0 0.99747 0.00365683 -0.0709957 0 -2188.23 21.2851 -909.362 1 3
-0.0714616 0.0158122 -0.997318 0 -0.00251586 0.999868 0.0160329 0 0.99744 0.00365485 -0.0714124 0 -2189.25 21.3853 -910.211 1 3
-0.0718257 0.0159927 -0.997289 0 -0.00250638 0.999865 0.0162145 0 0.997414 0.0036642 -0.0717759 0 -2190.19 21.3744 -911.023 1 3
-0.0722134 0.0161277 -0.997259 0 -0.00251467 0.999863 0.0163519 0 0.997386 0.00368861 -0.072163 0 -2191.02 21.2677 -911.557 1 3
-0.0725316 0.0162325 -0.997234 0 -0.00252278 0.999861 0.0164588 0 0.997363 0.00370958 -0.0724806 0 -2191.68 21.1774 -912.103 1 3
-0.0727837 0.0162949 -0.997215 0 -0.00253813 0.99986 0.0165233 0 0.997345 0.00373369 -0.0727322 0 -2192.22 21.0594 -912.624 1 3
