0.99998 0.000166334 -0.00627131 0 -0.000166941 1 -9.62183e-05 0 0.00627129 9.72634e-05 0.99998 0 -0.258329 -0.245334 -0.206558 1 1
0.999926 0.000147967 -0.0121805 0 -0.000145486 1 0.000204573 0 0.0121805 -0.000202786 0.999926 0 0.666111 -0.389276 -0.0564839 1 1
0.999926 0.000147967 -0.0121805 0 -0.000145486 1 0.000204573 0 0.0121805 -0.000202786 0.999926 0 0.666111 -0.389276 -0.0564839 1 2
0.999926 0.000147967 -0.0121805 0 -0.000145486 1 0.000204573 0 0.0121805 -0.000202786 0.999926 0 0.666111 -0.389276 -0.0564839 1 2
0.999926 0.000147967 -0.0121805 0 -0.000145486 1 0.000204573 0 0.0121805 -0.000202786 0.999926 0 0.666111 -0.389276 -0.0564839 1 2
0.999926 0.000147967 -0.0121805 0 -0.000145486 1 0.000204573 0 0.0121805 -0.000202786 0.999926 0 0.666111 -0.389276 -0.0564839 1 2
0.999926 0.000147967 -0.0121805 0 -0.000145486 1 0.000204573 0 0.0121805 -0.000202786 0.999926 0 0.666111 -0.389276 -0.0564839 1 2
0.999926 0.000147967 -0.0121805 0 -0.000145486 1 0.000204573 0 0.0121805 -0.000202786 0.999926 0 0.666111 -0.389276 -0.0564839 1 2
0.999926 0.000147967 -0.0121805 0 -0.000145486 1 0.000204573 0 0.0121805 -0.000202786 0.999926 0 0.666111 -0.389276 -0.0564839 1 2
0.999926 0.000147967 -0.0121805 0 -0.000145486 1 0.000204573 0 0.0121805 -0.000202786 0.999926 0 0.666111 -0.389276 -0.0564839 1 2
0.999926 0.000147967 -0.0121805 0 -0.000145486 1 0.000204573 0 0.0121805 -0.000202786 0.999926 0 0.666111 -0.389276 -0.0564839 1 2
0.999926 0.000147967 -0.0121805 0 -0.000145486 1 0.000204573 0 0.0121805 -0.000202786 0.999926 0 0.666111 -0.389276 -0.0564839 1 2
0.999926 0.000147967 -0.0121805 0 -0.000145486 1 0.000204573 0 0.0121805 -0.000202786 0.999926 0 0.666111 -0.389276 -0.0564839 1 2
0.999926 0.000147967 -0.0121805 0 -0.000145486 1 0.000204573 0 0.0121805 -0.000202786 0.999926 0 0.666111 -0.389276 -0.0564839 1 2
0.999926 0.000147967 -0.0121805 0 -0.000145486 1 0.000204573 0 0.0121805 -0.000202786 0.999926 0 0.666111 -0.389276 -0.0564839 1 2
0.999926 0.000147967 -0.0121805 0 -0.000145486 1 0.000204573 0 0.0121805 -0.000202786 0.999926 0 0.666111 -0.389276 -0.0564839 1 2
0.999926 0.000147967 -0.0121805 0 -0.000145486 1 0.000204573 0 0.0121805 -0.000202786 0.999926 0 0.666111 -0.389276 -0.0564839 1 2
0.999926 0.000147967 -0.0121805 0 -0.000145486 1 0.000204573 0 0.0121805 -0.000202786 0.999926 0 0.666111 -0.389276 -0.0564839 1 2
0.999926 0.000147967 -0.0121805 0 -0.000145486 1 0.000204573 0 0.0121805 -0.000202786 0.999926 0 0.666111 -0.389276 -0.0564839 1 2
0.999926 0.000147967 -0.0121805 0 -0.000145486 1 0.000204573 0 0.0121805 -0.000202786 0.999926 0 0.666111 -0.389276 -0.0564839 1 2
0.999926 0.000147967 -0.0121805 0 -0.000145486 1 0.000204573 0 0.0121805 -0.000202786 0.999926 0 0.666111 -0.389276 -0.0564839 1 2
0.999926 0.000147967 -0.0121805 0 -0.000145486 1 0.000204573 0 0.0121805 -0.000202786 0.999926 0 0.666111 -0.389276 -0.0564839 1 2
0.999926 0.000147967 -0.0121805 0 -0.000145486 1 0.000204573 0 0.0121805 -0.000202786 0.999926 0 0.666111 -0.389276 -0.0564839 1 2
0.999926 0.000147967 -0.0121805 0 -0.000145486 1 0.000204573 0 0.0121805 -0.000202786 0.999926 0 0.666111 -0.389276 -0.0564839 1 2
0.999926 0.000147967 -0.0121805 0 -0.000145486 1 0.000204573 0 0.0121805 -0.000202786 0.999926 0 0.666111 -0.389276 -0.0564839 1 2
0.999926 0.000147967 -0.0121805 0 -0.000145486 1 0.000204573 0 0.0121805 -0.000202786 0.999926 0 0.666111 -0.389276 -0.0564839 1 2
0.999926 0.000147967 -0.0121805 0 -0.000145486 1 0.000204573 0 0.0121805 -0.000202786 0.999926 0 0.666111 -0.389276 -0.0564839 1 2
0.999926 0.000147967 -0.0121805 0 -0.000145486 1 0.000204573 0 0.0121805 -0.000202786 0.999926 0 0.666111 -0.389276 -0.0564839 1 2
0.999926 0.000147967 -0.0121805 0 -0.000145486 1 0.000204573 0 0.0121805 -0.000202786 0.999926 0 0.666111 -0.389276 -0.0564839 1 2
0.999926 0.000147967 -0.0121805 0 -0.000145486 1 0.000204573 0 0.0121805 -0.000202786 0.999926 0 0.666111 -0.389276 -0.0564839 1 2
0.999926 0.000147967 -0.0121805 0 -0.000145486 1 0.000204573 0 0.0121805 -0.000202786 0.999926 0 0.666111 -0.389276 -0.0564839 1 2
0.999926 0.000147967 -0.0121805 0 -0.000145486 1 0.000204573 0 0.0121805 -0.000202786 0.999926 0 0.666111 -0.389276 -0.0564839 1 2
0.999926 0.000147967 -0.0121805 0 -0.000145486 1 0.000204573 0 0.0121805 -0.000202786 0.999926 0 0.666111 -0.389276 -0.0564839 1 2
0.999926 0.000147967 -0.0121805 0 -0.000145486 1 0.000204573 0 0.0121805 -0.000202786 0.999926 0 0.666111 -0.389276 -0.0564839 1 2
0.999926 0.000147967 -0.0121805 0 -0.000145486 1 0.000204573 0 0.0121805 -0.000202786 0.999926 0 0.666111 -0.389276 -0.0564839 1 2
0.999926 0.000147967 -0.0121805 0 -0.000145486 1 0.000204573 0 0.0121805 -0.000202786 0.999926 0 0.666111 -0.389276 -0.0564839 1 2
0.999926 0.000147967 -0.0121805 0 -0.000145486 1 0.000204573 0 0.0121805 -0.000202786 0.999926 0 0.666111 -0.389276 -0.0564839 1 2
0.999926 0.000147967 -0.0121805 0 -0.000145486 1 0.000204573 0 0.0121805 -0.000202786 0.999926 0 0.666111 -0.389276 -0.0564839 1 2
0.999926 0.000147967 -0.0121805 0 -0.000145486 1 0.000204573 0 0.0121805 -0.000202786 0.999926 0 0.666111 -0.389276 -0.0564839 1 2
0.999926 0.000147967 -0.0121805 0 -0.000145486 1 0.000204573 0 0.0121805 -0.000202786 0.999926 0 0.666111 -0.389276 -0.0564839 1 2
0.999926 0.000147967 -0.0121805 0 -0.000145486 1 0.000204573 0 0.0121805 -0.000202786 0.999926 0 0.666111 -0.389276 -0.0564839 1 2
0.999926 0.000147967 -0.0121805 0 -0.000145486 1 0.000204573 0 0.0121805 -0.000202786 0.999926 0 0.666111 -0.389276 -0.0564839 1 2
0.999926 0.000147967 -0.0121805 0 -0.000145486 1 0.000204573 0 0.0121805 -0.000202786 0.999926 0 0.666111 -0.389276 -0.0564839 1 2
0.999926 0.000147967 -0.0121805 0 -0.000145486 1 0.000204573 0 0.0121805 -0.000202786 0.999926 0 0.666111 -0.389276 -0.0564839 1 2
0.999926 0.000147967 -0.0121805 0 -0.000145486 1 0.000204573 0 0.0121805 -0.000202786 0.999926 0 0.666111 -0.389276 -0.0564839 1 2
0.999926 0.000147967 -0.0121805 0 -0.000145486 1 0.000204573 0 0.0121805 -0.000202786 0.999926 0 0.666111 -0.389276 -0.0564839 1 2
0.999926 0.000147967 -0.0121805 0 -0.000145486 1 0.000204573 0 0.0121805 -0.000202786 0.999926 0 0.666111 -0.389276 -0.0564839 1 2
0.999926 0.000147967 -0.0121805 0 -0.000145486 1 0.000204573 0 0.0121805 -0.000202786 0.999926 0 0.666111 -0.389276 -0.0564839 1 2
0.999926 0.000147967 -0.0121805 0 -0.000145486 1 0.000204573 0 0.0121805 -0.000202786 0.999926 0 0.666111 -0.389276 -0.0564839 1 2
0.999926 0.000147967 -0.0121805 0 -0.000145486 1 0.000204573 0 0.0121805 -0.000202786 0.999926 0 0.666111 -0.389276 -0.0564839 1 2
0.999926 0.000147967 -0.0121805 0 -0.000145486 1 0.000204573 0 0.0121805 -0.000202786 0.999926 0 0.666111 -0.389276 -0.0564839 1 2
0.999926 0.000147967 -0.0121805 0 -0.000145486 1 0.000204573 0 0.0121805 -0.000202786 0.999926 0 0.666111 -0.389276 -0.0564839 1 2
0.999926 0.000147967 -0.0121805 0 -0.000145486 1 0.000204573 0 0.0121805 -0.000202786 0.999926 0 0.666111 -0.389276 -0.0564839 1 2
0.999926 0.000147967 -0.0121805 0 -0.000145486 1 0.000204573 0 0.0121805 -0.000202786 0.999926 0 0.666111 -0.389276 -0.0564839 1 2
0.999926 0.000147967 -0.0121805 0 -0.000145486 1 0.000204573 0 0.0121805 -0.000202786 0.999926 0 0.666111 -0.389276 -0.0564839 1 2
0.999926 0.000147967 -0.0121805 0 -0.000145486 1 0.000204573 0 0.0121805 -0.000202786 0.999926 0 0.666111 -0.389276 -0.0564839 1 2
0.999926 0.000147967 -0.0121805 0 -0.000145486 1 0.000204573 0 0.0121805 -0.000202786 0.999926 0 0.666111 -0.389276 -0.0564839 1 2
0.999926 0.000147967 -0.0121805 0 -0.000145486 1 0.000204573 0 0.0121805 -0.000202786 0.999926 0 0.666111 -0.389276 -0.0564839 1 2
0.999926 0.000147967 -0.0121805 0 -0.000145486 1 0.000204573 0 0.0121805 -0.000202786 0.999926 0 0.666111 -0.389276 -0.0564839 1 2
0.999926 0.000147967 -0.0121805 0 -0.000145486 1 0.000204573 0 0.0121805 -0.000202786 0.999926 0 0.666111 -0.389276 -0.0564839 1 2
0.999926 0.000147967 -0.0121805 0 -0.000145486 1 0.000204573 0 0.0121805 -0.000202786 0.999926 0 0.666111 -0.389276 -0.0564839 1 2
0.999926 0.000147967 -0.0121805 0 -0.000145486 1 0.000204573 0 0.0121805 -0.000202786 0.999926 0 0.666111 -0.389276 -0.0564839 1 2
0.999926 0.000147967 -0.0121805 0 -0.000145486 1 0.000204573 0 0.0121805 -0.000202786 0.999926 0 0.666111 -0.389276 -0.0564839 1 2
0.999926 0.000147967 -0.0121805 0 -0.000145486 1 0.000204573 0 0.0121805 -0.000202786 0.999926 0 0.666111 -0.389276 -0.0564839 1 2
0.999926 0.000147967 -0.0121805 0 -0.000145486 1 0.000204573 0 0.0121805 -0.000202786 0.999926 0 0.666111 -0.389276 -0.0564839 1 2
0.999926 0.000147967 -0.0121805 0 -0.000145486 1 0.000204573 0 0.0121805 -0.000202786 0.999926 0 0.666111 -0.389276 -0.0564839 1 2
0.999926 0.000147967 -0.0121805 0 -0.000145486 1 0.000204573 0 0.0121805 -0.000202786 0.999926 0 0.666111 -0.389276 -0.0564839 1 2
0.999926 0.000147967 -0.0121805 0 -0.000145486 1 0.000204573 0 0.0121805 -0.000202786 0.999926 0 0.666111 -0.389276 -0.0564839 1 2
0.999926 0.000147967 -0.0121805 0 -0.000145486 1 0.000204573 0 0.0121805 -0.000202786 0.999926 0 0.666111 -0.389276 -0.0564839 1 2
0.999926 0.000147967 -0.0121805 0 -0.000145486 1 0.000204573 0 0.0121805 -0.000202786 0.999926 0 0.666111 -0.389276 -0.0564839 1 2
0.999926 0.000147967 -0.0121805 0 -0.000145486 1 0.000204573 0 0.0121805 -0.000202786 0.999926 0 0.666111 -0.389276 -0.0564839 1 2
0.999926 0.000147967 -0.0121805 0 -0.000145486 1 0.000204573 0 0.0121805 -0.000202786 0.999926 0 0.666111 -0.389276 -0.0564839 1 2
0.999926 0.000147967 -0.0121805 0 -0.000145486 1 0.000204573 0 0.0121805 -0.000202786 0.999926 0 0.666111 -0.389276 -0.0564839 1 2
0.999926 0.000147967 -0.0121805 0 -0.000145486 1 0.000204573 0 0.0121805 -0.000202786 0.999926 0 0.666111 -0.389276 -0.0564839 1 2
0.999926 0.000147967 -0.0121805 0 -0.000145486 1 0.000204573 0 0.0121805 -0.000202786 0.999926 0 0.666111 -0.389276 -0.0564839 1 2
0.999926 0.000147967 -0.0121805 0 -0.000145486 1 0.000204573 0 0.0121805 -0.000202786 0.999926 0 0.666111 -0.389276 -0.0564839 1 2
0.999926 0.000147967 -0.0121805 0 -0.000145486 1 0.000204573 0 0.0121805 -0.000202786 0.999926 0 0.666111 -0.389276 -0.0564839 1 2
0.999926 0.000147967 -0.0121805 0 -0.000145486 1 0.000204573 0 0.0121805 -0.000202786 0.999926 0 0.666111 -0.389276 -0.0564839 1 2
0.999926 0.000147967 -0.0121805 0 -0.000145486 1 0.000204573 0 0.0121805 -0.000202786 0.999926 0 0.666111 -0.389276 -0.0564839 1 2
0.999926 0.000147967 -0.0121805 0 -0.000145486 1 0.000204573 0 0.0121805 -0.000202786 0.999926 0 0.666111 -0.389276 -0.0564839 1 2
0.999926 0.000147967 -0.0121805 0 -0.000145486 1 0.000204573 0 0.0121805 -0.000202786 0.999926 0 0.666111 -0.389276 -0.0564839 1 2
0.999926 0.000147967 -0.0121805 0 -0.000145486 1 0.000204573 0 0.0121805 -0.000202786 0.999926 0 0.666111 -0.389276 -0.0564839 1 2
0.999926 0.000147967 -0.0121805 0 -0.000145486 1 0.000204573 0 0.0121805 -0.000202786 0.999926 0 0.666111 -0.389276 -0.0564839 1 2
0.999926 0.000147967 -0.0121805 0 -0.000145486 1 0.000204573 0 0.0121805 -0.000202786 0.999926 0 0.666111 -0.389276 -0.0564839 1 2
0.999926 0.000147967 -0.0121805 0 -0.000145486 1 0.000204573 0 0.0121805 -0.000202786 0.999926 0 0.666111 -0.389276 -0.0564839 1 2
0.999926 0.000147967 -0.0121805 0 -0.000145486 1 0.000204573 0 0.0121805 -0.000202786 0.999926 0 0.666111 -0.389276 -0.0564839 1 2
0.999926 0.000147967 -0.0121805 0 -0.000145486 1 0.000204573 0 0.0121805 -0.000202786 0.999926 0 0.666111 -0.389276 -0.0564839 1 2
0.999926 0.000147967 -0.0121805 0 -0.000145486 1 0.000204573 0 0.0121805 -0.000202786 0.999926 0 0.666111 -0.389276 -0.0564839 1 2
0.999926 0.000147967 -0.0121805 0 -0.000145486 1 0.000204573 0 0.0121805 -0.000202786 0.999926 0 0.666111 -0.389276 -0.0564839 1 2
0.999926 0.000147967 -0.0121805 0 -0.000145486 1 0.000204573 0 0.0121805 -0.000202786 0.999926 0 0.666111 -0.389276 -0.0564839 1 2
0.999926 0.000147967 -0.0121805 0 -0.000145486 1 0.000204573 0 0.0121805 -0.000202786 0.999926 0 0.666111 -0.389276 -0.0564839 1 2
0.999926 0.000147967 -0.0121805 0 -0.000145486 1 0.000204573 0 0.0121805 -0.000202786 0.999926 0 0.666111 -0.389276 -0.0564839 1 2
0.999926 0.000147967 -0.0121805 0 -0.000145486 1 0.000204573 0 0.0121805 -0.000202786 0.999926 0 0.666111 -0.389276 -0.0564839 1 2
0.999926 0.000147967 -0.0121805 0 -0.000145486 1 0.000204573 0 0.0121805 -0.000202786 0.999926 0 0.666111 -0.389276 -0.0564839 1 2
0.999926 0.000147967 -0.0121805 0 -0.000145486 1 0.000204573 0 0.0121805 -0.000202786 0.999926 0 0.666111 -0.389276 -0.0564839 1 2
0.999926 0.000147967 -0.0121805 0 -0.000145486 1 0.000204573 0 0.0121805 -0.000202786 0.999926 0 0.666111 -0.389276 -0.0564839 1 2
0.999926 0.000147967 -0.0121805 0 -0.000145486 1 0.000204573 0 0.0121805 -0.000202786 0.999926 0 0.666111 -0.389276 -0.0564839 1 2
0.999926 0.000147967 -0.0121805 0 -0.000145486 1 0.000204573 0 0.0121805 -0.000202786 0.999926 0 0.666111 -0.389276 -0.0564839 1 2
0.999926 0.000147967 -0.0121805 0 -0.000145486 1 0.000204573 0 0.0121805 -0.000202786 0.999926 0 0.666111 -0.389276 -0.0564839 1 2
0.999926 0.000147967 -0.0121805 0 -0.000145486 1 0.000204573 0 0.0121805 -0.000202786 0.999926 0 0.666111 -0.389276 -0.0564839 1 2
0.999926 0.000147967 -0.0121805 0 -0.000145486 1 0.000204573 0 0.0121805 -0.000202786 0.999926 0 0.666111 -0.389276 -0.0564839 1 2
0.999926 0.000147967 -0.0121805 0 -0.000145486 1 0.000204573 0 0.0121805 -0.000202786 0.999926 0 0.666111 -0.389276 -0.0564839 1 2
0.999926 0.000147967 -0.0121805 0 -0.000145486 1 0.000204573 0 0.0121805 -0.000202786 0.999926 0 0.666111 -0.389276 -0.0564839 1 2
0.999926 0.000147967 -0.0121805 0 -0.000145486 1 0.000204573 0 0.0121805 -0.000202786 0.999926 0 0.666111 -0.389276 -0.0564839 1 2
0.999926 0.000147967 -0.0121805 0 -0.000145486 1 0.000204573 0 0.0121805 -0.000202786 0.999926 0 0.666111 -0.389276 -0.0564839 1 2
0.999926 0.000147967 -0.0121805 0 -0.000145486 1 0.000204573 0 0.0121805 -0.000202786 0.999926 0 0.666111 -0.389276 -0.0564839 1 2
0.999926 0.000147967 -0.0121805 0 -0.000145486 1 0.000204573 0 0.0121805 -0.000202786 0.999926 0 0.666111 -0.389276 -0.0564839 1 2
0.999926 0.000147967 -0.0121805 0 -0.000145486 1 0.000204573 0 0.0121805 -0.000202786 0.999926 0 0.666111 -0.389276 -0.0564839 1 2
0.999926 0.000147967 -0.0121805 0 -0.000145486 1 0.000204573 0 0.0121805 -0.000202786 0.999926 0 0.666111 -0.389276 -0.0564839 1 2
0.999926 0.000147967 -0.0121805 0 -0.000145486 1 0.000204573 0 0.0121805 -0.000202786 0.999926 0 0.666111 -0.389276 -0.0564839 1 2
0.999926 0.000147967 -0.0121805 0 -0.000145486 1 0.000204573 0 0.0121805 -0.000202786 0.999926 0 0.666111 -0.389276 -0.0564839 1 2
0.999926 0.000147967 -0.0121805 0 -0.000145486 1 0.000204573 0 0.0121805 -0.000202786 0.999926 0 0.666111 -0.389276 -0.0564839 1 2
0.999926 0.000147967 -0.0121805 0 -0.000145486 1 0.000204573 0 0.0121805 -0.000202786 0.999926 0 0.666111 -0.389276 -0.0564839 1 2
0.999926 0.000147967 -0.0121805 0 -0.000145486 1 0.000204573 0 0.0121805 -0.000202786 0.999926 0 0.666111 -0.389276 -0.0564839 1 2
0.999926 0.000147967 -0.0121805 0 -0.000145486 1 0.000204573 0 0.0121805 -0.000202786 0.999926 0 0.666111 -0.389276 -0.0564839 1 2
0.999926 0.000147967 -0.0121805 0 -0.000145486 1 0.000204573 0 0.0121805 -0.000202786 0.999926 0 0.666111 -0.389276 -0.0564839 1 2
0.999926 0.000147967 -0.0121805 0 -0.000145486 1 0.000204573 0 0.0121805 -0.000202786 0.999926 0 0.666111 -0.389276 -0.0564839 1 2
0.999926 0.000147967 -0.0121805 0 -0.000145486 1 0.000204573 0 0.0121805 -0.000202786 0.999926 0 0.666111 -0.389276 -0.0564839 1 2
0.999926 0.000147967 -0.0121805 0 -0.000145486 1 0.000204573 0 0.0121805 -0.000202786 0.999926 0 0.666111 -0.389276 -0.0564839 1 2
0.999926 0.000147967 -0.0121805 0 -0.000145486 1 0.000204573 0 0.0121805 -0.000202786 0.999926 0 0.666111 -0.389276 -0.0564839 1 2
0.999926 0.000147967 -0.0121805 0 -0.000145486 1 0.000204573 0 0.0121805 -0.000202786 0.999926 0 0.666111 -0.389276 -0.0564839 1 2
0.999926 0.000147967 -0.0121805 0 -0.000145486 1 0.000204573 0 0.0121805 -0.000202786 0.999926 0 0.666111 -0.389276 -0.0564839 1 2
0.999926 0.000147967 -0.0121805 0 -0.000145486 1 0.000204573 0 0.0121805 -0.000202786 0.999926 0 0.666111 -0.389276 -0.0564839 1 2
0.999926 0.000147967 -0.0121805 0 -0.000145486 1 0.000204573 0 0.0121805 -0.000202786 0.999926 0 0.666111 -0.389276 -0.0564839 1 2
0.999926 0.000147967 -0.0121805 0 -0.000145486 1 0.000204573 0 0.0121805 -0.000202786 0.999926 0 0.666111 -0.389276 -0.0564839 1 2
0.999926 0.000147967 -0.0121805 0 -0.000145486 1 0.000204573 0 0.0121805 -0.000202786 0.999926 0 0.666111 -0.389276 -0.0564839 1 2
0.999926 0.000147967 -0.0121805 0 -0.000145486 1 0.000204573 0 0.0121805 -0.000202786 0.999926 0 0.666111 -0.389276 -0.0564839 1 2
0.999926 0.000147967 -0.0121805 0 -0.000145486 1 0.000204573 0 0.0121805 -0.000202786 0.999926 0 0.666111 -0.389276 -0.0564839 1 2
0.999937 0.000721659 -0.0112147 0 -0.000721914 1 -1.86173e-05 0 0.0112147 2.67122e-05 0.999937 0 1.00879 -0.50188 -0.232647 1 3
0.99994 0.000954998 -0.01092 0 -0.000955441 1 -3.53788e-05 0 0.01092 4.58101e-05 0.99994 0 1.24348 -0.440724 -0.319486 1 3
0.999941 0.00112393 -0.0107999 0 -0.00112438 0.999999 -3.52308e-05 0 0.0107998 4.73718e-05 0.999942 0 1.4066 -0.426642 -0.352962 1 3
0.999941 0.0012684 -0.0107664 0 -0.00126956 0.999999 -0.000101657 0 0.0107662 0.000115319 0.999942 0 1.48886 -0.493602 -0.380034 1 3
0.999941 0.00134539 -0.0108172 0 -0.00134732 0.999999 -0.000171198 0 0.010817 0.000185762 0.999941 0 1.50656 -0.531864 -0.389134 1 3
0.99994 0.00114911 -0.0109135 0 -0.00115061 0.999999 -0.000130917 0 0.0109134 0.000143466 0.99994 0 1.44172 -0.484941 -0.439294 1 3
0.99994 0.00115074 -0.0109313 0 -0.00115161 0.999999 -7.29025e-05 0 0.0109313 8.54867e-05 0.99994 0 1.45475 -0.36068 -0.574644 1 3
0.99994 0.00121932 -0.0109249 0 -0.00121791 0.999999 0.000135212 0 0.010925 -0.000121898 0.99994 0 1.48898 -0.182915 -0.694671 1 3
0.999939 0.00127626 -0.0109278 0 -0.00127344 0.999999 0.000264898 0 0.0109281 -0.000250966 0.99994 0 1.6508 -0.0615494 -0.740578 1 3
0.99994 0.00124649 -0.0109188 0 -0.00124235 0.999999 0.000386165 0 0.0109192 -0.000372577 0.99994 0 1.71143 0.0280344 -0.778449 1 3
0.999941 0.00120183 -0.01083 0 -0.00119694 0.999999 0.000457663 0 0.0108306 -0.000444673 0.999941 0 1.71964 0.0598102 -0.809076 1 3
0.999941 0.00120746 -0.010767 0 -0.00120242 0.999999 0.000474327 0 0.0107676 -0.000461353 0.999942 0 1.6663 0.0105693 -0.830825 1 3
0.999943 0.00115304 -0.0106153 0 -0.00114826 0.999999 0.00045575 0 0.0106158 -0.000443535 0.999944 0 1.64818 -0.0441059 -0.819389 1 3
0.999943 0.00117284 -0.0106173 0 -0.00116842 0.999999 0.000422434 0 0.0106178 -0.000410004 0.999944 0 1.66176 -0.0745598 -0.855458 1 3
0.999942 0.00121088 -0.0106883 0 -0.00120685 0.999999 0.000383816 0 0.0106887 -0.000370895 0.999943 0 1.65478 -0.0917099 -0.903172 1 3
0.999941 0.00123918 -0.0107723 0 -0.00123539 0.999999 0.00035767 0 0.0107727 -0.000344341 0.999942 0 1.66858 -0.101065 -0.954645 1 3
0.999941 0.00123343 -0.0108108 0 -0.00123035 0.999999 0.00029225 0 0.0108111 -0.000278932 0.999942 0 1.71997 -0.159406 -1.02813 1 3
0.999941 0.00118683 -0.0107585 0 -0.00118498 0.999999 0.000177603 0 0.0107587 -0.000164844 0.999942 0 1.61766 -0.229812 -1.00305 1 3
0.999941 0.00115434 -0.0107599 0 -0.00115301 0.999999 0.000130222 0 0.0107601 -0.000117808 0.999942 0 1.59567 -0.249691 -0.929174 1 3
0.999941 0.00112513 -0.0107678 0 -0.0011244 0.999999 7.3218e-05 0 0.0107679 -6.11063e-05 0.999942 0 1.54849 -0.262255 -0.911901 1 3
0.999942 0.00114523 -0.0107347 0 -0.00114496 0.999999 3.16656e-05 0 0.0107347 -1.9373e-05 0.999942 0 1.54425 -0.250125 -0.895358 1 3
0.999942 0.00120527 -0.0106719 0 -0.00120472 0.999999 5.84586e-05 0 0.010672 -4.55986e-05 0.999943 0 1.54319 -0.233107 -0.895037 1 3
0.999942 0.00121144 -0.0106753 0 -0.00121068 0.999999 7.79224e-05 0 0.0106754 -6.49936e-05 0.999943 0 1.49745 -0.196768 -0.937854 1 3
0.999943 0.00122876 -0.0106232 0 -0.00122799 0.999999 7.84123e-05 0 0.0106233 -6.53626e-05 0.999944 0 1.47055 -0.170769 -0.95546 1 3
0.999944 0.00120351 -0.0105561 0 -0.0012022 0.999999 0.000130294 0 0.0105563 -0.000117596 0.999944 0 1.48923 -0.186595 -0.973295 1 3
0.999944 0.00114285 -0.0104906 0 -0.00114099 0.999999 0.000183412 0 0.0104908 -0.000171432 0.999945 0 1.51643 -0.1916 -1.01273 1 3
0.999945 0.00111517 -0.0104291 0 -0.00111293 0.999999 0.000220102 0 0.0104294 -0.000208483 0.999946 0 1.54891 -0.195596 -1.04574 1 3
0.999945 0.00113443 -0.0103944 0 -0.00113185 0.999999 0.000254368 0 0.0103947 -0.000242589 0.999946 0 1.58406 -0.194324 -1.06237 1 3
0.999946 0.00112124 -0.0103656 0 -0.00111836 0.999999 0.000282789 0 0.010366 -0.000271181 0.999946 0 1.61987 -0.198957 -1.05128 1 3
0.999946 0.00101692 -0.0103757 0 -0.00101444 0.999999 0.000244114 0 0.0103759 -0.000233575 0.999946 0 1.60603 -0.225917 -0.907418 1 3
0.999946 0.000940848 -0.0103415 0 -0.000938271 1 0.000254015 0 0.0103417 -0.000244298 0.999946 0 1.57035 -0.223292 -0.850872 1 3
0.999947 0.000897399 -0.0102757 0 -0.000895009 1 0.000237197 0 0.0102759 -0.000227987 0.999947 0 1.57245 -0.235925 -0.753177 1 3
0.999947 0.000913875 -0.010262 0 -0.000911699 1 0.000216706 0 0.0102622 -0.000207339 0.999947 0 1.58681 -0.228849 -0.707033 1 3
0.999947 0.000905097 -0.0102576 0 -0.000902824 1 0.000226154 0 0.0102578 -0.000216881 0.999947 0 1.59089 -0.233715 -0.679667 1 3
0.999947 0.000890294 -0.0102588 0 -0.000888182 1 0.000210452 0 0.010259 -0.000201329 0.999947 0 1.59517 -0.254437 -0.660693 1 3
0.999944 0.000977627 -0.0105177 0 -0.000974333 0.999999 0.000318263 0 0.010518 -0.000307998 0.999945 0 1.56795 -0.187619 -0.629289 1 3
0.999944 0.00100528 -0.0105337 0 -0.00100126 0.999999 0.000387169 0 0.0105341 -0.0003766 0.999944 0 1.54709 -0.176166 -0.63071 1 3
0.999944 0.00104731 -0.0105412 0 -0.00104307 0.999999 0.000407912 0 0.0105416 -0.000396893 0.999944 0 1.54046 -0.161535 -0.5803 1 3
0.999944 0.00107465 -0.0105317 0 -0.00107059 0.999999 0.000391364 0 0.0105321 -0.000380067 0.999944 0 1.53883 -0.149837 -0.521778 1 3
0.999944 0.00110115 -0.0105243 0 -0.00109731 0.999999 0.000370459 0 0.0105247 -0.000358889 0.999945 0 1.56401 -0.151221 -0.499554 1 3
0.999944 0.00111684 -0.0105624 0 -0.00111269 0.999999 0.000398835 0 0.0105628 -0.00038706 0.999944 0 1.59267 -0.147641 -0.515039 1 3
0.999943 0.00113866 -0.0105807 0 -0.00113451 0.999999 0.000397852 0 0.0105811 -0.000385826 0.999944 0 1.59976 -0.148369 -0.536118 1 3
0.999943 0.00113801 -0.0105893 0 -0.00113397 0.999999 0.000387415 0 0.0105897 -0.000375385 0.999944 0 1.62483 -0.156506 -0.560935 1 3
0.999943 0.00112795 -0.0105794 0 -0.00112372 0.999999 0.000405546 0 0.0105799 -0.000393635 0.999944 0 1.62542 -0.159001 -0.589958 1 3
0.999944 0.00113629 -0.0105595 0 -0.00113202 0.999999 0.000410745 0 0.01056 -0.000398769 0.999944 0 1.62991 -0.150629 -0.590511 1 3
