0.0844222 0 0.99643 0 0 1 0 0 -0.99643 0 0.0844222 0 -2128.15 0 427.575 1 0
0.0844222 0 0.99643 0 0 1 0 0 -0.99643 0 0.0844222 0 -2128.15 0 427.575 1 0
0.0844222 0 0.99643 0 0 1 0 0 -0.99643 0 0.0844222 0 -2128.15 0 427.575 1 0
0.0844222 0 0.99643 0 0 1 0 0 -0.99643 0 0.0844222 0 -2128.15 0 427.575 1 0
0.0844222 0 0.99643 0 0 1 0 0 -0.99643 0 0.0844222 0 -2128.15 0 427.575 1 0
0.0844222 0 0.99643 0 0 1 0 0 -0.99643 0 0.0844222 0 -2128.15 0 427.575 1 0
0.0844222 0 0.99643 0 0 1 0 0 -0.99643 0 0.0844222 0 -2128.15 0 427.575 1 0
0.0844222 0 0.99643 0 0 1 0 0 -0.99643 0 0.0844222 0 -2128.15 0 427.575 1 0
0.0844222 0 0.99643 0 0 1 0 0 -0.99643 0 0.0844222 0 -2128.15 0 427.575 1 0
0.0844222 0 0.99643 0 0 1 0 0 -0.99643 0 0.0844222 0 -2128.15 0 427.575 1 0
0.0844222 0 0.99643 0 0 1 0 0 -0.99643 0 0.0844222 0 -2128.15 0 427.575 1 0
0.0844222 0 0.99643 0 0 1 0 0 -0.99643 0 0.0844222 0 -2128.15 0 427.575 1 0
0.0844222 0 0.99643 0 0 1 0 0 -0.99643 0 0.0844222 0 -2128.15 0 427.575 1 0
0.0844222 0 0.99643 0 0 1 0 0 -0.99643 0 0.0844222 0 -2128.15 0 427.575 1 0
0.0844222 0 0.99643 0 0 1 0 0 -0.99643 0 0.0844222 0 -2128.15 0 427.575 1 0
0.0844222 0 0.99643 0 0 1 0 0 -0.99643 0 0.0844222 0 -2128.15 0 427.575 1 0
0.0844222 0 0.99643 0 0 1 0 0 -0.99643 0 0.0844222 0 -2128.15 0 427.575 1 0
0.0844222 0 0.99643 0 0 1 0 0 -0.99643 0 0.0844222 0 -2128.15 0 427.575 1 0
0.0844222 0 0.99643 0 0 1 0 0 -0.99643 0 0.0844222 0 -2128.15 0 427.575 1 0
0.0844222 0 0.99643 0 0 1 0 0 -0.99643 0 0.0844222 0 -2128.15 0 427.575 1 0
0.0844222 0 0.99643 0 0 1 0 0 -0.99643 0 0.0844222 0 -2128.15 0 427.575 1 0
0.0844222 0 0.99643 0 0 1 0 0 -0.99643 0 0.0844222 0 -2128.15 0 427.575 1 0
0.0844222 0 0.99643 0 0 1 0 0 -0.99643 0 0.0844222 0 -2128.15 0 427.575 1 0
0.0844222 0 0.99643 0 0 1 0 0 -0.99643 0 0.0844222 0 -2128.15 0 427.575 1 0
0.0844222 0 0.99643 0 0 1 0 0 -0.99643 0 0.0844222 0 -2128.15 0 427.575 1 0
0.0844222 0 0.99643 0 0 1 0 0 -0.99643 0 0.0844222 0 -2128.15 0 427.575 1 0
0.0844222 0 0.99643 0 0 1 0 0 -0.99643 0 0.0844222 0 -2128.15 0 427.575 1 0
0.0844222 0 0.99643 0 0 1 0 0 -0.99643 0 0.0844222 0 -2128.15 0 427.575 1 0
0.0844222 0 0.99643 0 0 1 0 0 -0.99643 0 0.0844222 0 -2128.15 0 427.575 1 0
0.0844222 0 0.99643 0 0 1 0 0 -0.99643 0 0.0844222 0 -2128.15 0 427.575 1 0
0.0844222 0 0.99643 0 0 1 0 0 -0.99643 0 0.0844222 0 -2128.15 0 427.575 1 0
0.0844222 0 0.99643 0 0 1 0 0 -0.99643 0 0.0844222 0 -2128.15 0 427.575 1 0
0.114283 -0.0566481 0.991832 0 -0.0149352 0.998162 0.0587305 0 -0.993336 -0.0215251 0.113226 0 -1828.41 -42.6359 1138.88 1 1
0.106423 -0.0571643 0.992676 0 -0.0153415 0.998133 0.0591233 0 -0.994203 -0.0215212 0.105348 0 -1834.74 -46.5139 1205.66 1 1
0.106423 -0.0571643 0.992676 0 -0.0153415 0.998133 0.0591233 0 -0.994203 -0.0215212 0.105348 0 -1834.74 -46.5139 1205.66 1 2
0.106423 -0.0571643 0.992676 0 -0.0153415 0.998133 0.0591233 0 -0.994203 -0.0215212 0.105348 0 -1834.74 -46.5139 1205.66 1 2
0.106423 -0.0571643 0.992676 0 -0.0153415 0.998133 0.0591233 0 -0.994203 -0.0215212 0.105348 0 -1834.74 -46.5139 1205.66 1 2
0.106423 -0.0571643 0.992676 0 -0.0153415 0.998133 0.0591233 0 -0.994203 -0.0215212 0.105348 0 -1834.74 -46.5139 1205.66 1 2
0.106423 -0.0571643 0.992676 0 -0.0153415 0.998133 0.0591233 0 -0.994203 -0.0215212 0.105348 0 -1834.74 -46.5139 1205.66 1 2
0.106423 -0.0571643 0.992676 0 -0.0153415 0.998133 0.0591233 0 -0.994203 -0.0215212 0.105348 0 -1834.74 -46.5139 1205.66 1 2
0.106423 -0.0571643 0.992676 0 -0.0153415 0.998133 0.0591233 0 -0.994203 -0.0215212 0.105348 0 -1834.74 -46.5139 1205.66 1 2
0.106423 -0.0571643 0.992676 0 -0.0153415 0.998133 0.0591233 0 -0.994203 -0.0215212 0.105348 0 -1834.74 -46.5139 1205.66 1 2
0.106423 -0.0571643 0.992676 0 -0.0153415 0.998133 0.0591233 0 -0.994203 -0.0215212 0.105348 0 -1834.74 -46.5139 1205.66 1 2
0.106423 -0.0571643 0.992676 0 -0.0153415 0.998133 0.0591233 0 -0.994203 -0.0215212 0.105348 0 -1834.74 -46.5139 1205.66 1 2
0.106423 -0.0571643 0.992676 0 -0.0153415 0.998133 0.0591233 0 -0.994203 -0.0215212 0.105348 0 -1834.74 -46.5139 1205.66 1 2
0.106423 -0.0571643 0.992676 0 -0.0153415 0.998133 0.0591233 0 -0.994203 -0.0215212 0.105348 0 -1834.74 -46.5139 1205.66 1 2
0.106423 -0.0571643 0.992676 0 -0.0153415 0.998133 0.0591233 0 -0.994203 -0.0215212 0.105348 0 -1834.74 -46.5139 1205.66 1 2
0.106423 -0.0571643 0.992676 0 -0.0153415 0.998133 0.0591233 0 -0.994203 -0.0215212 0.105348 0 -1834.74 -46.5139 1205.66 1 2
0.106423 -0.0571643 0.992676 0 -0.0153415 0.998133 0.0591233 0 -0.994203 -0.0215212 0.105348 0 -1834.74 -46.5139 1205.66 1 2
0.106423 -0.0571643 0.992676 0 -0.0153415 0.998133 0.0591233 0 -0.994203 -0.0215212 0.105348 0 -1834.74 -46.5139 1205.66 1 2
0.106423 -0.0571643 0.992676 0 -0.0153415 0.998133 0.0591233 0 -0.994203 -0.0215212 0.105348 0 -1834.74 -46.5139 1205.66 1 2
0.106423 -0.0571643 0.992676 0 -0.0153415 0.998133 0.0591233 0 -0.994203 -0.0215212 0.105348 0 -1834.74 -46.5139 1205.66 1 2
0.106423 -0.0571643 0.992676 0 -0.0153415 0.998133 0.0591233 0 -0.994203 -0.0215212 0.105348 0 -1834.74 -46.5139 1205.66 1 2
0.106423 -0.0571643 0.992676 0 -0.0153415 0.998133 0.0591233 0 -0.994203 -0.0215212 0.105348 0 -1834.74 -46.5139 1205.66 1 2
0.106423 -0.0571643 0.992676 0 -0.0153415 0.998133 0.0591233 0 -0.994203 -0.0215212 0.105348 0 -1834.74 -46.5139 1205.66 1 2
0.106423 -0.0571643 0.992676 0 -0.0153415 0.998133 0.0591233 0 -0.994203 -0.0215212 0.105348 0 -1834.74 -46.5139 1205.66 1 2
0.106423 -0.0571643 0.992676 0 -0.0153415 0.998133 0.0591233 0 -0.994203 -0.0215212 0.105348 0 -1834.74 -46.5139 1205.66 1 2
0.106423 -0.0571643 0.992676 0 -0.0153415 0.998133 0.0591233 0 -0.994203 -0.0215212 0.105348 0 -1834.74 -46.5139 1205.66 1 2
0.106423 -0.0571643 0.992676 0 -0.0153415 0.998133 0.0591233 0 -0.994203 -0.0215212 0.105348 0 -1834.74 -46.5139 1205.66 1 2
0.106423 -0.0571643 0.992676 0 -0.0153415 0.998133 0.0591233 0 -0.994203 -0.0215212 0.105348 0 -1834.74 -46.5139 1205.66 1 2
0.106423 -0.0571643 0.992676 0 -0.0153415 0.998133 0.0591233 0 -0.994203 -0.0215212 0.105348 0 -1834.74 -46.5139 1205.66 1 2
0.106423 -0.0571643 0.992676 0 -0.0153415 0.998133 0.0591233 0 -0.994203 -0.0215212 0.105348 0 -1834.74 -46.5139 1205.66 1 2
0.106423 -0.0571643 0.992676 0 -0.0153415 0.998133 0.0591233 0 -0.994203 -0.0215212 0.105348 0 -1834.74 -46.5139 1205.66 1 2
0.106423 -0.0571643 0.992676 0 -0.0153415 0.998133 0.0591233 0 -0.994203 -0.0215212 0.105348 0 -1834.74 -46.5139 1205.66 1 2
0.106423 -0.0571643 0.992676 0 -0.0153415 0.998133 0.0591233 0 -0.994203 -0.0215212 0.105348 0 -1834.74 -46.5139 1205.66 1 2
0.106423 -0.0571643 0.992676 0 -0.0153415 0.998133 0.0591233 0 -0.994203 -0.0215212 0.105348 0 -1834.74 -46.5139 1205.66 1 2
0.106423 -0.0571643 0.992676 0 -0.0153415 0.998133 0.0591233 0 -0.994203 -0.0215212 0.105348 0 -1834.74 -46.5139 1205.66 1 2
0.106423 -0.0571643 0.992676 0 -0.0153415 0.998133 0.0591233 0 -0.994203 -0.0215212 0.105348 0 -1834.74 -46.5139 1205.66 1 2
0.106423 -0.0571643 0.992676 0 -0.0153415 0.998133 0.0591233 0 -0.994203 -0.0215212 0.105348 0 -1834.74 -46.5139 1205.66 1 2
0.106423 -0.0571643 0.992676 0 -0.0153415 0.998133 0.0591233 0 -0.994203 -0.0215212 0.105348 0 -1834.74 -46.5139 1205.66 1 2
0.106423 -0.0571643 0.992676 0 -0.0153415 0.998133 0.0591233 0 -0.994203 -0.0215212 0.105348 0 -1834.74 -46.5139 1205.66 1 2
0.106423 -0.0571643 0.992676 0 -0.0153415 0.998133 0.0591233 0 -0.994203 -0.0215212 0.105348 0 -1834.74 -46.5139 1205.66 1 2
0.106423 -0.0571643 0.992676 0 -0.0153415 0.998133 0.0591233 0 -0.994203 -0.0215212 0.105348 0 -1834.74 -46.5139 1205.66 1 2
0.106423 -0.0571643 0.992676 0 -0.0153415 0.998133 0.0591233 0 -0.994203 -0.0215212 0.105348 0 -1834.74 -46.5139 1205.66 1 2
0.106423 -0.0571643 0.992676 0 -0.0153415 0.998133 0.0591233 0 -0.994203 -0.0215212 0.105348 0 -1834.74 -46.5139 1205.66 1 2
0.106423 -0.0571643 0.992676 0 -0.0153415 0.998133 0.0591233 0 -0.994203 -0.0215212 0.105348 0 -1834.74 -46.5139 1205.66 1 2
0.106423 -0.0571643 0.992676 0 -0.0153415 0.998133 0.0591233 0 -0.994203 -0.0215212 0.105348 0 -1834.74 -46.5139 1205.66 1 2
0.106423 -0.0571643 0.992676 0 -0.0153415 0.998133 0.0591233 0 -0.994203 -0.0215212 0.105348 0 -1834.74 -46.5139 1205.66 1 2
0.106423 -0.0571643 0.992676 0 -0.0153415 0.998133 0.0591233 0 -0.994203 -0.0215212 0.105348 0 -1834.74 -46.5139 1205.66 1 2
0.106423 -0.0571643 0.992676 0 -0.0153415 0.998133 0.0591233 0 -0.994203 -0.0215212 0.105348 0 -1834.74 -46.5139 1205.66 1 2
0.106423 -0.0571643 0.992676 0 -0.0153415 0.998133 0.0591233 0 -0.994203 -0.0215212 0.105348 0 -1834.74 -46.5139 1205.66 1 2
0.106423 -0.0571643 0.992676 0 -0.0153415 0.998133 0.0591233 0 -0.994203 -0.0215212 0.105348 0 -1834.74 -46.5139 1205.66 1 2
0.106423 -0.0571643 0.992676 0 -0.0153415 0.998133 0.0591233 0 -0.994203 -0.0215212 0.105348 0 -1834.74 -46.5139 1205.66 1 2
0.106423 -0.0571643 0.992676 0 -0.0153415 0.998133 0.0591233 0 -0.994203 -0.0215212 0.105348 0 -1834.74 -46.5139 1205.66 1 2
0.106423 -0.0571643 0.992676 0 -0.0153415 0.998133 0.0591233 0 -0.994203 -0.0215212 0.105348 0 -1834.74 -46.5139 1205.66 1 2
0.106423 -0.0571643 0.992676 0 -0.0153415 0.998133 0.0591233 0 -0.994203 -0.0215212 0.105348 0 -1834.74 -46.5139 1205.66 1 2
0.106423 -0.0571643 0.992676 0 -0.0153415 0.998133 0.0591233 0 -0.994203 -0.0215212 0.105348 0 -1834.74 -46.5139 1205.66 1 2
0.106423 -0.0571643 0.992676 0 -0.0153415 0.998133 0.0591233 0 -0.994203 -0.0215212 0.105348 0 -1834.74 -46.5139 1205.66 1 2
0.106423 -0.0571643 0.992676 0 -0.0153415 0.998133 0.0591233 0 -0.994203 -0.0215212 0.105348 0 -1834.74 -46.5139 1205.66 1 2
0.106423 -0.0571643 0.992676 0 -0.0153415 0.998133 0.0591233 0 -0.994203 -0.0215212 0.105348 0 -1834.74 -46.5139 1205.66 1 2
0.106423 -0.0571643 0.992676 0 -0.0153415 0.998133 0.0591233 0 -0.994203 -0.0215212 0.105348 0 -1834.74 -46.5139 1205.66 1 2
0.106423 -0.0571643 0.992676 0 -0.0153415 0.998133 0.0591233 0 -0.994203 -0.0215212 0.105348 0 -1834.74 -46.5139 1205.66 1 2
0.106423 -0.0571643 0.992676 0 -0.0153415 0.998133 0.0591233 0 -0.994203 -0.0215212 0.105348 0 -1834.74 -46.5139 1205.66 1 2
0.106423 -0.0571643 0.992676 0 -0.0153415 0.998133 0.0591233 0 -0.994203 -0.0215212 0.105348 0 -1834.74 -46.5139 1205.66 1 2
0.106423 -0.0571643 0.992676 0 -0.0153415 0.998133 0.0591233 0 -0.994203 -0.0215212 0.105348 0 -1834.74 -46.5139 1205.66 1 2
0.106423 -0.0571643 0.992676 0 -0.0153415 0.998133 0.0591233 0 -0.994203 -0.0215212 0.105348 0 -1834.74 -46.5139 1205.66 1 2
0.106423 -0.0571643 0.992676 0 -0.0153415 0.998133 0.0591233 0 -0.994203 -0.0215212 0.105348 0 -1834.74 -46.5139 1205.66 1 2
0.106423 -0.0571643 0.992676 0 -0.0153415 0.998133 0.0591233 0 -0.994203 -0.0215212 0.105348 0 -1834.74 -46.5139 1205.66 1 2
0.106423 -0.0571643 0.992676 0 -0.0153415 0.998133 0.0591233 0 -0.994203 -0.0215212 0.105348 0 -1834.74 -46.5139 1205.66 1 2
0.106423 -0.0571643 0.992676 0 -0.0153415 0.998133 0.0591233 0 -0.994203 -0.0215212 0.105348 0 -1834.74 -46.5139 1205.66 1 2
0.106423 -0.0571643 0.992676 0 -0.0153415 0.998133 0.0591233 0 -0.994203 -0.0215212 0.105348 0 -1834.74 -46.5139 1205.66 1 2
0.106423 -0.0571643 0.992676 0 -0.0153415 0.998133 0.0591233 0 -0.994203 -0.0215212 0.105348 0 -1834.74 -46.5139 1205.66 1 2
0.106423 -0.0571643 0.992676 0 -0.0153415 0.998133 0.0591233 0 -0.994203 -0.0215212 0.105348 0 -1834.74 -46.5139 1205.66 1 2
0.106423 -0.0571643 0.992676 0 -0.0153415 0.998133 0.0591233 0 -0.994203 -0.0215212 0.105348 0 -1834.74 -46.5139 1205.66 1 2
0.106423 -0.0571643 0.992676 0 -0.0153415 0.998133 0.0591233 0 -0.994203 -0.0215212 0.105348 0 -1834.74 -46.5139 1205.66 1 2
0.106423 -0.0571643 0.992676 0 -0.0153415 0.998133 0.0591233 0 -0.994203 -0.0215212 0.105348 0 -1834.74 -46.5139 1205.66 1 2
0.106423 -0.0571643 0.992676 0 -0.0153415 0.998133 0.0591233 0 -0.994203 -0.0215212 0.105348 0 -1834.74 -46.5139 1205.66 1 2
0.106423 -0.0571643 0.992676 0 -0.0153415 0.998133 0.0591233 0 -0.994203 -0.0215212 0.105348 0 -1834.74 -46.5139 1205.66 1 2
0.106423 -0.0571643 0.992676 0 -0.0153415 0.998133 0.0591233 0 -0.994203 -0.0215212 0.105348 0 -1834.74 -46.5139 1205.66 1 2
0.106423 -0.0571643 0.992676 0 -0.0153415 0.998133 0.0591233 0 -0.994203 -0.0215212 0.105348 0 -1834.74 -46.5139 1205.66 1 2
0.106423 -0.0571643 0.992676 0 -0.0153415 0.998133 0.0591233 0 -0.994203 -0.0215212 0.105348 0 -1834.74 -46.5139 1205.66 1 2
0.106423 -0.0571643 0.992676 0 -0.0153415 0.998133 0.0591233 0 -0.994203 -0.0215212 0.105348 0 -1834.74 -46.5139 1205.66 1 2
0.106423 -0.0571643 0.992676 0 -0.0153415 0.998133 0.0591233 0 -0.994203 -0.0215212 0.105348 0 -1834.74 -46.5139 1205.66 1 2
0.106423 -0.0571643 0.992676 0 -0.0153415 0.998133 0.0591233 0 -0.994203 -0.0215212 0.105348 0 -1834.74 -46.5139 1205.66 1 2
0.106423 -0.0571643 0.992676 0 -0.0153415 0.998133 0.0591233 0 -0.994203 -0.0215212 0.105348 0 -1834.74 -46.5139 1205.66 1 2
0.106423 -0.0571643 0.992676 0 -0.0153415 0.998133 0.0591233 0 -0.994203 -0.0215212 0.105348 0 -1834.74 -46.5139 1205.66 1 2
0.106423 -0.0571643 0.992676 0 -0.0153415 0.998133 0.0591233 0 -0.994203 -0.0215212 0.105348 0 -1834.74 -46.5139 1205.66 1 2
0.106423 -0.0571643 0.992676 0 -0.0153415 0.998133 0.0591233 0 -0.994203 -0.0215212 0.105348 0 -1834.74 -46.5139 1205.66 1 2
0.106423 -0.0571643 0.992676 0 -0.0153415 0.998133 0.0591233 0 -0.994203 -0.0215212 0.105348 0 -1834.74 -46.5139 1205.66 1 2
0.106423 -0.0571643 0.992676 0 -0.0153415 0.998133 0.0591233 0 -0.994203 -0.0215212 0.105348 0 -1834.74 -46.5139 1205.66 1 2
0.106423 -0.0571643 0.992676 0 -0.0153415 0.998133 0.0591233 0 -0.994203 -0.0215212 0.105348 0 -1834.74 -46.5139 1205.66 1 2
0.106423 -0.0571643 0.992676 0 -0.0153415 0.998133 0.0591233 0 -0.994203 -0.0215212 0.105348 0 -1834.74 -46.5139 1205.66 1 2
0.106423 -0.0571643 0.992676 0 -0.0153415 0.998133 0.0591233 0 -0.994203 -0.0215212 0.105348 0 -1834.74 -46.5139 1205.66 1 2
0.106423 -0.0571643 0.992676 0 -0.0153415 0.998133 0.0591233 0 -0.994203 -0.0215212 0.105348 0 -1834.74 -46.5139 1205.66 1 2
0.106423 -0.0571643 0.992676 0 -0.0153415 0.998133 0.0591233 0 -0.994203 -0.0215212 0.105348 0 -1834.74 -46.5139 1205.66 1 2
0.106423 -0.0571643 0.992676 0 -0.0153415 0.998133 0.0591233 0 -0.994203 -0.0215212 0.105348 0 -1834.74 -46.5139 1205.66 1 2
0.106423 -0.0571643 0.992676 0 -0.0153415 0.998133 0.0591233 0 -0.994203 -0.0215212 0.105348 0 -1834.74 -46.5139 1205.66 1 2
0.106423 -0.0571643 0.992676 0 -0.0153415 0.998133 0.0591233 0 -0.994203 -0.0215212 0.105348 0 -1834.74 -46.5139 1205.66 1 2
0.111118 -0.0567825 0.992184 0 -0.0255757 0.997872 0.0599723 0 -0.993478 -0.0320398 0.109429 0 -1830.85 -66.9474 1211.68 1 3
0.115057 -0.0552047 0.991824 0 -0.0344463 0.997632 0.0595239 0 -0.992762 -0.0410133 0.112883 0 -1827.34 -81.7946 1216.52 1 3
0.117954 -0.0532089 0.991592 0 -0.0414869 0.997427 0.058457 0 -0.992152 -0.0480333 0.115443 0 -1824.56 -92.5252 1220.31 1 3
0.120462 -0.0506641 0.991424 0 -0.0467593 0.997299 0.0566458 0 -0.991616 -0.053182 0.117768 0 -1822.43 -100.072 1223.89 1 3
0.122725 -0.0481354 0.991273 0 -0.0495065 0.997283 0.0545564 0 -0.991205 -0.0557699 0.120009 0 -1821.17 -104.281 1227.27 1 3
0.12524 -0.0467036 0.991027 0 -0.0486881 0.997399 0.0531568 0 -0.990931 -0.0549086 0.122641 0 -1821.01 -103.356 1230.68 1 3
0.127737 -0.0444672 0.990811 0 -0.0466806 0.997618 0.0507908 0 -0.990709 -0.0527396 0.125357 0 -1820.98 -100.448 1234.7 1 3
0.13003 -0.0430209 0.990576 0 -0.0436405 0.997842 0.0490649 0 -0.990549 -0.0496092 0.127871 0 -1821.57 -96.7503 1238.68 1 3
0.132286 -0.0411067 0.990359 0 -0.0395929 0.998123 0.0467175 0 -0.990421 -0.0453912 0.13041 0 -1821.92 -91.6436 1243.32 1 3
0.13457 -0.0398335 0.990103 0 -0.0353844 0.998361 0.044975 0 -0.990272 -0.0410865 0.13294 0 -1822.24 -86.3446 1247.88 1 3
0.136528 -0.0389816 0.989869 0 -0.0315089 0.998549 0.0436693 0 -0.990135 -0.0371517 0.135102 0 -1823.04 -81.8552 1251.55 1 3
0.13812 -0.0385063 0.989667 0 -0.0283839 0.99868 0.0428183 0 -0.990009 -0.0340047 0.136845 0 -1824.03 -78.4406 1254.53 1 3
0.139118 -0.038244 0.989537 0 -0.0258814 0.998772 0.0422395 0 -0.989938 -0.0314868 0.137957 0 -1825.08 -75.4651 1256.58 1 3
0.139975 -0.0383885 0.989411 0 -0.024147 0.998819 0.0421697 0 -0.98986 -0.0297941 0.138883 0 -1825.84 -73.6333 1258.12 1 3
0.141071 -0.0384069 0.989254 0 -0.0229944 0.998851 0.0420585 0 -0.989732 -0.0286806 0.140026 0 -1826.14 -72.4142 1259.87 1 3
0.142384 -0.0385187 0.989062 0 -0.0220854 0.99887 0.0420801 0 -0.989565 -0.0278354 0.141372 0 -1826.07 -71.344 1261.79 1 3
0.144075 -0.0387043 0.98881 0 -0.0210548 0.998889 0.0421666 0 -0.989343 -0.0268943 0.1431 0 -1825.58 -70.2837 1263.95 1 3
0.146174 -0.0381951 0.988521 0 -0.0203138 0.998928 0.041601 0 -0.98905 -0.0261616 0.145241 0 -1826.34 -69.204 1267.19 1 3
0.148094 -0.0379185 0.988246 0 -0.0195238 0.998958 0.0412552 0 -0.988781 -0.025404 0.1472 0 -1826.71 -67.9425 1270.02 1 3
0.149735 -0.0376921 0.988007 0 -0.0188009 0.998984 0.0409602 0 -0.988547 -0.0247086 0.148874 0 -1827.13 -66.7668 1272.2 1 3
0.151008 -0.0376005 0.987817 0 -0.0181755 0.999002 0.0408047 0 -0.988365 -0.0241159 0.150174 0 -1827.37 -65.8367 1273.91 1 3
0.151898 -0.0375859 0.987681 0 -0.0178159 0.99901 0.040757 0 -0.988236 -0.0237874 0.151078 0 -1827.65 -65.293 1274.96 1 3
0.152613 -0.0376914 0.987567 0 -0.0175057 0.999013 0.0408335 0 -0.988131 -0.0235198 0.151802 0 -1827.83 -64.9927 1275.69 1 3
0.152966 -0.0378494 0.987506 0 -0.0172745 0.999011 0.0409662 0 -0.988081 -0.0233251 0.152161 0 -1828.19 -64.7738 1275.87 1 3
0.153176 -0.0379711 0.987469 0 -0.0170765 0.999011 0.0410639 0 -0.988051 -0.0231526 0.152376 0 -1828.37 -64.5247 1275.9 1 3
0.153282 -0.0381249 0.987447 0 -0.0167533 0.999012 0.041172 0 -0.988041 -0.0228539 0.152492 0 -1828.64 -64.1498 1275.78 1 3
0.153411 -0.0382785 0.987421 0 -0.0164975 0.999011 0.041291 0 -0.988025 -0.0226244 0.152628 0 -1828.87 -63.8651 1275.56 1 3
0.153578 -0.0383744 0.987391 0 -0.0161319 0.999015 0.0413353 0 -0.988005 -0.0222767 0.152807 0 -1829.09 -63.5078 1275.35 1 3
0.153832 -0.0385919 0.987343 0 -0.0158552 0.999012 0.0415183 0 -0.98797 -0.0220414 0.153068 0 -1829.07 -63.2819 1275.25 1 3
0.153932 -0.0384945 0.987331 0 -0.0157012 0.999019 0.0413981 0 -0.987957 -0.0218748 0.153177 0 -1829.15 -62.7704 1275.76 1 3
0.153972 -0.038476 0.987326 0 -0.0156556 0.999021 0.0413732 0 -0.987951 -0.0218275 0.153219 0 -1829.31 -62.4497 1275.9 1 3
0.153901 -0.038523 0.987335 0 -0.0156009 0.99902 0.0414107 0 -0.987963 -0.0217765 0.153149 0 -1829.48 -62.3136 1275.8 1 3
0.153816 -0.0385468 0.987347 0 -0.015626 0.999019 0.0414368 0 -0.987976 -0.0218019 0.153063 0 -1829.52 -62.3094 1275.61 1 3
0.153755 -0.0385247 0.987358 0 -0.0156951 0.999018 0.0414238 0 -0.987984 -0.0218657 0.152999 0 -1829.55 -62.3696 1275.43 1 3
0.153677 -0.0385306 0.98737 0 -0.0157246 0.999018 0.0414325 0 -0.987996 -0.0218932 0.15292 0 -1829.62 -62.444 1275.11 1 3
0.153285 -0.0390229 0.987411 0 -0.0161128 0.998988 0.0419818 0 -0.988051 -0.0223452 0.152502 0 -1830.16 -63.3348 1274.19 1 3
0.152948 -0.0393636 0.98745 0 -0.0163194 0.99897 0.0423505 0 -0.9881 -0.022592 0.152148 0 -1830.61 -63.8216 1273.34 1 3
0.152779 -0.0395788 0.987468 0 -0.0164831 0.998957 0.0425895 0 -0.988123 -0.0227833 0.151967 0 -1830.88 -64.1659 1272.85 1 3
0.152735 -0.0396758 0.98747 0 -0.0165871 0.99895 0.0427026 0 -0.988128 -0.0229015 0.151916 0 -1831.05 -64.386 1272.55 1 3
0.152797 -0.0397296 0.987459 0 -0.0166089 0.998947 0.0427619 0 -0.988118 -0.0229345 0.151976 0 -1831.11 -64.4539 1272.38 1 3
0.152877 -0.0398536 0.987441 0 -0.0166392 0.998941 0.0428938 0 -0.988105 -0.0229877 0.152052 0 -1831.04 -64.6302 1272.26 1 3
0.152931 -0.039886 0.987432 0 -0.0166806 0.998939 0.0429343 0 -0.988096 -0.0230369 0.152104 0 -1830.98 -64.7046 1272.15 1 3
0.153029 -0.0399154 0.987415 0 -0.0167154 0.998936 0.0429717 0 -0.98808 -0.023081 0.152199 0 -1830.83 -64.7908 1272.15 1 3
0.153081 -0.0399498 0.987406 0 -0.0167361 0.998934 0.0430109 0 -0.988072 -0.0231094 0.152249 0 -1830.76 -64.8833 1272.11 1 3
0.153091 -0.0399934 0.987402 0 -0.0167838 0.998931 0.0430626 0 -0.98807 -0.0231649 0.152256 0 -1830.73 -64.9896 1272.05 1 3
