0.00724305 0 0.999974 0 0 1 0 0 -0.999974 0 0.00724305 0 -4446.89 0 -243.002 1 0
0.00724305 0 0.999974 0 0 1 0 0 -0.999974 0 0.00724305 0 -4446.89 0 -243.002 1 0
0.00724305 0 0.999974 0 0 1 0 0 -0.999974 0 0.00724305 0 -4446.89 0 -243.002 1 0
0.00724305 0 0.999974 0 0 1 0 0 -0.999974 0 0.00724305 0 -4446.89 0 -243.002 1 0
0.00724305 0 0.999974 0 0 1 0 0 -0.999974 0 0.00724305 0 -4446.89 0 -243.002 1 0
0.00724305 0 0.999974 0 0 1 0 0 -0.999974 0 0.00724305 0 -4446.89 0 -243.002 1 0
0.00724305 0 0.999974 0 0 1 0 0 -0.999974 0 0.00724305 0 -4446.89 0 -243.002 1 0
0.00724305 0 0.999974 0 0 1 0 0 -0.999974 0 0.00724305 0 -4446.89 0 -243.002 1 0
0.00724305 0 0.999974 0 0 1 0 0 -0.999974 0 0.00724305 0 -4446.89 0 -243.002 1 0
0.00724305 0 0.999974 0 0 1 0 0 -0.999974 0 0.00724305 0 -4446.89 0 -243.002 1 0
0.00724305 0 0.999974 0 0 1 0 0 -0.999974 0 0.00724305 0 -4446.89 0 -243.002 1 0
0.00724305 0 0.999974 0 0 1 0 0 -0.999974 0 0.00724305 0 -4446.89 0 -243.002 1 0
0.00724305 0 0.999974 0 0 1 0 0 -0.999974 0 0.00724305 0 -4446.89 0 -243.002 1 0
0.00724305 0 0.999974 0 0 1 0 0 -0.999974 0 0.00724305 0 -4446.89 0 -243.002 1 0
0.00724305 0 0.999974 0 0 1 0 0 -0.999974 0 0.00724305 0 -4446.89 0 -243.002 1 0
0.00724305 0 0.999974 0 0 1 0 0 -0.999974 0 0.00724305 0 -4446.89 0 -243.002 1 0
0.00724305 0 0.999974 0 0 1 0 0 -0.999974 0 0.00724305 0 -4446.89 0 -243.002 1 0
0.00724305 0 0.999974 0 0 1 0 0 -0.999974 0 0.00724305 0 -4446.89 0 -243.002 1 0
0.00724305 0 0.999974 0 0 1 0 0 -0.999974 0 0.00724305 0 -4446.89 0 -243.002 1 0
0.00724305 0 0.999974 0 0 1 0 0 -0.999974 0 0.00724305 0 -4446.89 0 -243.002 1 0
0.00724305 0 0.999974 0 0 1 0 0 -0.999974 0 0.00724305 0 -4446.89 0 -243.002 1 0
0.00724305 0 0.999974 0 0 1 0 0 -0.999974 0 0.00724305 0 -4446.89 0 -243.002 1 0
0.00724305 0 0.999974 0 0 1 0 0 -0.999974 0 0.00724305 0 -4446.89 0 -243.002 1 0
0.00724305 0 0.999974 0 0 1 0 0 -0.999974 0 0.00724305 0 -4446.89 0 -243.002 1 0
0.00724305 0 0.999974 0 0 1 0 0 -0.999974 0 0.00724305 0 -4446.89 0 -243.002 1 0
0.00724305 0 0.999974 0 0 1 0 0 -0.999974 0 0.00724305 0 -4446.89 0 -243.002 1 0
0.00724305 0 0.999974 0 0 1 0 0 -0.999974 0 0.00724305 0 -4446.89 0 -243.002 1 0
0.00724305 0 0.999974 0 0 1 0 0 -0.999974 0 0.00724305 0 -4446.89 0 -243.002 1 0
0.00724305 0 0.999974 0 0 1 0 0 -0.999974 0 0.00724305 0 -4446.89 0 -243.002 1 0
0.00724305 0 0.999974 0 0 1 0 0 -0.999974 0 0.00724305 0 -4446.89 0 -243.002 1 0
0.00724305 0 0.999974 0 0 1 0 0 -0.999974 0 0.00724305 0 -4446.89 0 -243.002 1 0
0.00724305 0 0.999974 0 0 1 0 0 -0.999974 0 0.00724305 0 -4446.89 0 -243.002 1 0
0.00724305 0 0.999974 0 0 1 0 0 -0.999974 0 0.00724305 0 -4446.89 0 -243.002 1 0
0.00724305 0 0.999974 0 0 1 0 0 -0.999974 0 0.00724305 0 -4446.89 0 -243.002 1 0
0.00724305 0 0.999974 0 0 1 0 0 -0.999974 0 0.00724305 0 -4446.89 0 -243.002 1 0
0.00724305 0 0.999974 0 0 1 0 0 -0.999974 0 0.00724305 0 -4446.89 0 -243.002 1 0
0.00724305 0 0.999974 0 0 1 0 0 -0.999974 0 0.00724305 0 -4446.89 0 -243.002 1 0
0.00724305 0 0.999974 0 0 1 0 0 -0.999974 0 0.00724305 0 -4446.89 0 -243.002 1 0
0.00724305 0 0.999974 0 0 1 0 0 -0.999974 0 0.00724305 0 -4446.89 0 -243.002 1 0
0.00724305 0 0.999974 0 0 1 0 0 -0.999974 0 0.00724305 0 -4446.89 0 -243.002 1 0
0.00724305 0 0.999974 0 0 1 0 0 -0.999974 0 0.00724305 0 -4446.89 0 -243.002 1 0
0.00724305 0 0.999974 0 0 1 0 0 -0.999974 0 0.00724305 0 -4446.89 0 -243.002 1 0
0.00724305 0 0.999974 0 0 1 0 0 -0.999974 0 0.00724305 0 -4446.89 0 -243.002 1 0
0.00724305 0 0.999974 0 0 1 0 0 -0.999974 0 0.00724305 0 -4446.89 0 -243.002 1 0
0.00724305 0 0.999974 0 0 1 0 0 -0.999974 0 0.00724305 0 -4446.89 0 -243.002 1 0
0.00724305 0 0.999974 0 0 1 0 0 -0.999974 0 0.00724305 0 -4446.89 0 -243.002 1 0
0.00724305 0 0.999974 0 0 1 0 0 -0.999974 0 0.00724305 0 -4446.89 0 -243.002 1 0
0.00724305 0 0.999974 0 0 1 0 0 -0.999974 0 0.00724305 0 -4446.89 0 -243.002 1 0
0.00724305 0 0.999974 0 0 1 0 0 -0.999974 0 0.00724305 0 -4446.89 0 -243.002 1 0
0.00724305 0 0.999974 0 0 1 0 0 -0.999974 0 0.00724305 0 -4446.89 0 -243.002 1 0
0.00724305 0 0.999974 0 0 1 0 0 -0.999974 0 0.00724305 0 -4446.89 0 -243.002 1 0
0.00724305 0 0.999974 0 0 1 0 0 -0.999974 0 0.00724305 0 -4446.89 0 -243.002 1 0
0.0414887 -0.0558146 0.997579 0 0.0436716 0.997586 0.0539987 0 -0.998184 0.0413256 0.043826 0 -4257.98 -53.0375 1389.67 1 1
0.0589665 -0.0595632 0.996481 0 0.0348576 0.997732 0.0575753 0 -0.997651 0.0313399 0.060909 0 -4273.36 -60.3363 1457.58 1 1
0.0589665 -0.0595632 0.996481 0 0.0348576 0.997732 0.0575753 0 -0.997651 0.0313399 0.060909 0 -4273.36 -60.3363 1457.58 1 2
0.0589665 -0.0595632 0.996481 0 0.0348576 0.997732 0.0575753 0 -0.997651 0.0313399 0.060909 0 -4273.36 -60.3363 1457.58 1 2
0.0589665 -0.0595632 0.996481 0 0.0348576 0.997732 0.0575753 0 -0.997651 0.0313399 0.060909 0 -4273.36 -60.3363 1457.58 1 2
0.0589665 -0.0595632 0.996481 0 0.0348576 0.997732 0.0575753 0 -0.997651 0.0313399 0.060909 0 -4273.36 -60.3363 1457.58 1 2
0.0589665 -0.0595632 0.996481 0 0.0348576 0.997732 0.0575753 0 -0.997651 0.0313399 0.060909 0 -4273.36 -60.3363 1457.58 1 2
0.0589665 -0.0595632 0.996481 0 0.0348576 0.997732 0.0575753 0 -0.997651 0.0313399 0.060909 0 -4273.36 -60.3363 1457.58 1 2
0.0589665 -0.0595632 0.996481 0 0.0348576 0.997732 0.0575753 0 -0.997651 0.0313399 0.060909 0 -4273.36 -60.3363 1457.58 1 2
0.0589665 -0.0595632 0.996481 0 0.0348576 0.997732 0.0575753 0 -0.997651 0.0313399 0.060909 0 -4273.36 -60.3363 1457.58 1 2
0.0589665 -0.0595632 0.996481 0 0.0348576 0.997732 0.0575753 0 -0.997651 0.0313399 0.060909 0 -4273.36 -60.3363 1457.58 1 2
0.0589665 -0.0595632 0.996481 0 0.0348576 0.997732 0.0575753 0 -0.997651 0.0313399 0.060909 0 -4273.36 -60.3363 1457.58 1 2
0.0589665 -0.0595632 0.996481 0 0.0348576 0.997732 0.0575753 0 -0.997651 0.0313399 0.060909 0 -4273.36 -60.3363 1457.58 1 2
0.0589665 -0.0595632 0.996481 0 0.0348576 0.997732 0.0575753 0 -0.997651 0.0313399 0.060909 0 -4273.36 -60.3363 1457.58 1 2
0.0589665 -0.0595632 0.996481 0 0.0348576 0.997732 0.0575753 0 -0.997651 0.0313399 0.060909 0 -4273.36 -60.3363 1457.58 1 2
0.0589665 -0.0595632 0.996481 0 0.0348576 0.997732 0.0575753 0 -0.997651 0.0313399 0.060909 0 -4273.36 -60.3363 1457.58 1 2
0.0589665 -0.0595632 0.996481 0 0.0348576 0.997732 0.0575753 0 -0.997651 0.0313399 0.060909 0 -4273.36 -60.3363 1457.58 1 2
0.0589665 -0.0595632 0.996481 0 0.0348576 0.997732 0.0575753 0 -0.997651 0.0313399 0.060909 0 -4273.36 -60.3363 1457.58 1 2
0.0589665 -0.0595632 0.996481 0 0.0348576 0.997732 0.0575753 0 -0.997651 0.0313399 0.060909 0 -4273.36 -60.3363 1457.58 1 2
0.0589665 -0.0595632 0.996481 0 0.0348576 0.997732 0.0575753 0 -0.997651 0.0313399 0.060909 0 -4273.36 -60.3363 1457.58 1 2
0.0589665 -0.0595632 0.996481 0 0.0348576 0.997732 0.0575753 0 -0.997651 0.0313399 0.060909 0 -4273.36 -60.3363 1457.58 1 2
0.0589665 -0.0595632 0.996481 0 0.0348576 0.997732 0.0575753 0 -0.997651 0.0313399 0.060909 0 -4273.36 -60.3363 1457.58 1 2
0.0589665 -0.0595632 0.996481 0 0.0348576 0.997732 0.0575753 0 -0.997651 0.0313399 0.060909 0 -4273.36 -60.3363 1457.58 1 2
0.0589665 -0.0595632 0.996481 0 0.0348576 0.997732 0.0575753 0 -0.997651 0.0313399 0.060909 0 -4273.36 -60.3363 1457.58 1 2
0.0589665 -0.0595632 0.996481 0 0.0348576 0.997732 0.0575753 0 -0.997651 0.0313399 0.060909 0 -4273.36 -60.3363 1457.58 1 2
0.0589665 -0.0595632 0.996481 0 0.0348576 0.997732 0.0575753 0 -0.997651 0.0313399 0.060909 0 -4273.36 -60.3363 1457.58 1 2
0.0589665 -0.0595632 0.996481 0 0.0348576 0.997732 0.0575753 0 -0.997651 0.0313399 0.060909 0 -4273.36 -60.3363 1457.58 1 2
0.0589665 -0.0595632 0.996481 0 0.0348576 0.997732 0.0575753 0 -0.997651 0.0313399 0.060909 0 -4273.36 -60.3363 1457.58 1 2
0.0589665 -0.0595632 0.996481 0 0.0348576 0.997732 0.0575753 0 -0.997651 0.0313399 0.060909 0 -4273.36 -60.3363 1457.58 1 2
0.0589665 -0.0595632 0.996481 0 0.0348576 0.997732 0.0575753 0 -0.997651 0.0313399 0.060909 0 -4273.36 -60.3363 1457.58 1 2
0.0589665 -0.0595632 0.996481 0 0.0348576 0.997732 0.0575753 0 -0.997651 0.0313399 0.060909 0 -4273.36 -60.3363 1457.58 1 2
0.0589665 -0.0595632 0.996481 0 0.0348576 0.997732 0.0575753 0 -0.997651 0.0313399 0.060909 0 -4273.36 -60.3363 1457.58 1 2
0.0589665 -0.0595632 0.996481 0 0.0348576 0.997732 0.0575753 0 -0.997651 0.0313399 0.060909 0 -4273.36 -60.3363 1457.58 1 2
0.0589665 -0.0595632 0.996481 0 0.0348576 0.997732 0.0575753 0 -0.997651 0.0313399 0.060909 0 -4273.36 -60.3363 1457.58 1 2
0.0589665 -0.0595632 0.996481 0 0.0348576 0.997732 0.0575753 0 -0.997651 0.0313399 0.060909 0 -4273.36 -60.3363 1457.58 1 2
0.0589665 -0.0595632 0.996481 0 0.0348576 0.997732 0.0575753 0 -0.997651 0.0313399 0.060909 0 -4273.36 -60.3363 1457.58 1 2
0.0589665 -0.0595632 0.996481 0 0.0348576 0.997732 0.0575753 0 -0.997651 0.0313399 0.060909 0 -4273.36 -60.3363 1457.58 1 2
0.0589665 -0.0595632 0.996481 0 0.0348576 0.997732 0.0575753 0 -0.997651 0.0313399 0.060909 0 -4273.36 -60.3363 1457.58 1 2
0.0589665 -0.0595632 0.996481 0 0.0348576 0.997732 0.0575753 0 -0.997651 0.0313399 0.060909 0 -4273.36 -60.3363 1457.58 1 2
0.0589665 -0.0595632 0.996481 0 0.0348576 0.997732 0.0575753 0 -0.997651 0.0313399 0.060909 0 -4273.36 -60.3363 1457.58 1 2
0.0589665 -0.0595632 0.996481 0 0.0348576 0.997732 0.0575753 0 -0.997651 0.0313399 0.060909 0 -4273.36 -60.3363 1457.58 1 2
0.0589665 -0.0595632 0.996481 0 0.0348576 0.997732 0.0575753 0 -0.997651 0.0313399 0.060909 0 -4273.36 -60.3363 1457.58 1 2
0.0589665 -0.0595632 0.996481 0 0.0348576 0.997732 0.0575753 0 -0.997651 0.0313399 0.060909 0 -4273.36 -60.3363 1457.58 1 2
0.0589665 -0.0595632 0.996481 0 0.0348576 0.997732 0.0575753 0 -0.997651 0.0313399 0.060909 0 -4273.36 -60.3363 1457.58 1 2
0.0589665 -0.0595632 0.996481 0 0.0348576 0.997732 0.0575753 0 -0.997651 0.0313399 0.060909 0 -4273.36 -60.3363 1457.58 1 2
0.0589665 -0.0595632 0.996481 0 0.0348576 0.997732 0.0575753 0 -0.997651 0.0313399 0.060909 0 -4273.36 -60.3363 1457.58 1 2
0.0589665 -0.0595632 0.996481 0 0.0348576 0.997732 0.0575753 0 -0.997651 0.0313399 0.060909 0 -4273.36 -60.3363 1457.58 1 2
0.0589665 -0.0595632 0.996481 0 0.0348576 0.997732 0.0575753 0 -0.997651 0.0313399 0.060909 0 -4273.36 -60.3363 1457.58 1 2
0.0589665 -0.0595632 0.996481 0 0.0348576 0.997732 0.0575753 0 -0.997651 0.0313399 0.060909 0 -4273.36 -60.3363 1457.58 1 2
0.0589665 -0.0595632 0.996481 0 0.0348576 0.997732 0.0575753 0 -0.997651 0.0313399 0.060909 0 -4273.36 -60.3363 1457.58 1 2
0.0589665 -0.0595632 0.996481 0 0.0348576 0.997732 0.0575753 0 -0.997651 0.0313399 0.060909 0 -4273.36 -60.3363 1457.58 1 2
0.0589665 -0.0595632 0.996481 0 0.0348576 0.997732 0.0575753 0 -0.997651 0.0313399 0.060909 0 -4273.36 -60.3363 1457.58 1 2
0.0589665 -0.0595632 0.996481 0 0.0348576 0.997732 0.0575753 0 -0.997651 0.0313399 0.060909 0 -4273.36 -60.3363 1457.58 1 2
0.0589665 -0.0595632 0.996481 0 0.0348576 0.997732 0.0575753 0 -0.997651 0.0313399 0.060909 0 -4273.36 -60.3363 1457.58 1 2
0.0589665 -0.0595632 0.996481 0 0.0348576 0.997732 0.0575753 0 -0.997651 0.0313399 0.060909 0 -4273.36 -60.3363 1457.58 1 2
0.0589665 -0.0595632 0.996481 0 0.0348576 0.997732 0.0575753 0 -0.997651 0.0313399 0.060909 0 -4273.36 -60.3363 1457.58 1 2
0.0589665 -0.0595632 0.996481 0 0.0348576 0.997732 0.0575753 0 -0.997651 0.0313399 0.060909 0 -4273.36 -60.3363 1457.58 1 2
0.0589665 -0.0595632 0.996481 0 0.0348576 0.997732 0.0575753 0 -0.997651 0.0313399 0.060909 0 -4273.36 -60.3363 1457.58 1 2
0.0589665 -0.0595632 0.996481 0 0.0348576 0.997732 0.0575753 0 -0.997651 0.0313399 0.060909 0 -4273.36 -60.3363 1457.58 1 2
0.0589665 -0.0595632 0.996481 0 0.0348576 0.997732 0.0575753 0 -0.997651 0.0313399 0.060909 0 -4273.36 -60.3363 1457.58 1 2
0.0589665 -0.0595632 0.996481 0 0.0348576 0.997732 0.0575753 0 -0.997651 0.0313399 0.060909 0 -4273.36 -60.3363 1457.58 1 2
0.0589665 -0.0595632 0.996481 0 0.0348576 0.997732 0.0575753 0 -0.997651 0.0313399 0.060909 0 -4273.36 -60.3363 1457.58 1 2
0.0589665 -0.0595632 0.996481 0 0.0348576 0.997732 0.0575753 0 -0.997651 0.0313399 0.060909 0 -4273.36 -60.3363 1457.58 1 2
0.0589665 -0.0595632 0.996481 0 0.0348576 0.997732 0.0575753 0 -0.997651 0.0313399 0.060909 0 -4273.36 -60.3363 1457.58 1 2
0.0589665 -0.0595632 0.996481 0 0.0348576 0.997732 0.0575753 0 -0.997651 0.0313399 0.060909 0 -4273.36 -60.3363 1457.58 1 2
0.0589665 -0.0595632 0.996481 0 0.0348576 0.997732 0.0575753 0 -0.997651 0.0313399 0.060909 0 -4273.36 -60.3363 1457.58 1 2
0.0589665 -0.0595632 0.996481 0 0.0348576 0.997732 0.0575753 0 -0.997651 0.0313399 0.060909 0 -4273.36 -60.3363 1457.58 1 2
0.0589665 -0.0595632 0.996481 0 0.0348576 0.997732 0.0575753 0 -0.997651 0.0313399 0.060909 0 -4273.36 -60.3363 1457.58 1 2
0.0589665 -0.0595632 0.996481 0 0.0348576 0.997732 0.0575753 0 -0.997651 0.0313399 0.060909 0 -4273.36 -60.3363 1457.58 1 2
0.0589665 -0.0595632 0.996481 0 0.0348576 0.997732 0.0575753 0 -0.997651 0.0313399 0.060909 0 -4273.36 -60.3363 1457.58 1 2
0.0589665 -0.0595632 0.996481 0 0.0348576 0.997732 0.0575753 0 -0.997651 0.0313399 0.060909 0 -4273.36 -60.3363 1457.58 1 2
0.0589665 -0.0595632 0.996481 0 0.0348576 0.997732 0.0575753 0 -0.997651 0.0313399 0.060909 0 -4273.36 -60.3363 1457.58 1 2
0.0589665 -0.0595632 0.996481 0 0.0348576 0.997732 0.0575753 0 -0.997651 0.0313399 0.060909 0 -4273.36 -60.3363 1457.58 1 2
0.0589665 -0.0595632 0.996481 0 0.0348576 0.997732 0.0575753 0 -0.997651 0.0313399 0.060909 0 -4273.36 -60.3363 1457.58 1 2
0.0589665 -0.0595632 0.996481 0 0.0348576 0.997732 0.0575753 0 -0.997651 0.0313399 0.060909 0 -4273.36 -60.3363 1457.58 1 2
0.0589665 -0.0595632 0.996481 0 0.0348576 0.997732 0.0575753 0 -0.997651 0.0313399 0.060909 0 -4273.36 -60.3363 1457.58 1 2
0.0574209 -0.0662935 0.996147 0 0.018927 0.997686 0.065305 0 -0.998171 0.0151042 0.0585428 0 -4270.25 -121.058 1463.99 1 3
0.0576773 -0.0681238 0.996008 0 0.00502248 0.997676 0.0679471 0 -0.998323 0.00108343 0.0578854 0 -4267.24 -167.392 1470.34 1 3
0.0588838 -0.0679978 0.995946 0 -0.00619636 0.997633 0.0684793 0 -0.998246 -0.0102036 0.0583231 0 -4264.74 -201.974 1475.62 1 3
0.0607906 -0.0663645 0.995942 0 -0.0147334 0.997619 0.0673756 0 -0.998042 -0.0187695 0.059668 0 -4262.73 -227.046 1481.7 1 3
0.0632045 -0.0639124 0.995952 0 -0.0190503 0.997688 0.0652328 0 -0.997819 -0.0230962 0.0618408 0 -4261.99 -240.435 1488.77 1 3
0.0662932 -0.0618647 0.99588 0 -0.0184915 0.997828 0.0632167 0 -0.997629 -0.0226062 0.0650052 0 -4262.87 -238.414 1498.27 1 3
0.0694194 -0.0581812 0.995889 0 -0.0159849 0.998105 0.0594249 0 -0.997459 -0.0200445 0.0683578 0 -4263.87 -230.107 1509.73 1 3
0.0723446 -0.0550807 0.995858 0 -0.012027 0.998353 0.0560924 0 -0.997307 -0.0160352 0.071563 0 -4265.62 -217.916 1521.21 1 3
0.0752604 -0.0518572 0.995815 0 -0.00705211 0.998594 0.052535 0 -0.997139 -0.0109764 0.0747889 0 -4267.05 -201.483 1533.64 1 3
0.0782894 -0.0494365 0.995704 0 -0.00185856 0.998761 0.0497344 0 -0.996929 -0.00574426 0.0781005 0 -4268.19 -184.23 1546.25 1 3
0.0811381 -0.0476077 0.995565 0 0.00264567 0.998865 0.0475498 0 -0.996699 -0.00122417 0.081172 0 -4269.55 -169.027 1557.11 1 3
0.0837575 -0.0466188 0.995395 0 0.00640524 0.99891 0.0462444 0 -0.996466 0.00250243 0.0839647 0 -4270.9 -156.782 1566.23 1 3
0.085787 -0.0461384 0.995245 0 0.00955567 0.998919 0.0454851 0 -0.996268 0.0056082 0.0861352 0 -4272.35 -146.574 1572.71 1 3
0.0877371 -0.046341 0.995065 0 0.0119103 0.998895 0.0454692 0 -0.996072 0.00786219 0.0881921 0 -4273.4 -139.654 1578.1 1 3
0.0898389 -0.046476 0.994871 0 0.0136303 0.998874 0.0454322 0 -0.995863 0.00947878 0.0903713 0 -4273.82 -134.891 1584.27 1 3
0.0920368 -0.0466611 0.994662 0 0.0148924 0.998854 0.0454798 0 -0.995644 0.0106271 0.0926263 0 -4273.68 -131.285 1591.01 1 3
0.0943723 -0.0467277 0.99444 0 0.0161463 0.998838 0.0454021 0 -0.995406 0.0117718 0.0950172 0 -4272.88 -127.603 1598.62 1 3
0.0965294 -0.046329 0.994251 0 0.0170744 0.998846 0.0448854 0 -0.995184 0.0126435 0.0972091 0 -4273 -124.514 1607.37 1 3
0.0986135 -0.04614 0.994056 0 0.0180421 0.998843 0.0445724 0 -0.994962 0.0135394 0.0993319 0 -4272.8 -121.156 1615.37 1 3
0.100434 -0.0459681 0.993881 0 0.0189037 0.99884 0.0442872 0 -0.994764 0.0143401 0.101186 0 -4272.74 -118.1 1621.97 1 3
0.101942 -0.0458338 0.993734 0 0.0197228 0.998835 0.0440458 0 -0.994595 0.015109 0.102728 0 -4272.71 -115.379 1627.36 1 3
0.103148 -0.0458245 0.99361 0 0.0202329 0.998828 0.0439648 0 -0.99446 0.0155687 0.103954 0 -4272.81 -113.808 1631.19 1 3
0.104186 -0.0459829 0.993494 0 0.0207467 0.998814 0.0440534 0 -0.994341 0.016022 0.105016 0 -4272.91 -112.579 1634.25 1 3
0.104843 -0.0461603 0.993417 0 0.0211233 0.9988 0.0441811 0 -0.994264 0.0163521 0.105693 0 -4273.34 -111.671 1635.84 1 3
0.105387 -0.0463693 0.99335 0 0.0215222 0.998785 0.0443397 0 -0.994198 0.0167063 0.106257 0 -4273.64 -110.692 1636.97 1 3
0.105855 -0.0465537 0.993291 0 0.0219365 0.99877 0.0444727 0 -0.99414 0.0170817 0.106746 0 -4273.96 -109.444 1637.77 1 3
0.106278 -0.0467372 0.993237 0 0.0223082 0.998755 0.0446099 0 -0.994086 0.0174163 0.107189 0 -4274.28 -108.443 1638.34 1 3
0.106655 -0.0468585 0.993191 0 0.0227739 0.998742 0.0446748 0 -0.994035 0.017854 0.107588 0 -4274.55 -107.091 1638.88 1 3
0.10713 -0.0470882 0.993129 0 0.0230745 0.998727 0.0448645 0 -0.993977 0.0181096 0.10808 0 -4274.56 -106.311 1639.76 1 3
0.107419 -0.0469977 0.993102 0 0.0231093 0.99873 0.0447644 0 -0.993945 0.0181414 0.108369 0 -4274.69 -105.692 1640.76 1 3
0.107702 -0.0470055 0.993071 0 0.0230936 0.99873 0.0447688 0 -0.993915 0.0181119 0.10865 0 -4274.9 -105.457 1641.3 1 3
0.107921 -0.0471117 0.993043 0 0.0231177 0.998725 0.0448689 0 -0.993891 0.0181146 0.108873 0 -4275.16 -105.334 1641.39 1 3
0.108125 -0.0471434 0.993019 0 0.023097 0.998724 0.0448994 0 -0.993869 0.018081 0.109076 0 -4275.31 -105.428 1641.37 1 3
0.108243 -0.0471526 0.993006 0 0.0230551 0.998725 0.044911 0 -0.993857 0.0180326 0.109192 0 -4275.5 -105.654 1641.2 1 3
0.10832 -0.0471722 0.992996 0 0.0230126 0.998725 0.044934 0 -0.99385 0.0179842 0.109267 0 -4275.69 -105.849 1640.84 1 3
0.108211 -0.0478275 0.992977 0 0.0225767 0.998703 0.045643 0 -0.993872 0.017479 0.10915 0 -4276.57 -107.993 1638.98 1 3
0.108034 -0.0483551 0.992971 0 0.0223575 0.998682 0.0462008 0 -0.993896 0.0172091 0.108972 0 -4277.37 -109.149 1637.29 1 3
0.108029 -0.048732 0.992953 0 0.0221714 0.998668 0.0466003 0 -0.993901 0.016981 0.108965 0 -4277.86 -110.03 1636.43 1 3
0.10811 -0.0489446 0.992933 0 0.0221089 0.998659 0.0468196 0 -0.993893 0.016891 0.109047 0 -4278.18 -110.486 1636.07 1 3
0.108281 -0.0490997 0.992907 0 0.0221091 0.998651 0.0469727 0 -0.993874 0.016866 0.109221 0 -4278.37 -110.653 1636.11 1 3
0.108506 -0.0493155 0.992872 0 0.0220801 0.998642 0.0471891 0 -0.993851 0.0168024 0.109447 0 -4278.38 -110.994 1636.29 1 3
0.108712 -0.0493979 0.992845 0 0.022022 0.998639 0.0472748 0 -0.993829 0.0167251 0.109652 0 -4278.36 -111.22 1636.46 1 3
0.108948 -0.0494492 0.992817 0 0.0219795 0.998638 0.0473271 0 -0.993804 0.0166654 0.109887 0 -4278.24 -111.449 1636.88 1 3
0.1091 -0.0494957 0.992798 0 0.0218973 0.998637 0.0473805 0 -0.99379 0.0165704 0.110035 0 -4278.24 -111.687 1637.09 1 3
0.109197 -0.0495492 0.992784 0 0.0218136 0.998636 0.0474419 0 -0.993781 0.0164757 0.110129 0 -4278.3 -111.95 1637.15 1 3
