0.207205 0 0.978298 0 0 1 0 0 -0.978298 0 0.207205 0 -1286.31 0 564.373 1 0
0.207205 0 0.978298 0 0 1 0 0 -0.978298 0 0.207205 0 -1286.31 0 564.373 1 0
0.207205 0 0.978298 0 0 1 0 0 -0.978298 0 0.207205 0 -1286.31 0 564.373 1 0
0.207205 0 0.978298 0 0 1 0 0 -0.978298 0 0.207205 0 -1286.31 0 564.373 1 0
0.207205 0 0.978298 0 0 1 0 0 -0.978298 0 0.207205 0 -1286.31 0 564.373 1 0
0.207205 0 0.978298 0 0 1 0 0 -0.978298 0 0.207205 0 -1286.31 0 564.373 1 0
0.207205 0 0.978298 0 0 1 0 0 -0.978298 0 0.207205 0 -1286.31 0 564.373 1 0
0.207205 0 0.978298 0 0 1 0 0 -0.978298 0 0.207205 0 -1286.31 0 564.373 1 0
0.207205 0 0.978298 0 0 1 0 0 -0.978298 0 0.207205 0 -1286.31 0 564.373 1 0
0.207205 0 0.978298 0 0 1 0 0 -0.978298 0 0.207205 0 -1286.31 0 564.373 1 0
0.207205 0 0.978298 0 0 1 0 0 -0.978298 0 0.207205 0 -1286.31 0 564.373 1 0
0.207205 0 0.978298 0 0 1 0 0 -0.978298 0 0.207205 0 -1286.31 0 564.373 1 0
0.207205 0 0.978298 0 0 1 0 0 -0.978298 0 0.207205 0 -1286.31 0 564.373 1 0
0.207205 0 0.978298 0 0 1 0 0 -0.978298 0 0.207205 0 -1286.31 0 564.373 1 0
0.207205 0 0.978298 0 0 1 0 0 -0.978298 0 0.207205 0 -1286.31 0 564.373 1 0
0.207205 0 0.978298 0 0 1 0 0 -0.978298 0 0.207205 0 -1286.31 0 564.373 1 0
0.207205 0 0.978298 0 0 1 0 0 -0.978298 0 0.207205 0 -1286.31 0 564.373 1 0
0.207205 0 0.978298 0 0 1 0 0 -0.978298 0 0.207205 0 -1286.31 0 564.373 1 0
0.207205 0 0.978298 0 0 1 0 0 -0.978298 0 0.207205 0 -1286.31 0 564.373 1 0
0.207205 0 0.978298 0 0 1 0 0 -0.978298 0 0.207205 0 -1286.31 0 564.373 1 0
0.207205 0 0.978298 0 0 1 0 0 -0.978298 0 0.207205 0 -1286.31 0 564.373 1 0
0.207205 0 0.978298 0 0 1 0 0 -0.978298 0 0.207205 0 -1286.31 0 564.373 1 0
0.207205 0 0.978298 0 0 1 0 0 -0.978298 0 0.207205 0 -1286.31 0 564.373 1 0
0.207205 0 0.978298 0 0 1 0 0 -0.978298 0 0.207205 0 -1286.31 0 564.373 1 0
0.234989 -0.0225736 0.971736 0 0.0113921 0.999726 0.0204689 0 -0.971931 0.00626016 0.235181 0 -989.512 -12.1129 975.345 1 1
0.24031 -0.022661 0.970432 0 -0.00645353 0.999668 0.0249418 0 -0.970675 -0.0122565 0.240084 0 -988.303 -15.8202 1009.39 1 1
0.24031 -0.022661 0.970432 0 -0.00645353 0.999668 0.0249418 0 -0.970675 -0.0122565 0.240084 0 -988.303 -15.8202 1009.39 1 2
0.24031 -0.022661 0.970432 0 -0.00645353 0.999668 0.0249418 0 -0.970675 -0.0122565 0.240084 0 -988.303 -15.8202 1009.39 1 2
0.24031 -0.022661 0.970432 0 -0.00645353 0.999668 0.0249418 0 -0.970675 -0.0122565 0.240084 0 -988.303 -15.8202 1009.39 1 2
0.24031 -0.022661 0.970432 0 -0.00645353 0.999668 0.0249418 0 -0.970675 -0.0122565 0.240084 0 -988.303 -15.8202 1009.39 1 2
0.24031 -0.022661 0.970432 0 -0.00645353 0.999668 0.0249418 0 -0.970675 -0.0122565 0.240084 0 -988.303 -15.8202 1009.39 1 2
0.24031 -0.022661 0.970432 0 -0.00645353 0.999668 0.0249418 0 -0.970675 -0.0122565 0.240084 0 -988.303 -15.8202 1009.39 1 2
0.24031 -0.022661 0.970432 0 -0.00645353 0.999668 0.0249418 0 -0.970675 -0.0122565 0.240084 0 -988.303 -15.8202 1009.39 1 2
0.24031 -0.022661 0.970432 0 -0.00645353 0.999668 0.0249418 0 -0.970675 -0.0122565 0.240084 0 -988.303 -15.8202 1009.39 1 2
0.24031 -0.022661 0.970432 0 -0.00645353 0.999668 0.0249418 0 -0.970675 -0.0122565 0.240084 0 -988.303 -15.8202 1009.39 1 2
0.24031 -0.022661 0.970432 0 -0.00645353 0.999668 0.0249418 0 -0.970675 -0.0122565 0.240084 0 -988.303 -15.8202 1009.39 1 2
0.24031 -0.022661 0.970432 0 -0.00645353 0.999668 0.0249418 0 -0.970675 -0.0122565 0.240084 0 -988.303 -15.8202 1009.39 1 2
0.24031 -0.022661 0.970432 0 -0.00645353 0.999668 0.0249418 0 -0.970675 -0.0122565 0.240084 0 -988.303 -15.8202 1009.39 1 2
0.24031 -0.022661 0.970432 0 -0.00645353 0.999668 0.0249418 0 -0.970675 -0.0122565 0.240084 0 -988.303 -15.8202 1009.39 1 2
0.24031 -0.022661 0.970432 0 -0.00645353 0.999668 0.0249418 0 -0.970675 -0.0122565 0.240084 0 -988.303 -15.8202 1009.39 1 2
0.24031 -0.022661 0.970432 0 -0.00645353 0.999668 0.0249418 0 -0.970675 -0.0122565 0.240084 0 -988.303 -15.8202 1009.39 1 2
0.24031 -0.022661 0.970432 0 -0.00645353 0.999668 0.0249418 0 -0.970675 -0.0122565 0.240084 0 -988.303 -15.8202 1009.39 1 2
0.24031 -0.022661 0.970432 0 -0.00645353 0.999668 0.0249418 0 -0.970675 -0.0122565 0.240084 0 -988.303 -15.8202 1009.39 1 2
0.24031 -0.022661 0.970432 0 -0.00645353 0.999668 0.0249418 0 -0.970675 -0.0122565 0.240084 0 -988.303 -15.8202 1009.39 1 2
0.24031 -0.022661 0.970432 0 -0.00645353 0.999668 0.0249418 0 -0.970675 -0.0122565 0.240084 0 -988.303 -15.8202 1009.39 1 2
0.24031 -0.022661 0.970432 0 -0.00645353 0.999668 0.0249418 0 -0.970675 -0.0122565 0.240084 0 -988.303 -15.8202 1009.39 1 2
0.24031 -0.022661 0.970432 0 -0.00645353 0.999668 0.0249418 0 -0.970675 -0.0122565 0.240084 0 -988.303 -15.8202 1009.39 1 2
0.24031 -0.022661 0.970432 0 -0.00645353 0.999668 0.0249418 0 -0.970675 -0.0122565 0.240084 0 -988.303 -15.8202 1009.39 1 2
0.24031 -0.022661 0.970432 0 -0.00645353 0.999668 0.0249418 0 -0.970675 -0.0122565 0.240084 0 -988.303 -15.8202 1009.39 1 2
0.24031 -0.022661 0.970432 0 -0.00645353 0.999668 0.0249418 0 -0.970675 -0.0122565 0.240084 0 -988.303 -15.8202 1009.39 1 2
0.24031 -0.022661 0.970432 0 -0.00645353 0.999668 0.0249418 0 -0.970675 -0.0122565 0.240084 0 -988.303 -15.8202 1009.39 1 2
0.24031 -0.022661 0.970432 0 -0.00645353 0.999668 0.0249418 0 -0.970675 -0.0122565 0.240084 0 -988.303 -15.8202 1009.39 1 2
0.24031 -0.022661 0.970432 0 -0.00645353 0.999668 0.0249418 0 -0.970675 -0.0122565 0.240084 0 -988.303 -15.8202 1009.39 1 2
0.24031 -0.022661 0.970432 0 -0.00645353 0.999668 0.0249418 0 -0.970675 -0.0122565 0.240084 0 -988.303 -15.8202 1009.39 1 2
0.24031 -0.022661 0.970432 0 -0.00645353 0.999668 0.0249418 0 -0.970675 -0.0122565 0.240084 0 -988.303 -15.8202 1009.39 1 2
0.24031 -0.022661 0.970432 0 -0.00645353 0.999668 0.0249418 0 -0.970675 -0.0122565 0.240084 0 -988.303 -15.8202 1009.39 1 2
0.24031 -0.022661 0.970432 0 -0.00645353 0.999668 0.0249418 0 -0.970675 -0.0122565 0.240084 0 -988.303 -15.8202 1009.39 1 2
0.24031 -0.022661 0.970432 0 -0.00645353 0.999668 0.0249418 0 -0.970675 -0.0122565 0.240084 0 -988.303 -15.8202 1009.39 1 2
0.24031 -0.022661 0.970432 0 -0.00645353 0.999668 0.0249418 0 -0.970675 -0.0122565 0.240084 0 -988.303 -15.8202 1009.39 1 2
0.24031 -0.022661 0.970432 0 -0.00645353 0.999668 0.0249418 0 -0.970675 -0.0122565 0.240084 0 -988.303 -15.8202 1009.39 1 2
0.24031 -0.022661 0.970432 0 -0.00645353 0.999668 0.0249418 0 -0.970675 -0.0122565 0.240084 0 -988.303 -15.8202 1009.39 1 2
0.24031 -0.022661 0.970432 0 -0.00645353 0.999668 0.0249418 0 -0.970675 -0.0122565 0.240084 0 -988.303 -15.8202 1009.39 1 2
0.24031 -0.022661 0.970432 0 -0.00645353 0.999668 0.0249418 0 -0.970675 -0.0122565 0.240084 0 -988.303 -15.8202 1009.39 1 2
0.24031 -0.022661 0.970432 0 -0.00645353 0.999668 0.0249418 0 -0.970675 -0.0122565 0.240084 0 -988.303 -15.8202 1009.39 1 2
0.24031 -0.022661 0.970432 0 -0.00645353 0.999668 0.0249418 0 -0.970675 -0.0122565 0.240084 0 -988.303 -15.8202 1009.39 1 2
0.24031 -0.022661 0.970432 0 -0.00645353 0.999668 0.0249418 0 -0.970675 -0.0122565 0.240084 0 -988.303 -15.8202 1009.39 1 2
0.24031 -0.022661 0.970432 0 -0.00645353 0.999668 0.0249418 0 -0.970675 -0.0122565 0.240084 0 -988.303 -15.8202 1009.39 1 2
0.24031 -0.022661 0.970432 0 -0.00645353 0.999668 0.0249418 0 -0.970675 -0.0122565 0.240084 0 -988.303 -15.8202 1009.39 1 2
0.24031 -0.022661 0.970432 0 -0.00645353 0.999668 0.0249418 0 -0.970675 -0.0122565 0.240084 0 -988.303 -15.8202 1009.39 1 2
0.24031 -0.022661 0.970432 0 -0.00645353 0.999668 0.0249418 0 -0.970675 -0.0122565 0.240084 0 -988.303 -15.8202 1009.39 1 2
0.24031 -0.022661 0.970432 0 -0.00645353 0.999668 0.0249418 0 -0.970675 -0.0122565 0.240084 0 -988.303 -15.8202 1009.39 1 2
0.24031 -0.022661 0.970432 0 -0.00645353 0.999668 0.0249418 0 -0.970675 -0.0122565 0.240084 0 -988.303 -15.8202 1009.39 1 2
0.24031 -0.022661 0.970432 0 -0.00645353 0.999668 0.0249418 0 -0.970675 -0.0122565 0.240084 0 -988.303 -15.8202 1009.39 1 2
0.24031 -0.022661 0.970432 0 -0.00645353 0.999668 0.0249418 0 -0.970675 -0.0122565 0.240084 0 -988.303 -15.8202 1009.39 1 2
0.24031 -0.022661 0.970432 0 -0.00645353 0.999668 0.0249418 0 -0.970675 -0.0122565 0.240084 0 -988.303 -15.8202 1009.39 1 2
0.24031 -0.022661 0.970432 0 -0.00645353 0.999668 0.0249418 0 -0.970675 -0.0122565 0.240084 0 -988.303 -15.8202 1009.39 1 2
0.24031 -0.022661 0.970432 0 -0.00645353 0.999668 0.0249418 0 -0.970675 -0.0122565 0.240084 0 -988.303 -15.8202 1009.39 1 2
0.24031 -0.022661 0.970432 0 -0.00645353 0.999668 0.0249418 0 -0.970675 -0.0122565 0.240084 0 -988.303 -15.8202 1009.39 1 2
0.24031 -0.022661 0.970432 0 -0.00645353 0.999668 0.0249418 0 -0.970675 -0.0122565 0.240084 0 -988.303 -15.8202 1009.39 1 2
0.24031 -0.022661 0.970432 0 -0.00645353 0.999668 0.0249418 0 -0.970675 -0.0122565 0.240084 0 -988.303 -15.8202 1009.39 1 2
0.24031 -0.022661 0.970432 0 -0.00645353 0.999668 0.0249418 0 -0.970675 -0.0122565 0.240084 0 -988.303 -15.8202 1009.39 1 2
0.24031 -0.022661 0.970432 0 -0.00645353 0.999668 0.0249418 0 -0.970675 -0.0122565 0.240084 0 -988.303 -15.8202 1009.39 1 2
0.24031 -0.022661 0.970432 0 -0.00645353 0.999668 0.0249418 0 -0.970675 -0.0122565 0.240084 0 -988.303 -15.8202 1009.39 1 2
0.24031 -0.022661 0.970432 0 -0.00645353 0.999668 0.0249418 0 -0.970675 -0.0122565 0.240084 0 -988.303 -15.8202 1009.39 1 2
0.24031 -0.022661 0.970432 0 -0.00645353 0.999668 0.0249418 0 -0.970675 -0.0122565 0.240084 0 -988.303 -15.8202 1009.39 1 2
0.24031 -0.022661 0.970432 0 -0.00645353 0.999668 0.0249418 0 -0.970675 -0.0122565 0.240084 0 -988.303 -15.8202 1009.39 1 2
0.24031 -0.022661 0.970432 0 -0.00645353 0.999668 0.0249418 0 -0.970675 -0.0122565 0.240084 0 -988.303 -15.8202 1009.39 1 2
0.24031 -0.022661 0.970432 0 -0.00645353 0.999668 0.0249418 0 -0.970675 -0.0122565 0.240084 0 -988.303 -15.8202 1009.39 1 2
0.24031 -0.022661 0.970432 0 -0.00645353 0.999668 0.0249418 0 -0.970675 -0.0122565 0.240084 0 -988.303 -15.8202 1009.39 1 2
0.24031 -0.022661 0.970432 0 -0.00645353 0.999668 0.0249418 0 -0.970675 -0.0122565 0.240084 0 -988.303 -15.8202 1009.39 1 2
0.24031 -0.022661 0.970432 0 -0.00645353 0.999668 0.0249418 0 -0.970675 -0.0122565 0.240084 0 -988.303 -15.8202 1009.39 1 2
0.24031 -0.022661 0.970432 0 -0.00645353 0.999668 0.0249418 0 -0.970675 -0.0122565 0.240084 0 -988.303 -15.8202 1009.39 1 2
0.24031 -0.022661 0.970432 0 -0.00645353 0.999668 0.0249418 0 -0.970675 -0.0122565 0.240084 0 -988.303 -15.8202 1009.39 1 2
0.24031 -0.022661 0.970432 0 -0.00645353 0.999668 0.0249418 0 -0.970675 -0.0122565 0.240084 0 -988.303 -15.8202 1009.39 1 2
0.24031 -0.022661 0.970432 0 -0.00645353 0.999668 0.0249418 0 -0.970675 -0.0122565 0.240084 0 -988.303 -15.8202 1009.39 1 2
0.24031 -0.022661 0.970432 0 -0.00645353 0.999668 0.0249418 0 -0.970675 -0.0122565 0.240084 0 -988.303 -15.8202 1009.39 1 2
0.24031 -0.022661 0.970432 0 -0.00645353 0.999668 0.0249418 0 -0.970675 -0.0122565 0.240084 0 -988.303 -15.8202 1009.39 1 2
0.24031 -0.022661 0.970432 0 -0.00645353 0.999668 0.0249418 0 -0.970675 -0.0122565 0.240084 0 -988.303 -15.8202 1009.39 1 2
0.24031 -0.022661 0.970432 0 -0.00645353 0.999668 0.0249418 0 -0.970675 -0.0122565 0.240084 0 -988.303 -15.8202 1009.39 1 2
0.24031 -0.022661 0.970432 0 -0.00645353 0.999668 0.0249418 0 -0.970675 -0.0122565 0.240084 0 -988.303 -15.8202 1009.39 1 2
0.24031 -0.022661 0.970432 0 -0.00645353 0.999668 0.0249418 0 -0.970675 -0.0122565 0.240084 0 -988.303 -15.8202 1009.39 1 2
0.24031 -0.022661 0.970432 0 -0.00645353 0.999668 0.0249418 0 -0.970675 -0.0122565 0.240084 0 -988.303 -15.8202 1009.39 1 2
0.24031 -0.022661 0.970432 0 -0.00645353 0.999668 0.0249418 0 -0.970675 -0.0122565 0.240084 0 -988.303 -15.8202 1009.39 1 2
0.24031 -0.022661 0.970432 0 -0.00645353 0.999668 0.0249418 0 -0.970675 -0.0122565 0.240084 0 -988.303 -15.8202 1009.39 1 2
0.24031 -0.022661 0.970432 0 -0.00645353 0.999668 0.0249418 0 -0.970675 -0.0122565 0.240084 0 -988.303 -15.8202 1009.39 1 2
0.24031 -0.022661 0.970432 0 -0.00645353 0.999668 0.0249418 0 -0.970675 -0.0122565 0.240084 0 -988.303 -15.8202 1009.39 1 2
0.24031 -0.022661 0.970432 0 -0.00645353 0.999668 0.0249418 0 -0.970675 -0.0122565 0.240084 0 -988.303 -15.8202 1009.39 1 2
0.24031 -0.022661 0.970432 0 -0.00645353 0.999668 0.0249418 0 -0.970675 -0.0122565 0.240084 0 -988.303 -15.8202 1009.39 1 2
0.24031 -0.022661 0.970432 0 -0.00645353 0.999668 0.0249418 0 -0.970675 -0.0122565 0.240084 0 -988.303 -15.8202 1009.39 1 2
0.24031 -0.022661 0.970432 0 -0.00645353 0.999668 0.0249418 0 -0.970675 -0.0122565 0.240084 0 -988.303 -15.8202 1009.39 1 2
0.24031 -0.022661 0.970432 0 -0.00645353 0.999668 0.0249418 0 -0.970675 -0.0122565 0.240084 0 -988.303 -15.8202 1009.39 1 2
0.24031 -0.022661 0.970432 0 -0.00645353 0.999668 0.0249418 0 -0.970675 -0.0122565 0.240084 0 -988.303 -15.8202 1009.39 1 2
0.24031 -0.022661 0.970432 0 -0.00645353 0.999668 0.0249418 0 -0.970675 -0.0122565 0.240084 0 -988.303 -15.8202 1009.39 1 2
0.24031 -0.022661 0.970432 0 -0.00645353 0.999668 0.0249418 0 -0.970675 -0.0122565 0.240084 0 -988.303 -15.8202 1009.39 1 2
0.24031 -0.022661 0.970432 0 -0.00645353 0.999668 0.0249418 0 -0.970675 -0.0122565 0.240084 0 -988.303 -15.8202 1009.39 1 2
0.24031 -0.022661 0.970432 0 -0.00645353 0.999668 0.0249418 0 -0.970675 -0.0122565 0.240084 0 -988.303 -15.8202 1009.39 1 2
0.24031 -0.022661 0.970432 0 -0.00645353 0.999668 0.0249418 0 -0.970675 -0.0122565 0.240084 0 -988.303 -15.8202 1009.39 1 2
0.24031 -0.022661 0.970432 0 -0.00645353 0.999668 0.0249418 0 -0.970675 -0.0122565 0.240084 0 -988.303 -15.8202 1009.39 1 2
0.24031 -0.022661 0.970432 0 -0.00645353 0.999668 0.0249418 0 -0.970675 -0.0122565 0.240084 0 -988.303 -15.8202 1009.39 1 2
0.24031 -0.022661 0.970432 0 -0.00645353 0.999668 0.0249418 0 -0.970675 -0.0122565 0.240084 0 -988.303 -15.8202 1009.39 1 2
0.24031 -0.022661 0.970432 0 -0.00645353 0.999668 0.0249418 0 -0.970675 -0.0122565 0.240084 0 -988.303 -15.8202 1009.39 1 2
0.24031 -0.022661 0.970432 0 -0.00645353 0.999668 0.0249418 0 -0.970675 -0.0122565 0.240084 0 -988.303 -15.8202 1009.39 1 2
0.24031 -0.022661 0.970432 0 -0.00645353 0.999668 0.0249418 0 -0.970675 -0.0122565 0.240084 0 -988.303 -15.8202 1009.39 1 2
0.24031 -0.022661 0.970432 0 -0.00645353 0.999668 0.0249418 0 -0.970675 -0.0122565 0.240084 0 -988.303 -15.8202 1009.39 1 2
0.24031 -0.022661 0.970432 0 -0.00645353 0.999668 0.0249418 0 -0.970675 -0.0122565 0.240084 0 -988.303 -15.8202 1009.39 1 2
0.24031 -0.022661 0.970432 0 -0.00645353 0.999668 0.0249418 0 -0.970675 -0.0122565 0.240084 0 -988.303 -15.8202 1009.39 1 2
0.24031 -0.022661 0.970432 0 -0.00645353 0.999668 0.0249418 0 -0.970675 -0.0122565 0.240084 0 -988.303 -15.8202 1009.39 1 2
0.24031 -0.022661 0.970432 0 -0.00645353 0.999668 0.0249418 0 -0.970675 -0.0122565 0.240084 0 -988.303 -15.8202 1009.39 1 2
0.243785 -0.021374 0.969594 0 -0.0140276 0.999575 0.0255618 0 -0.969728 -0.0198326 0.243382 0 -985.257 -26.8921 1011.63 1 3
0.24664 -0.0193686 0.968914 0 -0.0208567 0.999463 0.0252884 0 -0.968883 -0.0264455 0.246104 0 -982.334 -34.1261 1013.35 1 3
0.248629 -0.0171143 0.968447 0 -0.0264653 0.999351 0.0244549 0 -0.968237 -0.0317105 0.248015 0 -979.886 -38.9194 1014.89 1 3
0.250369 -0.014549 0.968041 0 -0.0309592 0.999255 0.0230253 0 -0.967655 -0.0357346 0.249732 0 -977.911 -42.0863 1016.42 1 3
0.251883 -0.0124247 0.967678 0 -0.0335244 0.999205 0.0215558 0 -0.967177 -0.0378704 0.251266 0 -976.506 -43.8412 1017.89 1 3
0.253614 -0.0118092 0.967233 0 -0.0330111 0.999237 0.0208556 0 -0.966742 -0.0372187 0.253031 0 -976.048 -43.168 1019.16 1 3
0.255468 -0.0108973 0.966756 0 -0.0315291 0.999311 0.0195959 0 -0.966303 -0.0354871 0.254949 0 -975.702 -41.6238 1020.7 1 3
0.257173 -0.0107835 0.966305 0 -0.0292691 0.999392 0.0189424 0 -0.965922 -0.0331543 0.256701 0 -975.932 -39.9535 1022.36 1 3
0.258808 -0.0102625 0.965874 0 -0.0261389 0.999503 0.0176238 0 -0.965575 -0.0298081 0.258411 0 -975.872 -37.8593 1024.69 1 3
0.260594 -0.010265 0.965394 0 -0.0228242 0.999599 0.0167897 0 -0.965179 -0.0264096 0.260255 0 -975.914 -35.6146 1026.99 1 3
0.262114 -0.0105161 0.96498 0 -0.0197097 0.999674 0.0162478 0 -0.964836 -0.0232783 0.261821 0 -976.478 -33.9991 1028.73 1 3
0.263361 -0.0109471 0.964635 0 -0.0170688 0.999726 0.0160054 0 -0.964546 -0.0206804 0.263102 0 -977.292 -32.9037 1030.19 1 3
0.264083 -0.011248 0.964434 0 -0.0149579 0.999764 0.0157559 0 -0.964384 -0.0185867 0.263853 0 -978.143 -31.7885 1031.31 1 3
0.264662 -0.0116986 0.96427 0 -0.0135207 0.999783 0.0158404 0 -0.964246 -0.01723 0.264447 0 -978.749 -31.1821 1032.11 1 3
0.265406 -0.0119363 0.964063 0 -0.012581 0.999795 0.0158422 0 -0.964055 -0.0163335 0.265202 0 -979.002 -30.7706 1032.94 1 3
0.266346 -0.0121209 0.963801 0 -0.0118498 0.999804 0.0158483 0 -0.963805 -0.015642 0.266151 0 -978.966 -30.3285 1033.86 1 3
0.267531 -0.0124356 0.963469 0 -0.010966 0.999813 0.0159497 0 -0.963487 -0.0148325 0.267344 0 -978.596 -29.9992 1034.77 1 3
0.269599 -0.0119259 0.962899 0 -0.0103488 0.99983 0.0152809 0 -0.962917 -0.0140846 0.26943 0 -979.81 -29.6146 1036.21 1 3
0.271391 -0.0117278 0.962398 0 -0.00964787 0.999842 0.0149047 0 -0.962421 -0.0133301 0.271235 0 -980.592 -29.0315 1037.43 1 3
0.272816 -0.0115443 0.961997 0 -0.00900341 0.999854 0.0145519 0 -0.962024 -0.0126313 0.272672 0 -981.35 -28.4792 1038.28 1 3
0.27392 -0.011516 0.961684 0 -0.00844593 0.999861 0.0143789 0 -0.961715 -0.012061 0.273784 0 -981.822 -28.0733 1038.96 1 3
0.274647 -0.0115351 0.961476 0 -0.00810907 0.999865 0.014312 0 -0.961511 -0.0117274 0.274517 0 -982.262 -27.8391 1039.34 1 3
0.275225 -0.0116582 0.961309 0 -0.00782826 0.999866 0.0143671 0 -0.961348 -0.0114796 0.275097 0 -982.551 -27.7648 1039.54 1 3
0.275458 -0.0118296 0.96124 0 -0.0076042 0.999866 0.014484 0 -0.961283 -0.0112992 0.275332 0 -982.93 -27.7127 1039.48 1 3
0.275597 -0.011954 0.961199 0 -0.00740078 0.999867 0.0145569 0 -0.961245 -0.0111255 0.275472 0 -983.111 -27.6212 1039.37 1 3
0.275657 -0.0121407 0.961179 0 -0.00707856 0.999867 0.0146595 0 -0.96123 -0.0108447 0.275534 0 -983.362 -27.4989 1039.17 1 3
0.275664 -0.0123075 0.961175 0 -0.00682155 0.999868 0.0147594 0 -0.96123 -0.0106253 0.275543 0 -983.549 -27.4041 1038.9 1 3
0.275752 -0.0124083 0.961149 0 -0.00646745 0.99987 0.0147637 0 -0.961207 -0.0102873 0.275636 0 -983.738 -27.3526 1038.62 1 3
0.275921 -0.0126014 0.961098 0 -0.006216 0.99987 0.0148943 0 -0.96116 -0.0100838 0.275807 0 -983.696 -27.3258 1038.37 1 3
0.275984 -0.0125107 0.961081 0 -0.00600013 0.999873 0.0147386 0 -0.961143 -0.00983424 0.275874 0 -983.763 -27.0082 1038.84 1 3
0.275906 -0.012454 0.961104 0 -0.00589067 0.999875 0.0146475 0 -0.961167 -0.00970287 0.275798 0 -983.879 -26.7682 1039.06 1 3
0.275765 -0.0124714 0.961144 0 -0.0058206 0.999876 0.014644 0 -0.961208 -0.00963274 0.275658 0 -983.967 -26.6982 1039.1 1 3
0.275667 -0.0124475 0.961173 0 -0.00586414 0.999876 0.0146305 0 -0.961235 -0.00966961 0.27556 0 -983.917 -26.6763 1039.05 1 3
0.275585 -0.0123696 0.961197 0 -0.0059492 0.999876 0.014573 0 -0.961258 -0.00973446 0.275477 0 -983.853 -26.6937 1038.97 1 3
0.275484 -0.012345 0.961226 0 -0.0060148 0.999876 0.0145652 0 -0.961287 -0.00979407 0.275376 0 -983.821 -26.7407 1038.77 1 3
0.275109 -0.0127045 0.961329 0 -0.00637323 0.999867 0.0150376 0 -0.961392 -0.0102638 0.274991 0 -984.194 -27.216 1038.29 1 3
0.274764 -0.0129559 0.961424 0 -0.00654529 0.999861 0.0153444 0 -0.961489 -0.0105089 0.274641 0 -984.52 -27.4695 1037.8 1 3
0.274567 -0.0131227 0.961479 0 -0.00670286 0.999856 0.0155606 0 -0.961545 -0.0107171 0.274439 0 -984.706 -27.6341 1037.5 1 3
0.27448 -0.0131715 0.961503 0 -0.00681997 0.999854 0.0156437 0 -0.961569 -0.0108513 0.27435 0 -984.802 -27.7379 1037.29 1 3
0.274472 -0.0131817 0.961505 0 -0.00686078 0.999854 0.0156659 0 -0.961571 -0.0108965 0.274342 0 -984.803 -27.7814 1037.13 1 3
0.274505 -0.0132678 0.961494 0 -0.00688075 0.999852 0.0157616 0 -0.961561 -0.0109424 0.274373 0 -984.713 -27.9074 1036.99 1 3
0.274519 -0.0132653 0.96149 0 -0.00692281 0.999852 0.0157711 0 -0.961557 -0.0109857 0.274386 0 -984.62 -27.9484 1036.87 1 3
0.274583 -0.0132594 0.961472 0 -0.00696696 0.999851 0.0157783 0 -0.961538 -0.011031 0.27445 0 -984.461 -27.9947 1036.82 1 3
0.274604 -0.0132853 0.961466 0 -0.00699445 0.99985 0.0158134 0 -0.961532 -0.0110673 0.27447 0 -984.376 -28.0565 1036.76 1 3
0.274599 -0.0132903 0.961467 0 -0.00704199 0.99985 0.0158321 0 -0.961533 -0.0111181 0.274464 0 -984.317 -28.1091 1036.72 1 3
