-0.699875 0 0.714265 0 0 1 0 0 -0.714265 0 -0.699875 0 -5072.04 0 -589.205 1 0
-0.699875 0 0.714265 0 0 1 0 0 -0.714265 0 -0.699875 0 -5072.04 0 -589.205 1 0
-0.699875 0 0.714265 0 0 1 0 0 -0.714265 0 -0.699875 0 -5072.04 0 -589.205 1 0
-0.699875 0 0.714265 0 0 1 0 0 -0.714265 0 -0.699875 0 -5072.04 0 -589.205 1 0
-0.699875 0 0.714265 0 0 1 0 0 -0.714265 0 -0.699875 0 -5072.04 0 -589.205 1 0
-0.699875 0 0.714265 0 0 1 0 0 -0.714265 0 -0.699875 0 -5072.04 0 -589.205 1 0
-0.699875 0 0.714265 0 0 1 0 0 -0.714265 0 -0.699875 0 -5072.04 0 -589.205 1 0
-0.699875 0 0.714265 0 0 1 0 0 -0.714265 0 -0.699875 0 -5072.04 0 -589.205 1 0
-0.699875 0 0.714265 0 0 1 0 0 -0.714265 0 -0.699875 0 -5072.04 0 -589.205 1 0
-0.699875 0 0.714265 0 0 1 0 0 -0.714265 0 -0.699875 0 -5072.04 0 -589.205 1 0
-0.699875 0 0.714265 0 0 1 0 0 -0.714265 0 -0.699875 0 -5072.04 0 -589.205 1 0
-0.699875 0 0.714265 0 0 1 0 0 -0.714265 0 -0.699875 0 -5072.04 0 -589.205 1 0
-0.699875 0 0.714265 0 0 1 0 0 -0.714265 0 -0.699875 0 -5072.04 0 -589.205 1 0
-0.699875 0 0.714265 0 0 1 0 0 -0.714265 0 -0.699875 0 -5072.04 0 -589.205 1 0
-0.699875 0 0.714265 0 0 1 0 0 -0.714265 0 -0.699875 0 -5072.04 0 -589.205 1 0
-0.699875 0 0.714265 0 0 1 0 0 -0.714265 0 -0.699875 0 -5072.04 0 -589.205 1 0
-0.699875 0 0.714265 0 0 1 0 0 -0.714265 0 -0.699875 0 -5072.04 0 -589.205 1 0
-0.699875 0 0.714265 0 0 1 0 0 -0.714265 0 -0.699875 0 -5072.04 0 -589.205 1 0
-0.699875 0 0.714265 0 0 1 0 0 -0.714265 0 -0.699875 0 -5072.04 0 -589.205 1 0
-0.699875 0 0.714265 0 0 1 0 0 -0.714265 0 -0.699875 0 -5072.04 0 -589.205 1 0
-0.699875 0 0.714265 0 0 1 0 0 -0.714265 0 -0.699875 0 -5072.04 0 -589.205 1 0
-0.699875 0 0.714265 0 0 1 0 0 -0.714265 0 -0.699875 0 -5072.04 0 -589.205 1 0
-0.699875 0 0.714265 0 0 1 0 0 -0.714265 0 -0.699875 0 -5072.04 0 -589.205 1 0
-0.699875 0 0.714265 0 0 1 0 0 -0.714265 0 -0.699875 0 -5072.04 0 -589.205 1 0
-0.699875 0 0.714265 0 0 1 0 0 -0.714265 0 -0.699875 0 -5072.04 0 -589.205 1 0
-0.699875 0 0.714265 0 0 1 0 0 -0.714265 0 -0.699875 0 -5072.04 0 -589.205 1 0
-0.699875 0 0.714265 0 0 1 0 0 -0.714265 0 -0.699875 0 -5072.04 0 -589.205 1 0
-0.699875 0 0.714265 0 0 1 0 0 -0.714265 0 -0.699875 0 -5072.04 0 -589.205 1 0
-0.699875 0 0.714265 0 0 1 0 0 -0.714265 0 -0.699875 0 -5072.04 0 -589.205 1 0
-0.699875 0 0.714265 0 0 1 0 0 -0.714265 0 -0.699875 0 -5072.04 0 -589.205 1 0
-0.699875 0 0.714265 0 0 1 0 0 -0.714265 0 -0.699875 0 -5072.04 0 -589.205 1 0
-0.699875 0 0.714265 0 0 1 0 0 -0.714265 0 -0.699875 0 -5072.04 0 -589.205 1 0
-0.699875 0 0.714265 0 0 1 0 0 -0.714265 0 -0.699875 0 -5072.04 0 -589.205 1 0
-0.699875 0 0.714265 0 0 1 0 0 -0.714265 0 -0.699875 0 -5072.04 0 -589.205 1 0
-0.699875 0 0.714265 0 0 1 0 0 -0.714265 0 -0.699875 0 -5072.04 0 -589.205 1 0
-0.699875 0 0.714265 0 0 1 0 0 -0.714265 0 -0.699875 0 -5072.04 0 -589.205 1 0
-0.699875 0 0.714265 0 0 1 0 0 -0.714265 0 -0.699875 0 -5072.04 0 -589.205 1 0
-0.699875 0 0.714265 0 0 1 0 0 -0.714265 0 -0.699875 0 -5072.04 0 -589.205 1 0
-0.699875 0 0.714265 0 0 1 0 0 -0.714265 0 -0.699875 0 -5072.04 0 -589.205 1 0
-0.699875 0 0.714265 0 0 1 0 0 -0.714265 0 -0.699875 0 -5072.04 0 -589.205 1 0
-0.699875 0 0.714265 0 0 1 0 0 -0.714265 0 -0.699875 0 -5072.04 0 -589.205 1 0
-0.699875 0 0.714265 0 0 1 0 0 -0.714265 0 -0.699875 0 -5072.04 0 -589.205 1 0
-0.699875 0 0.714265 0 0 1 0 0 -0.714265 0 -0.699875 0 -5072.04 0 -589.205 1 0
-0.699875 0 0.714265 0 0 1 0 0 -0.714265 0 -0.699875 0 -5072.04 0 -589.205 1 0
-0.699875 0 0.714265 0 0 1 0 0 -0.714265 0 -0.699875 0 -5072.04 0 -589.205 1 0
-0.699875 0 0.714265 0 0 1 0 0 -0.714265 0 -0.699875 0 -5072.04 0 -589.205 1 0
-0.699875 0 0.714265 0 0 1 0 0 -0.714265 0 -0.699875 0 -5072.04 0 -589.205 1 0
-0.699875 0 0.714265 0 0 1 0 0 -0.714265 0 -0.699875 0 -5072.04 0 -589.205 1 0
-0.699875 0 0.714265 0 0 1 0 0 -0.714265 0 -0.699875 0 -5072.04 0 -589.205 1 0
-0.699875 0 0.714265 0 0 1 0 0 -0.714265 0 -0.699875 0 -5072.04 0 -589.205 1 0
-0.699875 0 0.714265 0 0 1 0 0 -0.714265 0 -0.699875 0 -5072.04 0 -589.205 1 0
-0.699875 0 0.714265 0 0 1 0 0 -0.714265 0 -0.699875 0 -5072.04 0 -589.205 1 0
-0.699875 0 0.714265 0 0 1 0 0 -0.714265 0 -0.699875 0 -5072.04 0 -589.205 1 0
-0.699875 0 0.714265 0 0 1 0 0 -0.714265 0 -0.699875 0 -5072.04 0 -589.205 1 0
-0.699875 0 0.714265 0 0 1 0 0 -0.714265 0 -0.699875 0 -5072.04 0 -589.205 1 0
-0.699875 0 0.714265 0 0 1 0 0 -0.714265 0 -0.699875 0 -5072.04 0 -589.205 1 0
-0.699875 0 0.714265 0 0 1 0 0 -0.714265 0 -0.699875 0 -5072.04 0 -589.205 1 0
-0.699875 0 0.714265 0 0 1 0 0 -0.714265 0 -0.699875 0 -5072.04 0 -589.205 1 0
-0.665497 -0.0394767 0.745356 0 0.021561 0.997167 0.0720644 0 -0.746089 0.0640293 -0.66276 0 -4952.04 -33.2334 1335.72 1 1
-0.661864 -0.0375904 0.748681 0 0.0101062 0.998204 0.0590529 0 -0.749556 0.0466512 -0.660295 0 -4995.14 -37.4313 1394.48 1 1
-0.661864 -0.0375904 0.748681 0 0.0101062 0.998204 0.0590529 0 -0.749556 0.0466512 -0.660295 0 -4995.14 -37.4313 1394.48 1 2
-0.661864 -0.0375904 0.748681 0 0.0101062 0.998204 0.0590529 0 -0.749556 0.0466512 -0.660295 0 -4995.14 -37.4313 1394.48 1 2
-0.661864 -0.0375904 0.748681 0 0.0101062 0.998204 0.0590529 0 -0.749556 0.0466512 -0.660295 0 -4995.14 -37.4313 1394.48 1 2
-0.661864 -0.0375904 0.748681 0 0.0101062 0.998204 0.0590529 0 -0.749556 0.0466512 -0.660295 0 -4995.14 -37.4313 1394.48 1 2
-0.661864 -0.0375904 0.748681 0 0.0101062 0.998204 0.0590529 0 -0.749556 0.0466512 -0.660295 0 -4995.14 -37.4313 1394.48 1 2
-0.661864 -0.0375904 0.748681 0 0.0101062 0.998204 0.0590529 0 -0.749556 0.0466512 -0.660295 0 -4995.14 -37.4313 1394.48 1 2
-0.661864 -0.0375904 0.748681 0 0.0101062 0.998204 0.0590529 0 -0.749556 0.0466512 -0.660295 0 -4995.14 -37.4313 1394.48 1 2
-0.661864 -0.0375904 0.748681 0 0.0101062 0.998204 0.0590529 0 -0.749556 0.0466512 -0.660295 0 -4995.14 -37.4313 1394.48 1 2
-0.661864 -0.0375904 0.748681 0 0.0101062 0.998204 0.0590529 0 -0.749556 0.0466512 -0.660295 0 -4995.14 -37.4313 1394.48 1 2
-0.661864 -0.0375904 0.748681 0 0.0101062 0.998204 0.0590529 0 -0.749556 0.0466512 -0.660295 0 -4995.14 -37.4313 1394.48 1 2
-0.661864 -0.0375904 0.748681 0 0.0101062 0.998204 0.0590529 0 -0.749556 0.0466512 -0.660295 0 -4995.14 -37.4313 1394.48 1 2
-0.661864 -0.0375904 0.748681 0 0.0101062 0.998204 0.0590529 0 -0.749556 0.0466512 -0.660295 0 -4995.14 -37.4313 1394.48 1 2
-0.661864 -0.0375904 0.748681 0 0.0101062 0.998204 0.0590529 0 -0.749556 0.0466512 -0.660295 0 -4995.14 -37.4313 1394.48 1 2
-0.661864 -0.0375904 0.748681 0 0.0101062 0.998204 0.0590529 0 -0.749556 0.0466512 -0.660295 0 -4995.14 -37.4313 1394.48 1 2
-0.661864 -0.0375904 0.748681 0 0.0101062 0.998204 0.0590529 0 -0.749556 0.0466512 -0.660295 0 -4995.14 -37.4313 1394.48 1 2
-0.661864 -0.0375904 0.748681 0 0.0101062 0.998204 0.0590529 0 -0.749556 0.0466512 -0.660295 0 -4995.14 -37.4313 1394.48 1 2
-0.661864 -0.0375904 0.748681 0 0.0101062 0.998204 0.0590529 0 -0.749556 0.0466512 -0.660295 0 -4995.14 -37.4313 1394.48 1 2
-0.661864 -0.0375904 0.748681 0 0.0101062 0.998204 0.0590529 0 -0.749556 0.0466512 -0.660295 0 -4995.14 -37.4313 1394.48 1 2
-0.661864 -0.0375904 0.748681 0 0.0101062 0.998204 0.0590529 0 -0.749556 0.0466512 -0.660295 0 -4995.14 -37.4313 1394.48 1 2
-0.661864 -0.0375904 0.748681 0 0.0101062 0.998204 0.0590529 0 -0.749556 0.0466512 -0.660295 0 -4995.14 -37.4313 1394.48 1 2
-0.661864 -0.0375904 0.748681 0 0.0101062 0.998204 0.0590529 0 -0.749556 0.0466512 -0.660295 0 -4995.14 -37.4313 1394.48 1 2
-0.661864 -0.0375904 0.748681 0 0.0101062 0.998204 0.0590529 0 -0.749556 0.0466512 -0.660295 0 -4995.14 -37.4313 1394.48 1 2
-0.661864 -0.0375904 0.748681 0 0.0101062 0.998204 0.0590529 0 -0.749556 0.0466512 -0.660295 0 -4995.14 -37.4313 1394.48 1 2
-0.661864 -0.0375904 0.748681 0 0.0101062 0.998204 0.0590529 0 -0.749556 0.0466512 -0.660295 0 -4995.14 -37.4313 1394.48 1 2
-0.661864 -0.0375904 0.748681 0 0.0101062 0.998204 0.0590529 0 -0.749556 0.0466512 -0.660295 0 -4995.14 -37.4313 1394.48 1 2
-0.661864 -0.0375904 0.748681 0 0.0101062 0.998204 0.0590529 0 -0.749556 0.0466512 -0.660295 0 -4995.14 -37.4313 1394.48 1 2
-0.661864 -0.0375904 0.748681 0 0.0101062 0.998204 0.0590529 0 -0.749556 0.0466512 -0.660295 0 -4995.14 -37.4313 1394.48 1 2
-0.661864 -0.0375904 0.748681 0 0.0101062 0.998204 0.0590529 0 -0.749556 0.0466512 -0.660295 0 -4995.14 -37.4313 1394.48 1 2
-0.661864 -0.0375904 0.748681 0 0.0101062 0.998204 0.0590529 0 -0.749556 0.0466512 -0.660295 0 -4995.14 -37.4313 1394.48 1 2
-0.661864 -0.0375904 0.748681 0 0.0101062 0.998204 0.0590529 0 -0.749556 0.0466512 -0.660295 0 -4995.14 -37.4313 1394.48 1 2
-0.661864 -0.0375904 0.748681 0 0.0101062 0.998204 0.0590529 0 -0.749556 0.0466512 -0.660295 0 -4995.14 -37.4313 1394.48 1 2
-0.661864 -0.0375904 0.748681 0 0.0101062 0.998204 0.0590529 0 -0.749556 0.0466512 -0.660295 0 -4995.14 -37.4313 1394.48 1 2
-0.661864 -0.0375904 0.748681 0 0.0101062 0.998204 0.0590529 0 -0.749556 0.0466512 -0.660295 0 -4995.14 -37.4313 1394.48 1 2
-0.661864 -0.0375904 0.748681 0 0.0101062 0.998204 0.0590529 0 -0.749556 0.0466512 -0.660295 0 -4995.14 -37.4313 1394.48 1 2
-0.661864 -0.0375904 0.748681 0 0.0101062 0.998204 0.0590529 0 -0.749556 0.0466512 -0.660295 0 -4995.14 -37.4313 1394.48 1 2
-0.661864 -0.0375904 0.748681 0 0.0101062 0.998204 0.0590529 0 -0.749556 0.0466512 -0.660295 0 -4995.14 -37.4313 1394.48 1 2
-0.661864 -0.0375904 0.748681 0 0.0101062 0.998204 0.0590529 0 -0.749556 0.0466512 -0.660295 0 -4995.14 -37.4313 1394.48 1 2
-0.661864 -0.0375904 0.748681 0 0.0101062 0.998204 0.0590529 0 -0.749556 0.0466512 -0.660295 0 -4995.14 -37.4313 1394.48 1 2
-0.661864 -0.0375904 0.748681 0 0.0101062 0.998204 0.0590529 0 -0.749556 0.0466512 -0.660295 0 -4995.14 -37.4313 1394.48 1 2
-0.661864 -0.0375904 0.748681 0 0.0101062 0.998204 0.0590529 0 -0.749556 0.0466512 -0.660295 0 -4995.14 -37.4313 1394.48 1 2
-0.661864 -0.0375904 0.748681 0 0.0101062 0.998204 0.0590529 0 -0.749556 0.0466512 -0.660295 0 -4995.14 -37.4313 1394.48 1 2
-0.661864 -0.0375904 0.748681 0 0.0101062 0.998204 0.0590529 0 -0.749556 0.0466512 -0.660295 0 -4995.14 -37.4313 1394.48 1 2
-0.661864 -0.0375904 0.748681 0 0.0101062 0.998204 0.0590529 0 -0.749556 0.0466512 -0.660295 0 -4995.14 -37.4313 1394.48 1 2
-0.661864 -0.0375904 0.748681 0 0.0101062 0.998204 0.0590529 0 -0.749556 0.0466512 -0.660295 0 -4995.14 -37.4313 1394.48 1 2
-0.661864 -0.0375904 0.748681 0 0.0101062 0.998204 0.0590529 0 -0.749556 0.0466512 -0.660295 0 -4995.14 -37.4313 1394.48 1 2
-0.661864 -0.0375904 0.748681 0 0.0101062 0.998204 0.0590529 0 -0.749556 0.0466512 -0.660295 0 -4995.14 -37.4313 1394.48 1 2
-0.661864 -0.0375904 0.748681 0 0.0101062 0.998204 0.0590529 0 -0.749556 0.0466512 -0.660295 0 -4995.14 -37.4313 1394.48 1 2
-0.661864 -0.0375904 0.748681 0 0.0101062 0.998204 0.0590529 0 -0.749556 0.0466512 -0.660295 0 -4995.14 -37.4313 1394.48 1 2
-0.661864 -0.0375904 0.748681 0 0.0101062 0.998204 0.0590529 0 -0.749556 0.0466512 -0.660295 0 -4995.14 -37.4313 1394.48 1 2
-0.661864 -0.0375904 0.748681 0 0.0101062 0.998204 0.0590529 0 -0.749556 0.0466512 -0.660295 0 -4995.14 -37.4313 1394.48 1 2
-0.661864 -0.0375904 0.748681 0 0.0101062 0.998204 0.0590529 0 -0.749556 0.0466512 -0.660295 0 -4995.14 -37.4313 1394.48 1 2
-0.661864 -0.0375904 0.748681 0 0.0101062 0.998204 0.0590529 0 -0.749556 0.0466512 -0.660295 0 -4995.14 -37.4313 1394.48 1 2
-0.661864 -0.0375904 0.748681 0 0.0101062 0.998204 0.0590529 0 -0.749556 0.0466512 -0.660295 0 -4995.14 -37.4313 1394.48 1 2
-0.661864 -0.0375904 0.748681 0 0.0101062 0.998204 0.0590529 0 -0.749556 0.0466512 -0.660295 0 -4995.14 -37.4313 1394.48 1 2
-0.661864 -0.0375904 0.748681 0 0.0101062 0.998204 0.0590529 0 -0.749556 0.0466512 -0.660295 0 -4995.14 -37.4313 1394.48 1 2
-0.661864 -0.0375904 0.748681 0 0.0101062 0.998204 0.0590529 0 -0.749556 0.0466512 -0.660295 0 -4995.14 -37.4313 1394.48 1 2
-0.661864 -0.0375904 0.748681 0 0.0101062 0.998204 0.0590529 0 -0.749556 0.0466512 -0.660295 0 -4995.14 -37.4313 1394.48 1 2
-0.661864 -0.0375904 0.748681 0 0.0101062 0.998204 0.0590529 0 -0.749556 0.0466512 -0.660295 0 -4995.14 -37.4313 1394.48 1 2
-0.661864 -0.0375904 0.748681 0 0.0101062 0.998204 0.0590529 0 -0.749556 0.0466512 -0.660295 0 -4995.14 -37.4313 1394.48 1 2
-0.661864 -0.0375904 0.748681 0 0.0101062 0.998204 0.0590529 0 -0.749556 0.0466512 -0.660295 0 -4995.14 -37.4313 1394.48 1 2
-0.661864 -0.0375904 0.748681 0 0.0101062 0.998204 0.0590529 0 -0.749556 0.0466512 -0.660295 0 -4995.14 -37.4313 1394.48 1 2
-0.661864 -0.0375904 0.748681 0 0.0101062 0.998204 0.0590529 0 -0.749556 0.0466512 -0.660295 0 -4995.14 -37.4313 1394.48 1 2
-0.661864 -0.0375904 0.748681 0 0.0101062 0.998204 0.0590529 0 -0.749556 0.0466512 -0.660295 0 -4995.14 -37.4313 1394.48 1 2
-0.661864 -0.0375904 0.748681 0 0.0101062 0.998204 0.0590529 0 -0.749556 0.0466512 -0.660295 0 -4995.14 -37.4313 1394.48 1 2
-0.661864 -0.0375904 0.748681 0 0.0101062 0.998204 0.0590529 0 -0.749556 0.0466512 -0.660295 0 -4995.14 -37.4313 1394.48 1 2
-0.661864 -0.0375904 0.748681 0 0.0101062 0.998204 0.0590529 0 -0.749556 0.0466512 -0.660295 0 -4995.14 -37.4313 1394.48 1 2
-0.661864 -0.0375904 0.748681 0 0.0101062 0.998204 0.0590529 0 -0.749556 0.0466512 -0.660295 0 -4995.14 -37.4313 1394.48 1 2
-0.661864 -0.0375904 0.748681 0 0.0101062 0.998204 0.0590529 0 -0.749556 0.0466512 -0.660295 0 -4995.14 -37.4313 1394.48 1 2
-0.662241 -0.054763 0.747287 0 -0.00668575 0.997718 0.0671903 0 -0.749261 0.0395001 -0.661096 0 -4993.28 -112.561 1404.32 1 3
-0.661469 -0.0657809 0.747082 0 -0.0203125 0.997352 0.0698325 0 -0.749697 0.0310169 -0.661054 0 -4991.08 -170.368 1413.25 1 3
-0.660272 -0.0726477 0.747505 0 -0.0306325 0.997087 0.0698461 0 -0.750402 0.0232195 -0.660574 0 -4989.18 -213.862 1420.74 1 3
-0.658765 -0.0764971 0.74845 0 -0.0383634 0.996939 0.0681281 0 -0.75137 0.0161673 -0.659683 0 -4987.71 -245.754 1428.93 1 3
-0.657118 -0.0767745 0.749868 0 -0.042202 0.996986 0.0650934 0 -0.752605 0.0111281 -0.658378 0 -4987.49 -262.926 1438.16 1 3
-0.65498 -0.0741155 0.752002 0 -0.0414283 0.997204 0.0621986 0 -0.754509 0.00958466 -0.656219 0 -4988.99 -261.162 1450.4 1 3
-0.652753 -0.06876 0.754444 0 -0.0387372 0.997599 0.0574053 0 -0.75658 0.0082464 -0.653849 0 -4990.58 -251.666 1464.81 1 3
-0.650674 -0.0629367 0.756745 0 -0.0346273 0.997982 0.0532262 0 -0.758567 0.00842891 -0.65154 0 -4992.8 -237.096 1479.15 1 3
-0.648507 -0.0564761 0.75911 0 -0.0295212 0.99836 0.0490558 0 -0.760636 0.00940321 -0.649111 0 -4994.71 -217.383 1494.43 1 3
-0.646184 -0.050626 0.7615 0 -0.0242963 0.998656 0.0457755 0 -0.762794 0.0110778 -0.646546 0 -4996.26 -196.605 1509.92 1 3
-0.643993 -0.045747 0.763662 0 -0.0197223 0.998872 0.0432055 0 -0.764777 0.0127629 -0.644169 0 -4997.93 -178.283 1523.43 1 3
-0.642006 -0.0420676 0.765545 0 -0.0159469 0.99901 0.0415233 0 -0.766534 0.0144501 -0.642041 0 -4999.44 -163.378 1534.91 1 3
-0.640368 -0.0391791 0.767069 0 -0.0126747 0.999101 0.0404493 0 -0.767964 0.0161801 -0.640289 0 -5000.99 -150.924 1543.28 1 3
-0.638787 -0.0374403 0.768472 0 -0.010185 0.999139 0.0402123 0 -0.769316 0.0178602 -0.638618 0 -5002.18 -142.341 1550.41 1 3
-0.63711 -0.0361976 0.769922 0 -0.0083729 0.999163 0.0400467 0 -0.770727 0.0190677 -0.63688 0 -5002.71 -136.37 1558.35 1 3
-0.635396 -0.0353734 0.771376 0 -0.00699746 0.999173 0.0400557 0 -0.772155 0.0200536 -0.635118 0 -5002.66 -131.881 1566.88 1 3
-0.633549 -0.0344978 0.772933 0 -0.00568046 0.999186 0.0399399 0 -0.773682 0.0209133 -0.633229 0 -5001.92 -127.345 1576.36 1 3
-0.631916 -0.0335989 0.774308 0 -0.0047392 0.999209 0.0394901 0 -0.775022 0.0212849 -0.631576 0 -5001.98 -123.652 1586.76 1 3
-0.63035 -0.0328063 0.775618 0 -0.00376587 0.999224 0.0392037 0 -0.776302 0.0217911 -0.629984 0 -5001.72 -119.666 1596.36 1 3
-0.62895 -0.0321008 0.776783 0 -0.00293427 0.999238 0.038918 0 -0.777441 0.0221981 -0.628565 0 -5001.62 -116.069 1604.34 1 3
-0.627792 -0.0314283 0.777746 0 -0.00213861 0.99925 0.0386529 0 -0.778378 0.0226027 -0.627389 0 -5001.56 -112.834 1610.87 1 3
-0.62684 -0.0310835 0.778527 0 -0.00163256 0.999254 0.0385818 0 -0.779146 0.0229136 -0.626424 0 -5001.65 -110.939 1615.61 1 3
-0.626018 -0.0308589 0.779198 0 -0.00113619 0.999252 0.0386609 0 -0.779808 0.0233171 -0.625585 0 -5001.74 -109.379 1619.52 1 3
-0.62548 -0.0307151 0.779635 0 -0.000766043 0.999249 0.0387525 0 -0.78024 0.0236417 -0.625034 0 -5002.17 -108.231 1621.65 1 3
-0.625024 -0.0305929 0.780006 0 -0.000376752 0.999243 0.0388897 0 -0.780605 0.0240132 -0.624563 0 -5002.46 -106.997 1623.24 1 3
-0.624629 -0.0304445 0.780328 0 3.80362e-05 0.999239 0.0390158 0 -0.780922 0.0244 -0.624152 0 -5002.79 -105.469 1624.43 1 3
-0.624266 -0.030333 0.780622 0 0.000417277 0.999233 0.0391614 0 -0.781211 0.0247729 -0.623775 0 -5003.13 -104.21 1625.34 1 3
-0.623943 -0.0301219 0.780889 0 0.00088191 0.999229 0.0392488 0 -0.781469 0.0251777 -0.623436 0 -5003.42 -102.529 1626.18 1 3
-0.623553 -0.0301026 0.781201 0 0.00118516 0.999221 0.0394498 0 -0.78178 0.0255249 -0.623032 0 -5003.43 -101.543 1627.42 1 3
-0.623294 -0.0300166 0.781411 0 0.00121921 0.999225 0.0393561 0 -0.781986 0.0254831 -0.622774 0 -5003.57 -100.918 1628.62 1 3
-0.623053 -0.029992 0.781605 0 0.00122332 0.999226 0.0393178 0 -0.782179 0.0254532 -0.622534 0 -5003.78 -100.705 1629.37 1 3
-0.62286 -0.0300444 0.781756 0 0.00125721 0.999223 0.0394038 0 -0.782332 0.0255259 -0.622338 0 -5004.05 -100.573 1629.62 1 3
-0.622673 -0.0300739 0.781904 0 0.00124578 0.999222 0.0394246 0 -0.782481 0.0255227 -0.622151 0 -5004.22 -100.687 1629.76 1 3
-0.622544 -0.0300994 0.782006 0 0.0012168 0.999222 0.0394287 0 -0.782584 0.0254976 -0.622023 0 -5004.42 -100.946 1629.67 1 3
-0.622442 -0.0301432 0.782085 0 0.00117826 0.999221 0.0394498 0 -0.782665 0.0254767 -0.621922 0 -5004.64 -101.176 1629.36 1 3
-0.622405 -0.0309836 0.782082 0 0.000752252 0.999192 0.0401835 0 -0.782695 0.0255987 -0.621879 0 -5005.61 -103.627 1627.36 1 3
-0.622435 -0.0315801 0.782034 0 0.000548941 0.999168 0.0407853 0 -0.782671 0.0258155 -0.6219 0 -5006.52 -104.919 1625.52 1 3
-0.622366 -0.0320448 0.78207 0 0.000362285 0.99915 0.0412278 0 -0.782727 0.0259421 -0.621825 0 -5007.12 -105.917 1624.62 1 3
-0.622246 -0.0322775 0.782156 0 0.000323993 0.999139 0.0414896 0 -0.782821 0.0260702 -0.6217 0 -5007.52 -106.401 1624.32 1 3
-0.622088 -0.0324206 0.782276 0 0.00034418 0.999131 0.0416816 0 -0.782947 0.0261989 -0.621536 0 -5007.76 -106.563 1624.5 1 3
-0.621884 -0.0326182 0.782429 0 0.000340139 0.999121 0.0419221 0 -0.783109 0.0263368 -0.621327 0 -5007.81 -106.92 1624.87 1 3
-0.621693 -0.0327456 0.782576 0 0.000285704 0.999116 0.0420333 0 -0.783261 0.0263554 -0.621134 0 -5007.83 -107.2 1625.21 1 3
-0.621493 -0.0328373 0.782732 0 0.000234367 0.999113 0.0421011 0 -0.78342 0.026349 -0.620934 0 -5007.74 -107.468 1625.85 1 3
-0.621348 -0.0329342 0.782842 0 0.000163479 0.999111 0.0421624 0 -0.783535 0.0263255 -0.62079 0 -5007.8 -107.765 1626.2 1 3
-0.621248 -0.0330313 0.782917 0 7.92784e-05 0.999109 0.0422153 0 -0.783614 0.0262882 -0.620692 0 -5007.89 -108.089 1626.38 1 3
