0.484703 0 -0.874679 0 0 1 0 0 0.874679 0 0.484703 0 -323.823 0 -103.432 1 0
0.484703 0 -0.874679 0 0 1 0 0 0.874679 0 0.484703 0 -323.823 0 -103.432 1 0
0.484703 0 -0.874679 0 0 1 0 0 0.874679 0 0.484703 0 -323.823 0 -103.432 1 0
0.484703 0 -0.874679 0 0 1 0 0 0.874679 0 0.484703 0 -323.823 0 -103.432 1 0
0.484703 0 -0.874679 0 0 1 0 0 0.874679 0 0.484703 0 -323.823 0 -103.432 1 0
0.484703 0 -0.874679 0 0 1 0 0 0.874679 0 0.484703 0 -323.823 0 -103.432 1 0
0.484703 0 -0.874679 0 0 1 0 0 0.874679 0 0.484703 0 -323.823 0 -103.432 1 0
0.484703 0 -0.874679 0 0 1 0 0 0.874679 0 0.484703 0 -323.823 0 -103.432 1 0
0.484703 0 -0.874679 0 0 1 0 0 0.874679 0 0.484703 0 -323.823 0 -103.432 1 0
0.484703 0 -0.874679 0 0 1 0 0 0.874679 0 0.484703 0 -323.823 0 -103.432 1 0
0.484703 0 -0.874679 0 0 1 0 0 0.874679 0 0.484703 0 -323.823 0 -103.432 1 0
0.484703 0 -0.874679 0 0 1 0 0 0.874679 0 0.484703 0 -323.823 0 -103.432 1 0
0.484703 0 -0.874679 0 0 1 0 0 0.874679 0 0.484703 0 -323.823 0 -103.432 1 0
0.484703 0 -0.874679 0 0 1 0 0 0.874679 0 0.484703 0 -323.823 0 -103.432 1 0
0.484703 0 -0.874679 0 0 1 0 0 0.874679 0 0.484703 0 -323.823 0 -103.432 1 0
0.484703 0 -0.874679 0 0 1 0 0 0.874679 0 0.484703 0 -323.823 0 -103.432 1 0
0.484703 0 -0.874679 0 0 1 0 0 0.874679 0 0.484703 0 -323.823 0 -103.432 1 0
0.484703 0 -0.874679 0 0 1 0 0 0.874679 0 0.484703 0 -323.823 0 -103.432 1 0
0.484703 0 -0.874679 0 0 1 0 0 0.874679 0 0.484703 0 -323.823 0 -103.432 1 0
0.484703 0 -0.874679 0 0 1 0 0 0.874679 0 0.484703 0 -323.823 0 -103.432 1 0
0.484703 0 -0.874679 0 0 1 0 0 0.874679 0 0.484703 0 -323.823 0 -103.432 1 0
0.484703 0 -0.874679 0 0 1 0 0 0.874679 0 0.484703 0 -323.823 0 -103.432 1 0
0.484703 0 -0.874679 0 0 1 0 0 0.874679 0 0.484703 0 -323.823 0 -103.432 1 0
0.484703 0 -0.874679 0 0 1 0 0 0.874679 0 0.484703 0 -323.823 0 -103.432 1 0
0.484703 0 -0.874679 0 0 1 0 0 0.874679 0 0.484703 0 -323.823 0 -103.432 1 0
0.484703 0 -0.874679 0 0 1 0 0 0.874679 0 0.484703 0 -323.823 0 -103.432 1 0
0.484703 0 -0.874679 0 0 1 0 0 0.874679 0 0.484703 0 -323.823 0 -103.432 1 0
0.484703 0 -0.874679 0 0 1 0 0 0.874679 0 0.484703 0 -323.823 0 -103.432 1 0
0.484703 0 -0.874679 0 0 1 0 0 0.874679 0 0.484703 0 -323.823 0 -103.432 1 0
0.484703 0 -0.874679 0 0 1 0 0 0.874679 0 0.484703 0 -323.823 0 -103.432 1 0
0.484703 0 -0.874679 0 0 1 0 0 0.874679 0 0.484703 0 -323.823 0 -103.432 1 0
0.484703 0 -0.874679 0 0 1 0 0 0.874679 0 0.484703 0 -323.823 0 -103.432 1 0
0.484703 0 -0.874679 0 0 1 0 0 0.874679 0 0.484703 0 -323.823 0 -103.432 1 0
0.484703 0 -0.874679 0 0 1 0 0 0.874679 0 0.484703 0 -323.823 0 -103.432 1 0
0.484703 0 -0.874679 0 0 1 0 0 0.874679 0 0.484703 0 -323.823 0 -103.432 1 0
0.484703 0 -0.874679 0 0 1 0 0 0.874679 0 0.484703 0 -323.823 0 -103.432 1 0
0.484703 0 -0.874679 0 0 1 0 0 0.874679 0 0.484703 0 -323.823 0 -103.432 1 0
0.484703 0 -0.874679 0 0 1 0 0 0.874679 0 0.484703 0 -323.823 0 -103.432 1 0
0.484703 0 -0.874679 0 0 1 0 0 0.874679 0 0.484703 0 -323.823 0 -103.432 1 0
0.484703 0 -0.874679 0 0 1 0 0 0.874679 0 0.484703 0 -323.823 0 -103.432 1 0
0.484703 0 -0.874679 0 0 1 0 0 0.874679 0 0.484703 0 -323.823 0 -103.432 1 0
0.484703 0 -0.874679 0 0 1 0 0 0.874679 0 0.484703 0 -323.823 0 -103.432 1 0
0.484703 0 -0.874679 0 0 1 0 0 0.874679 0 0.484703 0 -323.823 0 -103.432 1 0
0.484703 0 -0.874679 0 0 1 0 0 0.874679 0 0.484703 0 -323.823 0 -103.432 1 0
0.484703 0 -0.874679 0 0 1 0 0 0.874679 0 0.484703 0 -323.823 0 -103.432 1 0
0.484703 0 -0.874679 0 0 1 0 0 0.874679 0 0.484703 0 -323.823 0 -103.432 1 0
0.484703 0 -0.874679 0 0 1 0 0 0.874679 0 0.484703 0 -323.823 0 -103.432 1 0
0.484703 0 -0.874679 0 0 1 0 0 0.874679 0 0.484703 0 -323.823 0 -103.432 1 0
0.484703 0 -0.874679 0 0 1 0 0 0.874679 0 0.484703 0 -323.823 0 -103.432 1 0
0.484703 0 -0.874679 0 0 1 0 0 0.874679 0 0.484703 0 -323.823 0 -103.432 1 0
0.484703 0 -0.874679 0 0 1 0 0 0.874679 0 0.484703 0 -323.823 0 -103.432 1 0
0.484703 0 -0.874679 0 0 1 0 0 0.874679 0 0.484703 0 -323.823 0 -103.432 1 0
0.484703 0 -0.874679 0 0 1 0 0 0.874679 0 0.484703 0 -323.823 0 -103.432 1 0
0.484703 0 -0.874679 0 0 1 0 0 0.874679 0 0.484703 0 -323.823 0 -103.432 1 0
0.484703 0 -0.874679 0 0 1 0 0 0.874679 0 0.484703 0 -323.823 0 -103.432 1 0
0.484703 0 -0.874679 0 0 1 0 0 0.874679 0 0.484703 0 -323.823 0 -103.432 1 0
0.484703 0 -0.874679 0 0 1 0 0 0.874679 0 0.484703 0 -323.823 0 -103.432 1 0
0.484703 0 -0.874679 0 0 1 0 0 0.874679 0 0.484703 0 -323.823 0 -103.432 1 0
0.484703 0 -0.874679 0 0 1 0 0 0.874679 0 0.484703 0 -323.823 0 -103.432 1 0
0.484703 0 -0.874679 0 0 1 0 0 0.874679 0 0.484703 0 -323.823 0 -103.432 1 0
0.484703 0 -0.874679 0 0 1 0 0 0.874679 0 0.484703 0 -323.823 0 -103.432 1 0
0.484703 0 -0.874679 0 0 1 0 0 0.874679 0 0.484703 0 -323.823 0 -103.432 1 0
0.484703 0 -0.874679 0 0 1 0 0 0.874679 0 0.484703 0 -323.823 0 -103.432 1 0
0.484703 0 -0.874679 0 0 1 0 0 0.874679 0 0.484703 0 -323.823 0 -103.432 1 0
0.484703 0 -0.874679 0 0 1 0 0 0.874679 0 0.484703 0 -323.823 0 -103.432 1 0
0.484703 0 -0.874679 0 0 1 0 0 0.874679 0 0.484703 0 -323.823 0 -103.432 1 0
0.484703 0 -0.874679 0 0 1 0 0 0.874679 0 0.484703 0 -323.823 0 -103.432 1 0
0.484703 0 -0.874679 0 0 1 0 0 0.874679 0 0.484703 0 -323.823 0 -103.432 1 0
0.484703 0 -0.874679 0 0 1 0 0 0.874679 0 0.484703 0 -323.823 0 -103.432 1 0
0.484703 0 -0.874679 0 0 1 0 0 0.874679 0 0.484703 0 -323.823 0 -103.432 1 0
0.484703 0 -0.874679 0 0 1 0 0 0.874679 0 0.484703 0 -323.823 0 -103.432 1 0
0.484703 0 -0.874679 0 0 1 0 0 0.874679 0 0.484703 0 -323.823 0 -103.432 1 0
0.484703 0 -0.874679 0 0 1 0 0 0.874679 0 0.484703 0 -323.823 0 -103.432 1 0
0.484703 0 -0.874679 0 0 1 0 0 0.874679 0 0.484703 0 -323.823 0 -103.432 1 0
0.484703 0 -0.874679 0 0 1 0 0 0.874679 0 0.484703 0 -323.823 0 -103.432 1 0
0.484703 0 -0.874679 0 0 1 0 0 0.874679 0 0.484703 0 -323.823 0 -103.432 1 0
0.484703 0 -0.874679 0 0 1 0 0 0.874679 0 0.484703 0 -323.823 0 -103.432 1 0
0.484703 0 -0.874679 0 0 1 0 0 0.874679 0 0.484703 0 -323.823 0 -103.432 1 0
0.484703 0 -0.874679 0 0 1 0 0 0.874679 0 0.484703 0 -323.823 0 -103.432 1 0
0.484703 0 -0.874679 0 0 1 0 0 0.874679 0 0.484703 0 -323.823 0 -103.432 1 0
0.484703 0 -0.874679 0 0 1 0 0 0.874679 0 0.484703 0 -323.823 0 -103.432 1 0
0.484703 0 -0.874679 0 0 1 0 0 0.874679 0 0.484703 0 -323.823 0 -103.432 1 0
0.484703 0 -0.874679 0 0 1 0 0 0.874679 0 0.484703 0 -323.823 0 -103.432 1 0
0.484703 0 -0.874679 0 0 1 0 0 0.874679 0 0.484703 0 -323.823 0 -103.432 1 0
0.484703 0 -0.874679 0 0 1 0 0 0.874679 0 0.484703 0 -323.823 0 -103.432 1 0
0.484703 0 -0.874679 0 0 1 0 0 0.874679 0 0.484703 0 -323.823 0 -103.432 1 0
0.484703 0 -0.874679 0 0 1 0 0 0.874679 0 0.484703 0 -323.823 0 -103.432 1 0
0.484703 0 -0.874679 0 0 1 0 0 0.874679 0 0.484703 0 -323.823 0 -103.432 1 0
0.484703 0 -0.874679 0 0 1 0 0 0.874679 0 0.484703 0 -323.823 0 -103.432 1 0
0.484703 0 -0.874679 0 0 1 0 0 0.874679 0 0.484703 0 -323.823 0 -103.432 1 0
0.484703 0 -0.874679 0 0 1 0 0 0.874679 0 0.484703 0 -323.823 0 -103.432 1 0
0.484703 0 -0.874679 0 0 1 0 0 0.874679 0 0.484703 0 -323.823 0 -103.432 1 0
0.484703 0 -0.874679 0 0 1 0 0 0.874679 0 0.484703 0 -323.823 0 -103.432 1 0
0.484703 0 -0.874679 0 0 1 0 0 0.874679 0 0.484703 0 -323.823 0 -103.432 1 0
0.484703 0 -0.874679 0 0 1 0 0 0.874679 0 0.484703 0 -323.823 0 -103.432 1 0
0.484703 0 -0.874679 0 0 1 0 0 0.874679 0 0.484703 0 -323.823 0 -103.432 1 0
0.484703 0 -0.874679 0 0 1 0 0 0.874679 0 0.484703 0 -323.823 0 -103.432 1 0
0.484703 0 -0.874679 0 0 1 0 0 0.874679 0 0.484703 0 -323.823 0 -103.432 1 0
0.484703 0 -0.874679 0 0 1 0 0 0.874679 0 0.484703 0 -323.823 0 -103.432 1 0
0.484703 0 -0.874679 0 0 1 0 0 0.874679 0 0.484703 0 -323.823 0 -103.432 1 0
0.484703 0 -0.874679 0 0 1 0 0 0.874679 0 0.484703 0 -323.823 0 -103.432 1 0
0.484703 0 -0.874679 0 0 1 0 0 0.874679 0 0.484703 0 -323.823 0 -103.432 1 0
0.484703 0 -0.874679 0 0 1 0 0 0.874679 0 0.484703 0 -323.823 0 -103.432 1 0
0.484703 0 -0.874679 0 0 1 0 0 0.874679 0 0.484703 0 -323.823 0 -103.432 1 0
0.484703 0 -0.874679 0 0 1 0 0 0.874679 0 0.484703 0 -323.823 0 -103.432 1 0
0.484703 0 -0.874679 0 0 1 0 0 0.874679 0 0.484703 0 -323.823 0 -103.432 1 0
0.484703 0 -0.874679 0 0 1 0 0 0.874679 0 0.484703 0 -323.823 0 -103.432 1 0
0.484703 0 -0.874679 0 0 1 0 0 0.874679 0 0.484703 0 -323.823 0 -103.432 1 0
0.484703 0 -0.874679 0 0 1 0 0 0.874679 0 0.484703 0 -323.823 0 -103.432 1 0
0.484703 0 -0.874679 0 0 1 0 0 0.874679 0 0.484703 0 -323.823 0 -103.432 1 0
0.484703 0 -0.874679 0 0 1 0 0 0.874679 0 0.484703 0 -323.823 0 -103.432 1 0
0.484703 0 -0.874679 0 0 1 0 0 0.874679 0 0.484703 0 -323.823 0 -103.432 1 0
0.484703 0 -0.874679 0 0 1 0 0 0.874679 0 0.484703 0 -323.823 0 -103.432 1 0
0.484703 0 -0.874679 0 0 1 0 0 0.874679 0 0.484703 0 -323.823 0 -103.432 1 0
0.484703 0 -0.874679 0 0 1 0 0 0.874679 0 0.484703 0 -323.823 0 -103.432 1 0
0.484703 0 -0.874679 0 0 1 0 0 0.874679 0 0.484703 0 -323.823 0 -103.432 1 0
0.484703 0 -0.874679 0 0 1 0 0 0.874679 0 0.484703 0 -323.823 0 -103.432 1 0
0.484703 0 -0.874679 0 0 1 0 0 0.874679 0 0.484703 0 -323.823 0 -103.432 1 0
0.484703 0 -0.874679 0 0 1 0 0 0.874679 0 0.484703 0 -323.823 0 -103.432 1 0
0.484703 0 -0.874679 0 0 1 0 0 0.874679 0 0.484703 0 -323.823 0 -103.432 1 0
0.484703 0 -0.874679 0 0 1 0 0 0.874679 0 0.484703 0 -323.823 0 -103.432 1 0
0.484703 0 -0.874679 0 0 1 0 0 0.874679 0 0.484703 0 -323.823 0 -103.432 1 0
0.278876 0.0748134 -0.957409 0 -0.0312097 0.99714 0.0688273 0 0.95982 0.0106861 0.280413 0 -372.076 230.484 -535.563 1 1
0.275004 0.0790234 -0.95819 0 -0.0254127 0.996866 0.0749196 0 0.961107 0.00374696 0.276151 0 -340.682 235.142 -605.697 1 1
0.275004 0.0790234 -0.95819 0 -0.0254127 0.996866 0.0749196 0 0.961107 0.00374696 0.276151 0 -340.682 235.142 -605.697 1 2
0.275004 0.0790234 -0.95819 0 -0.0254127 0.996866 0.0749196 0 0.961107 0.00374696 0.276151 0 -340.682 235.142 -605.697 1 2
0.275004 0.0790234 -0.95819 0 -0.0254127 0.996866 0.0749196 0 0.961107 0.00374696 0.276151 0 -340.682 235.142 -605.697 1 2
0.275004 0.0790234 -0.95819 0 -0.0254127 0.996866 0.0749196 0 0.961107 0.00374696 0.276151 0 -340.682 235.142 -605.697 1 2
0.272543 0.0960292 -0.957339 0 -0.0378161 0.995307 0.0890719 0 0.9614 0.0119269 0.274895 0 -338.572 205.678 -620.517 1 3
0.269513 0.108044 -0.956916 0 -0.0477123 0.993964 0.0987894 0 0.961814 0.0190316 0.273041 0 -337.94 177.91 -632.983 1 3
0.266822 0.115811 -0.956762 0 -0.0554419 0.992954 0.10473 0 0.96215 0.0251005 0.271362 0 -338.839 152.605 -643.809 1 3
0.264024 0.119117 -0.957132 0 -0.0608387 0.992425 0.106727 0 0.962596 0.0300521 0.269271 0 -341.436 129.081 -653.013 1 3
0.261178 0.11711 -0.95816 0 -0.0625961 0.992579 0.104254 0 0.963259 0.0327481 0.266571 0 -345.642 105.74 -660.543 1 3
0.257735 0.110209 -0.95991 0 -0.0594603 0.9934 0.098089 0 0.964384 0.0317956 0.262587 0 -352.667 84.9746 -667.02 1 3
0.25362 0.0962951 -0.962499 0 -0.0541392 0.994886 0.0852696 0 0.965788 0.0304829 0.257536 0 -359.774 62.2552 -671.974 1 3
0.24914 0.0802846 -0.965134 0 -0.0477954 0.996363 0.0705444 0 0.967287 0.0285535 0.252071 0 -367.213 44.8524 -675.809 1 3
0.244031 0.0648862 -0.967594 0 -0.0413839 0.997547 0.0564577 0 0.968884 0.0262654 0.246117 0 -374.909 33.3734 -679.28 1 3
0.238493 0.0510597 -0.969801 0 -0.0351378 0.998417 0.0439253 0 0.970508 0.0236008 0.239909 0 -382.557 25.9403 -682.978 1 3
0.232863 0.0395709 -0.971704 0 -0.0298016 0.998993 0.0335405 0 0.972053 0.021148 0.233808 0 -389.766 21.2244 -687.155 1 3
0.22786 0.0307743 -0.973207 0 -0.0252726 0.999351 0.0256838 0 0.973366 0.0187432 0.22849 0 -396.585 18.5636 -691.769 1 3
0.223517 0.0239491 -0.974406 0 -0.0216202 0.999574 0.0196083 0 0.97446 0.0166841 0.223939 0 -402.597 17.1963 -696.45 1 3
0.219706 0.0190669 -0.97538 0 -0.0187227 0.999707 0.0153252 0 0.975386 0.0148947 0.219999 0 -408.141 16.5572 -701.317 1 3
0.215761 0.0151801 -0.976328 0 -0.0166089 0.999792 0.0118745 0 0.976305 0.0136537 0.215968 0 -413.335 16.1695 -706.126 1 3
0.211801 0.012272 -0.977236 0 -0.0148026 0.999847 0.00934774 0 0.977201 0.0124858 0.211951 0 -418.165 16.122 -710.734 1 3
0.207836 0.00987809 -0.978114 0 -0.0133028 0.999885 0.0072713 0 0.978073 0.0115004 0.207944 0 -422.594 15.9815 -715.077 1 3
0.204072 0.00819687 -0.978922 0 -0.0122553 0.999908 0.00581779 0 0.978879 0.0108097 0.204153 0 -426.394 15.9309 -718.958 1 3
0.200533 0.00700724 -0.979662 0 -0.0112867 0.999925 0.00484184 0 0.979622 0.0100862 0.200597 0 -429.901 15.8555 -722.46 1 3
0.197291 0.00606673 -0.980326 0 -0.0104877 0.999937 0.00407743 0 0.980289 0.00947696 0.197342 0 -433.001 15.7024 -725.716 1 3
0.194417 0.00512601 -0.980906 0 -0.00992677 0.999945 0.003258 0 0.980869 0.00910382 0.194457 0 -435.725 15.5516 -728.801 1 3
0.192099 0.00451446 -0.981365 0 -0.00948975 0.999951 0.00274238 0 0.98133 0.00878611 0.192132 0 -438.111 15.4112 -731.793 1 3
0.19008 0.00413189 -0.98176 0 -0.00905539 0.999956 0.00245524 0 0.981727 0.00842353 0.190109 0 -440.386 15.475 -734.65 1 3
0.188616 0.00384656 -0.982043 0 -0.0087257 0.999959 0.00224084 0 0.982012 0.00814636 0.188642 0 -442.269 15.4806 -737.354 1 3
0.187338 0.00364609 -0.982289 0 -0.00838006 0.999963 0.00211348 0 0.98226 0.0078357 0.187362 0 -443.904 15.4448 -740.032 1 3
0.1862 0.00359734 -0.982505 0 -0.00797097 0.999966 0.00215065 0 0.982479 0.00743107 0.186223 0 -445.467 15.4565 -742.816 1 3
0.185235 0.00349595 -0.982688 0 -0.00759277 0.999969 0.0021262 0 0.982665 0.00706747 0.185256 0 -447.031 15.45 -745.519 1 3
0.184347 0.00343753 -0.982855 0 -0.00707894 0.999973 0.00216965 0 0.982836 0.0065576 0.184367 0 -448.506 15.4852 -748.23 1 3
0.183363 0.00340544 -0.983039 0 -0.0066792 0.999975 0.00221826 0 0.983023 0.00615917 0.183382 0 -449.849 15.5127 -750.794 1 3
0.182446 0.00356524 -0.983209 0 -0.00662416 0.999975 0.00239685 0 0.983194 0.00607564 0.182465 0 -450.953 15.4617 -753.635 1 3
0.181616 0.00369791 -0.983363 0 -0.00660853 0.999975 0.00253986 0 0.983347 0.0060373 0.181636 0 -452.007 15.4257 -756.363 1 3
0.180888 0.00380553 -0.983496 0 -0.00655198 0.999975 0.00266423 0 0.983482 0.00596193 0.180908 0 -453.034 15.2537 -759.066 1 3
0.180293 0.00391245 -0.983605 0 -0.00652611 0.999975 0.00278135 0 0.983591 0.00591766 0.180314 0 -454.026 15.0775 -761.688 1 3
0.179808 0.00391827 -0.983694 0 -0.0065064 0.999975 0.00279382 0 0.98368 0.00589796 0.179829 0 -454.946 14.8579 -764.195 1 3
0.179416 0.00392264 -0.983765 0 -0.00647562 0.999975 0.00280627 0 0.983752 0.005867 0.179437 0 -455.801 14.6674 -766.538 1 3
0.180006 0.00578634 -0.983648 0 -0.00696615 0.999965 0.00460752 0 0.983641 0.00602286 0.18004 0 -458.455 15.709 -769.521 1 3
0.180307 0.00701664 -0.983585 0 -0.00706437 0.999958 0.00583843 0 0.983585 0.0058957 0.180349 0 -460.517 16.1803 -772.232 1 3
0.180332 0.00787436 -0.983574 0 -0.0071137 0.999952 0.00670122 0 0.98358 0.00578841 0.18038 0 -462.225 16.3809 -774.663 1 3
0.180136 0.00828624 -0.983607 0 -0.00702513 0.99995 0.00713735 0 0.983617 0.00562427 0.180185 0 -463.663 16.4601 -776.851 1 3
0.179769 0.00858321 -0.983671 0 -0.00693059 0.999948 0.00745865 0 0.983684 0.00547659 0.179819 0 -464.888 16.5084 -778.614 1 3
0.179342 0.00886409 -0.983747 0 -0.00689502 0.999946 0.00775306 0 0.983763 0.00539251 0.179393 0 -465.876 16.5357 -780.203 1 3
0.178971 0.00905401 -0.983813 0 -0.00688124 0.999945 0.00795067 0 0.98383 0.00534691 0.179024 0 -466.774 16.4867 -781.664 1 3
0.17853 0.00918655 -0.983892 0 -0.00689504 0.999944 0.0080853 0 0.98391 0.0053405 0.178584 0 -467.545 16.39 -782.907 1 3
0.178188 0.00929074 -0.983953 0 -0.00689248 0.999943 0.00819353 0 0.983972 0.00532188 0.178242 0 -468.179 16.3043 -784.018 1 3
0.177928 0.00935585 -0.983999 0 -0.00691219 0.999942 0.00825756 0 0.984019 0.00533233 0.177982 0 -468.682 16.2146 -784.979 1 3
