0.212007 0 -0.977268 0 0 1 0 0 0.977268 0 0.212007 0 -1973.43 0 -1500.93 1 0
0.212007 0 -0.977268 0 0 1 0 0 0.977268 0 0.212007 0 -1973.43 0 -1500.93 1 0
0.212007 0 -0.977268 0 0 1 0 0 0.977268 0 0.212007 0 -1973.43 0 -1500.93 1 0
0.212007 0 -0.977268 0 0 1 0 0 0.977268 0 0.212007 0 -1973.43 0 -1500.93 1 0
0.212007 0 -0.977268 0 0 1 0 0 0.977268 0 0.212007 0 -1973.43 0 -1500.93 1 0
0.212007 0 -0.977268 0 0 1 0 0 0.977268 0 0.212007 0 -1973.43 0 -1500.93 1 0
0.212007 0 -0.977268 0 0 1 0 0 0.977268 0 0.212007 0 -1973.43 0 -1500.93 1 0
0.212007 0 -0.977268 0 0 1 0 0 0.977268 0 0.212007 0 -1973.43 0 -1500.93 1 0
0.212007 0 -0.977268 0 0 1 0 0 0.977268 0 0.212007 0 -1973.43 0 -1500.93 1 0
0.212007 0 -0.977268 0 0 1 0 0 0.977268 0 0.212007 0 -1973.43 0 -1500.93 1 0
0.212007 0 -0.977268 0 0 1 0 0 0.977268 0 0.212007 0 -1973.43 0 -1500.93 1 0
0.212007 0 -0.977268 0 0 1 0 0 0.977268 0 0.212007 0 -1973.43 0 -1500.93 1 0
0.212007 0 -0.977268 0 0 1 0 0 0.977268 0 0.212007 0 -1973.43 0 -1500.93 1 0
0.212007 0 -0.977268 0 0 1 0 0 0.977268 0 0.212007 0 -1973.43 0 -1500.93 1 0
0.212007 0 -0.977268 0 0 1 0 0 0.977268 0 0.212007 0 -1973.43 0 -1500.93 1 0
0.212007 0 -0.977268 0 0 1 0 0 0.977268 0 0.212007 0 -1973.43 0 -1500.93 1 0
0.212007 0 -0.977268 0 0 1 0 0 0.977268 0 0.212007 0 -1973.43 0 -1500.93 1 0
0.212007 0 -0.977268 0 0 1 0 0 0.977268 0 0.212007 0 -1973.43 0 -1500.93 1 0
0.212007 0 -0.977268 0 0 1 0 0 0.977268 0 0.212007 0 -1973.43 0 -1500.93 1 0
0.212007 0 -0.977268 0 0 1 0 0 0.977268 0 0.212007 0 -1973.43 0 -1500.93 1 0
0.212007 0 -0.977268 0 0 1 0 0 0.977268 0 0.212007 0 -1973.43 0 -1500.93 1 0
0.212007 0 -0.977268 0 0 1 0 0 0.977268 0 0.212007 0 -1973.43 0 -1500.93 1 0
0.212007 0 -0.977268 0 0 1 0 0 0.977268 0 0.212007 0 -1973.43 0 -1500.93 1 0
0.212007 0 -0.977268 0 0 1 0 0 0.977268 0 0.212007 0 -1973.43 0 -1500.93 1 0
0.212007 0 -0.977268 0 0 1 0 0 0.977268 0 0.212007 0 -1973.43 0 -1500.93 1 0
0.212007 0 -0.977268 0 0 1 0 0 0.977268 0 0.212007 0 -1973.43 0 -1500.93 1 0
0.212007 0 -0.977268 0 0 1 0 0 0.977268 0 0.212007 0 -1973.43 0 -1500.93 1 0
0.212007 0 -0.977268 0 0 1 0 0 0.977268 0 0.212007 0 -1973.43 0 -1500.93 1 0
0.212007 0 -0.977268 0 0 1 0 0 0.977268 0 0.212007 0 -1973.43 0 -1500.93 1 0
0.212007 0 -0.977268 0 0 1 0 0 0.977268 0 0.212007 0 -1973.43 0 -1500.93 1 0
0.212007 0 -0.977268 0 0 1 0 0 0.977268 0 0.212007 0 -1973.43 0 -1500.93 1 0
0.212007 0 -0.977268 0 0 1 0 0 0.977268 0 0.212007 0 -1973.43 0 -1500.93 1 0
0.212007 0 -0.977268 0 0 1 0 0 0.977268 0 0.212007 0 -1973.43 0 -1500.93 1 0
0.212007 0 -0.977268 0 0 1 0 0 0.977268 0 0.212007 0 -1973.43 0 -1500.93 1 0
0.212007 0 -0.977268 0 0 1 0 0 0.977268 0 0.212007 0 -1973.43 0 -1500.93 1 0
0.212007 0 -0.977268 0 0 1 0 0 0.977268 0 0.212007 0 -1973.43 0 -1500.93 1 0
0.212007 0 -0.977268 0 0 1 0 0 0.977268 0 0.212007 0 -1973.43 0 -1500.93 1 0
0.212007 0 -0.977268 0 0 1 0 0 0.977268 0 0.212007 0 -1973.43 0 -1500.93 1 0
0.212007 0 -0.977268 0 0 1 0 0 0.977268 0 0.212007 0 -1973.43 0 -1500.93 1 0
0.212007 0 -0.977268 0 0 1 0 0 0.977268 0 0.212007 0 -1973.43 0 -1500.93 1 0
0.212007 0 -0.977268 0 0 1 0 0 0.977268 0 0.212007 0 -1973.43 0 -1500.93 1 0
0.212007 0 -0.977268 0 0 1 0 0 0.977268 0 0.212007 0 -1973.43 0 -1500.93 1 0
0.212007 0 -0.977268 0 0 1 0 0 0.977268 0 0.212007 0 -1973.43 0 -1500.93 1 0
0.212007 0 -0.977268 0 0 1 0 0 0.977268 0 0.212007 0 -1973.43 0 -1500.93 1 0
0.212007 0 -0.977268 0 0 1 0 0 0.977268 0 0.212007 0 -1973.43 0 -1500.93 1 0
0.212007 0 -0.977268 0 0 1 0 0 0.977268 0 0.212007 0 -1973.43 0 -1500.93 1 0
0.212007 0 -0.977268 0 0 1 0 0 0.977268 0 0.212007 0 -1973.43 0 -1500.93 1 0
0.212007 0 -0.977268 0 0 1 0 0 0.977268 0 0.212007 0 -1973.43 0 -1500.93 1 0
0.212007 0 -0.977268 0 0 1 0 0 0.977268 0 0.212007 0 -1973.43 0 -1500.93 1 0
0.212007 0 -0.977268 0 0 1 0 0 0.977268 0 0.212007 0 -1973.43 0 -1500.93 1 0
0.212007 0 -0.977268 0 0 1 0 0 0.977268 0 0.212007 0 -1973.43 0 -1500.93 1 0
0.212007 0 -0.977268 0 0 1 0 0 0.977268 0 0.212007 0 -1973.43 0 -1500.93 1 0
0.212007 0 -0.977268 0 0 1 0 0 0.977268 0 0.212007 0 -1973.43 0 -1500.93 1 0
0.212007 0 -0.977268 0 0 1 0 0 0.977268 0 0.212007 0 -1973.43 0 -1500.93 1 0
0.212007 0 -0.977268 0 0 1 0 0 0.977268 0 0.212007 0 -1973.43 0 -1500.93 1 0
0.212007 0 -0.977268 0 0 1 0 0 0.977268 0 0.212007 0 -1973.43 0 -1500.93 1 0
0.212007 0 -0.977268 0 0 1 0 0 0.977268 0 0.212007 0 -1973.43 0 -1500.93 1 0
0.212007 0 -0.977268 0 0 1 0 0 0.977268 0 0.212007 0 -1973.43 0 -1500.93 1 0
0.212007 0 -0.977268 0 0 1 0 0 0.977268 0 0.212007 0 -1973.43 0 -1500.93 1 0
0.212007 0 -0.977268 0 0 1 0 0 0.977268 0 0.212007 0 -1973.43 0 -1500.93 1 0
0.212007 0 -0.977268 0 0 1 0 0 0.977268 0 0.212007 0 -1973.43 0 -1500.93 1 0
0.212007 0 -0.977268 0 0 1 0 0 0.977268 0 0.212007 0 -1973.43 0 -1500.93 1 0
0.212007 0 -0.977268 0 0 1 0 0 0.977268 0 0.212007 0 -1973.43 0 -1500.93 1 0
0.212007 0 -0.977268 0 0 1 0 0 0.977268 0 0.212007 0 -1973.43 0 -1500.93 1 0
0.212007 0 -0.977268 0 0 1 0 0 0.977268 0 0.212007 0 -1973.43 0 -1500.93 1 0
0.212007 0 -0.977268 0 0 1 0 0 0.977268 0 0.212007 0 -1973.43 0 -1500.93 1 0
0.212007 0 -0.977268 0 0 1 0 0 0.977268 0 0.212007 0 -1973.43 0 -1500.93 1 0
0.212007 0 -0.977268 0 0 1 0 0 0.977268 0 0.212007 0 -1973.43 0 -1500.93 1 0
0.212007 0 -0.977268 0 0 1 0 0 0.977268 0 0.212007 0 -1973.43 0 -1500.93 1 0
0.212007 0 -0.977268 0 0 1 0 0 0.977268 0 0.212007 0 -1973.43 0 -1500.93 1 0
0.212007 0 -0.977268 0 0 1 0 0 0.977268 0 0.212007 0 -1973.43 0 -1500.93 1 0
0.212007 0 -0.977268 0 0 1 0 0 0.977268 0 0.212007 0 -1973.43 0 -1500.93 1 0
0.212007 0 -0.977268 0 0 1 0 0 0.977268 0 0.212007 0 -1973.43 0 -1500.93 1 0
0.212007 0 -0.977268 0 0 1 0 0 0.977268 0 0.212007 0 -1973.43 0 -1500.93 1 0
0.212007 0 -0.977268 0 0 1 0 0 0.977268 0 0.212007 0 -1973.43 0 -1500.93 1 0
0.212007 0 -0.977268 0 0 1 0 0 0.977268 0 0.212007 0 -1973.43 0 -1500.93 1 0
0.212007 0 -0.977268 0 0 1 0 0 0.977268 0 0.212007 0 -1973.43 0 -1500.93 1 0
0.212007 0 -0.977268 0 0 1 0 0 0.977268 0 0.212007 0 -1973.43 0 -1500.93 1 0
0.212007 0 -0.977268 0 0 1 0 0 0.977268 0 0.212007 0 -1973.43 0 -1500.93 1 0
0.212007 0 -0.977268 0 0 1 0 0 0.977268 0 0.212007 0 -1973.43 0 -1500.93 1 0
0.212007 0 -0.977268 0 0 1 0 0 0.977268 0 0.212007 0 -1973.43 0 -1500.93 1 0
0.212007 0 -0.977268 0 0 1 0 0 0.977268 0 0.212007 0 -1973.43 0 -1500.93 1 0
0.212007 0 -0.977268 0 0 1 0 0 0.977268 0 0.212007 0 -1973.43 0 -1500.93 1 0
0.212007 0 -0.977268 0 0 1 0 0 0.977268 0 0.212007 0 -1973.43 0 -1500.93 1 0
0.212007 0 -0.977268 0 0 1 0 0 0.977268 0 0.212007 0 -1973.43 0 -1500.93 1 0
0.212007 0 -0.977268 0 0 1 0 0 0.977268 0 0.212007 0 -1973.43 0 -1500.93 1 0
0.212007 0 -0.977268 0 0 1 0 0 0.977268 0 0.212007 0 -1973.43 0 -1500.93 1 0
0.212007 0 -0.977268 0 0 1 0 0 0.977268 0 0.212007 0 -1973.43 0 -1500.93 1 0
0.212007 0 -0.977268 0 0 1 0 0 0.977268 0 0.212007 0 -1973.43 0 -1500.93 1 0
0.212007 0 -0.977268 0 0 1 0 0 0.977268 0 0.212007 0 -1973.43 0 -1500.93 1 0
0.212007 0 -0.977268 0 0 1 0 0 0.977268 0 0.212007 0 -1973.43 0 -1500.93 1 0
0.212007 0 -0.977268 0 0 1 0 0 0.977268 0 0.212007 0 -1973.43 0 -1500.93 1 0
0.212007 0 -0.977268 0 0 1 0 0 0.977268 0 0.212007 0 -1973.43 0 -1500.93 1 0
0.212007 0 -0.977268 0 0 1 0 0 0.977268 0 0.212007 0 -1973.43 0 -1500.93 1 0
0.212007 0 -0.977268 0 0 1 0 0 0.977268 0 0.212007 0 -1973.43 0 -1500.93 1 0
0.212007 0 -0.977268 0 0 1 0 0 0.977268 0 0.212007 0 -1973.43 0 -1500.93 1 0
0.212007 0 -0.977268 0 0 1 0 0 0.977268 0 0.212007 0 -1973.43 0 -1500.93 1 0
0.212007 0 -0.977268 0 0 1 0 0 0.977268 0 0.212007 0 -1973.43 0 -1500.93 1 0
0.212007 0 -0.977268 0 0 1 0 0 0.977268 0 0.212007 0 -1973.43 0 -1500.93 1 0
0.212007 0 -0.977268 0 0 1 0 0 0.977268 0 0.212007 0 -1973.43 0 -1500.93 1 0
0.212007 0 -0.977268 0 0 1 0 0 0.977268 0 0.212007 0 -1973.43 0 -1500.93 1 0
0.212007 0 -0.977268 0 0 1 0 0 0.977268 0 0.212007 0 -1973.43 0 -1500.93 1 0
0.212007 0 -0.977268 0 0 1 0 0 0.977268 0 0.212007 0 -1973.43 0 -1500.93 1 0
0.212007 0 -0.977268 0 0 1 0 0 0.977268 0 0.212007 0 -1973.43 0 -1500.93 1 0
0.0484985 0.0652952 -0.996687 0 -0.0218289 0.997692 0.0642989 0 0.998585 0.0186382 0.0498118 0 -2527.6 209.148 -841.833 1 1
0.0387729 0.0828129 -0.995811 0 -0.0252959 0.996322 0.0818705 0 0.998928 0.0220155 0.0407252 0 -2506.53 213.058 -920.586 1 1
0.0387729 0.0828129 -0.995811 0 -0.0252959 0.996322 0.0818705 0 0.998928 0.0220155 0.0407252 0 -2506.53 213.058 -920.586 1 2
0.0387729 0.0828129 -0.995811 0 -0.0252959 0.996322 0.0818705 0 0.998928 0.0220155 0.0407252 0 -2506.53 213.058 -920.586 1 2
0.0387729 0.0828129 -0.995811 0 -0.0252959 0.996322 0.0818705 0 0.998928 0.0220155 0.0407252 0 -2506.53 213.058 -920.586 1 2
0.0387729 0.0828129 -0.995811 0 -0.0252959 0.996322 0.0818705 0 0.998928 0.0220155 0.0407252 0 -2506.53 213.058 -920.586 1 2
0.0387729 0.0828129 -0.995811 0 -0.0252959 0.996322 0.0818705 0 0.998928 0.0220155 0.0407252 0 -2506.53 213.058 -920.586 1 2
0.0387729 0.0828129 -0.995811 0 -0.0252959 0.996322 0.0818705 0 0.998928 0.0220155 0.0407252 0 -2506.53 213.058 -920.586 1 2
0.0387729 0.0828129 -0.995811 0 -0.0252959 0.996322 0.0818705 0 0.998928 0.0220155 0.0407252 0 -2506.53 213.058 -920.586 1 2
0.0387729 0.0828129 -0.995811 0 -0.0252959 0.996322 0.0818705 0 0.998928 0.0220155 0.0407252 0 -2506.53 213.058 -920.586 1 2
0.0387729 0.0828129 -0.995811 0 -0.0252959 0.996322 0.0818705 0 0.998928 0.0220155 0.0407252 0 -2506.53 213.058 -920.586 1 2
0.0387729 0.0828129 -0.995811 0 -0.0252959 0.996322 0.0818705 0 0.998928 0.0220155 0.0407252 0 -2506.53 213.058 -920.586 1 2
0.0387729 0.0828129 -0.995811 0 -0.0252959 0.996322 0.0818705 0 0.998928 0.0220155 0.0407252 0 -2506.53 213.058 -920.586 1 2
0.0387729 0.0828129 -0.995811 0 -0.0252959 0.996322 0.0818705 0 0.998928 0.0220155 0.0407252 0 -2506.53 213.058 -920.586 1 2
0.0387729 0.0828129 -0.995811 0 -0.0252959 0.996322 0.0818705 0 0.998928 0.0220155 0.0407252 0 -2506.53 213.058 -920.586 1 2
0.0387729 0.0828129 -0.995811 0 -0.0252959 0.996322 0.0818705 0 0.998928 0.0220155 0.0407252 0 -2506.53 213.058 -920.586 1 2
0.0387729 0.0828129 -0.995811 0 -0.0252959 0.996322 0.0818705 0 0.998928 0.0220155 0.0407252 0 -2506.53 213.058 -920.586 1 2
0.0387729 0.0828129 -0.995811 0 -0.0252959 0.996322 0.0818705 0 0.998928 0.0220155 0.0407252 0 -2506.53 213.058 -920.586 1 2
0.0387729 0.0828129 -0.995811 0 -0.0252959 0.996322 0.0818705 0 0.998928 0.0220155 0.0407252 0 -2506.53 213.058 -920.586 1 2
0.0387729 0.0828129 -0.995811 0 -0.0252959 0.996322 0.0818705 0 0.998928 0.0220155 0.0407252 0 -2506.53 213.058 -920.586 1 2
0.0387729 0.0828129 -0.995811 0 -0.0252959 0.996322 0.0818705 0 0.998928 0.0220155 0.0407252 0 -2506.53 213.058 -920.586 1 2
0.0387729 0.0828129 -0.995811 0 -0.0252959 0.996322 0.0818705 0 0.998928 0.0220155 0.0407252 0 -2506.53 213.058 -920.586 1 2
0.0387729 0.0828129 -0.995811 0 -0.0252959 0.996322 0.0818705 0 0.998928 0.0220155 0.0407252 0 -2506.53 213.058 -920.586 1 2
0.0387729 0.0828129 -0.995811 0 -0.0252959 0.996322 0.0818705 0 0.998928 0.0220155 0.0407252 0 -2506.53 213.058 -920.586 1 2
0.0306845 0.0956633 -0.994941 0 -0.0323444 0.994983 0.0946698 0 0.999006 0.0292758 0.0336248 0 -2510.56 170.16 -924.322 1 3
0.0242637 0.103105 -0.994374 0 -0.0383367 0.994032 0.102134 0 0.99897 0.0356429 0.0280716 0 -2514.77 130.152 -926.619 1 3
0.0194861 0.107089 -0.994059 0 -0.042778 0.993426 0.106182 0 0.998895 0.0404548 0.023939 0 -2519.65 95.1178 -928.833 1 3
0.0156157 0.107683 -0.994063 0 -0.0456448 0.993224 0.106875 0 0.998836 0.0437049 0.0204251 0 -2525.83 64.0703 -929.979 1 3
0.0124098 0.104712 -0.994425 0 -0.0456771 0.993523 0.104047 0 0.998879 0.0441312 0.0171123 0 -2533.31 38.2698 -929.496 1 3
0.00923794 0.098877 -0.995057 0 -0.0418795 0.994264 0.0984095 0 0.99908 0.0407633 0.0133259 0 -2543.47 23.0864 -926.614 1 3
0.00586227 0.0877639 -0.996124 0 -0.0365943 0.995493 0.0874929 0 0.999313 0.0359396 0.00904751 0 -2553.49 7.95283 -921.427 1 3
0.00247773 0.0755561 -0.997138 0 -0.0309245 0.99667 0.0754438 0 0.999519 0.0306491 0.00480602 0 -2563.45 -0.971275 -915.165 1 3
-0.0011706 0.063924 -0.997954 0 -0.0253752 0.997632 0.0639331 0 0.999677 0.0253981 0.00045426 0 -2573.17 -3.91287 -908.146 1 3
-0.00501834 0.0536573 -0.998547 0 -0.0199975 0.998354 0.0537474 0 0.999787 0.0202381 -0.00393707 0 -2582.6 -2.66905 -900.888 1 3
-0.00895818 0.0453173 -0.998932 0 -0.0154742 0.998847 0.0454522 0 0.99984 0.0158649 -0.0082466 0 -2591.39 -0.0102748 -894.543 1 3
-0.0130903 0.0388989 -0.999157 0 -0.0116496 0.999169 0.039052 0 0.999846 0.012151 -0.0126262 0 -2599.51 3.47231 -889.71 1 3
-0.0168744 0.0340222 -0.999279 0 -0.00857848 0.999379 0.0341705 0 0.999821 0.0091489 -0.016572 0 -2606.49 7.33854 -886.37 1 3
-0.0205203 0.0307007 -0.999318 0 -0.00641986 0.999504 0.0308382 0 0.999769 0.00704829 -0.020313 0 -2612.75 10.8343 -884.029 1 3
-0.0242697 0.0280631 -0.999311 0 -0.00509909 0.999589 0.0281947 0 0.999692 0.00577985 -0.0241167 0 -2618.65 13.1702 -881.337 1 3
-0.0279112 0.0263419 -0.999263 0 -0.00417512 0.999641 0.0264685 0 0.999602 0.00491082 -0.0277912 0 -2624.05 15.2962 -878.463 1 3
-0.0315681 0.024906 -0.999191 0 -0.00327758 0.999682 0.0250218 0 0.999496 0.00406482 -0.0314764 0 -2629.09 17.0954 -875.138 1 3
-0.0351516 0.0238088 -0.999098 0 -0.0027687 0.99971 0.0239207 0 0.999378 0.00360706 -0.0350755 0 -2633.6 18.3526 -871.323 1 3
-0.0385006 0.0230908 -0.998992 0 -0.00211896 0.999729 0.0231895 0 0.999256 0.00300963 -0.0384412 0 -2637.67 19.7564 -867.572 1 3
-0.0414452 0.0224711 -0.998888 0 -0.00162539 0.999744 0.0225578 0 0.999139 0.00255849 -0.041398 0 -2641.23 20.759 -864.351 1 3
-0.0440132 0.0218529 -0.998792 0 -0.00118437 0.999759 0.0219263 0 0.99903 0.00214798 -0.0439767 0 -2644.33 21.4192 -861.731 1 3
-0.0460386 0.0214144 -0.99871 0 -0.000857756 0.999769 0.0214766 0 0.998939 0.0018454 -0.0460096 0 -2646.96 21.8896 -860.204 1 3
-0.047823 0.0213553 -0.998628 0 -0.000525777 0.999771 0.0214049 0 0.998856 0.0015487 -0.0478008 0 -2649.4 22.5967 -859.118 1 3
-0.0491309 0.0214562 -0.998562 0 -0.000219025 0.999769 0.0214929 0 0.998792 0.00127467 -0.0491148 0 -2651.38 23.1696 -859.037 1 3
-0.0502805 0.0216088 -0.998501 0 0.00012052 0.999766 0.0216301 0 0.998735 0.000967235 -0.0502714 0 -2653.13 23.8212 -859.285 1 3
-0.051321 0.0218137 -0.998444 0 0.000514852 0.999762 0.021816 0 0.998682 0.000605571 -0.05132 0 -2654.77 24.6418 -859.816 1 3
-0.0522456 0.0219609 -0.998393 0 0.000860441 0.999759 0.021946 0 0.998634 0.000287521 -0.0522519 0 -2656.41 25.3683 -860.52 1 3
-0.0530998 0.0221038 -0.998345 0 0.00130377 0.999756 0.0220657 0 0.998588 -0.000129924 -0.0531156 0 -2657.93 26.3493 -861.311 1 3
-0.0540209 0.0222752 -0.998291 0 0.00164056 0.999752 0.022219 0 0.998538 -0.000437468 -0.054044 0 -2659.34 27.0565 -861.829 1 3
-0.0549453 0.022441 -0.998237 0 0.00174687 0.999748 0.0223788 0 0.998488 -0.000514182 -0.0549707 0 -2660.55 27.1554 -862.591 1 3
-0.0557577 0.0226163 -0.998188 0 0.00177309 0.999744 0.0225525 0 0.998443 -0.000512408 -0.0557835 0 -2661.65 27.1747 -863.539 1 3
-0.0564372 0.0228716 -0.998144 0 0.00188568 0.999738 0.0228015 0 0.998404 -0.000595323 -0.0564655 0 -2662.7 27.2098 -864.769 1 3
-0.0570568 0.0230536 -0.998105 0 0.00190446 0.999734 0.0229823 0 0.998369 -0.000589556 -0.0570855 0 -2663.7 27.0435 -866.053 1 3
-0.0575762 0.0231618 -0.998072 0 0.00189811 0.999732 0.0230908 0 0.998339 -0.00056497 -0.0576047 0 -2664.62 26.7843 -867.436 1 3
-0.0580077 0.0232277 -0.998046 0 0.00191382 0.99973 0.0231556 0 0.998314 -0.000566877 -0.0580365 0 -2665.47 26.5877 -868.844 1 3
-0.0580657 0.0247497 -0.998006 0 0.00154557 0.999694 0.0247016 0 0.998312 -0.000108167 -0.0580862 0 -2667.86 26.9181 -872.006 1 3
-0.05813 0.0258073 -0.997975 0 0.00146139 0.999667 0.0257659 0 0.998308 3.93398e-05 -0.0581484 0 -2669.7 27.3335 -874.674 1 3
-0.0583601 0.0265892 -0.997941 0 0.00143258 0.999646 0.0265508 0 0.998295 0.000119881 -0.0583775 0 -2671.3 27.5205 -876.627 1 3
-0.0587031 0.0269555 -0.997911 0 0.00146524 0.999637 0.0269159 0 0.998274 0.000117867 -0.0587213 0 -2672.67 27.7117 -878.019 1 3
-0.0590981 0.0272449 -0.99788 0 0.00154907 0.999629 0.0272009 0 0.998251 6.17351e-05 -0.0591184 0 -2673.87 27.9559 -878.87 1 3
-0.0595113 0.0274873 -0.997849 0 0.00157553 0.999622 0.0274422 0 0.998226 6.09825e-05 -0.0595321 0 -2674.87 28.0611 -879.508 1 3
-0.0598774 0.0276631 -0.997822 0 0.00158222 0.999617 0.027618 0 0.998204 7.49131e-05 -0.0598983 0 -2675.78 28.0481 -880.138 1 3
-0.0602614 0.0277983 -0.997795 0 0.00157826 0.999614 0.0277536 0 0.998181 9.76903e-05 -0.060282 0 -2676.59 27.9314 -880.487 1 3
-0.0605772 0.0279045 -0.997773 0 0.00157217 0.999611 0.0278604 0 0.998162 0.000119036 -0.0605975 0 -2677.25 27.831 -880.88 1 3
-0.0608282 0.027967 -0.997756 0 0.0015595 0.999609 0.0279238 0 0.998147 0.000142555 -0.060848 0 -2677.78 27.7006 -881.279 1 3
