0.873115 0 0.487514 0 0 1 0 0 -0.487514 0 0.873115 0 -869.278 0 572.788 1 0
0.873115 0 0.487514 0 0 1 0 0 -0.487514 0 0.873115 0 -869.278 0 572.788 1 0
0.873115 0 0.487514 0 0 1 0 0 -0.487514 0 0.873115 0 -869.278 0 572.788 1 0
0.873115 0 0.487514 0 0 1 0 0 -0.487514 0 0.873115 0 -869.278 0 572.788 1 0
0.873115 0 0.487514 0 0 1 0 0 -0.487514 0 0.873115 0 -869.278 0 572.788 1 0
0.873115 0 0.487514 0 0 1 0 0 -0.487514 0 0.873115 0 -869.278 0 572.788 1 0
0.873115 0 0.487514 0 0 1 0 0 -0.487514 0 0.873115 0 -869.278 0 572.788 1 0
0.873115 0 0.487514 0 0 1 0 0 -0.487514 0 0.873115 0 -869.278 0 572.788 1 0
0.873115 0 0.487514 0 0 1 0 0 -0.487514 0 0.873115 0 -869.278 0 572.788 1 0
0.873115 0 0.487514 0 0 1 0 0 -0.487514 0 0.873115 0 -869.278 0 572.788 1 0
0.873115 0 0.487514 0 0 1 0 0 -0.487514 0 0.873115 0 -869.278 0 572.788 1 0
0.873115 0 0.487514 0 0 1 0 0 -0.487514 0 0.873115 0 -869.278 0 572.788 1 0
0.873115 0 0.487514 0 0 1 0 0 -0.487514 0 0.873115 0 -869.278 0 572.788 1 0
0.873115 0 0.487514 0 0 1 0 0 -0.487514 0 0.873115 0 -869.278 0 572.788 1 0
0.873115 0 0.487514 0 0 1 0 0 -0.487514 0 0.873115 0 -869.278 0 572.788 1 0
0.873115 0 0.487514 0 0 1 0 0 -0.487514 0 0.873115 0 -869.278 0 572.788 1 0
0.873115 0 0.487514 0 0 1 0 0 -0.487514 0 0.873115 0 -869.278 0 572.788 1 0
0.873115 0 0.487514 0 0 1 0 0 -0.487514 0 0.873115 0 -869.278 0 572.788 1 0
0.886394 -0.0458023 0.460661 0 0.0462728 0.998876 0.0102786 0 -0.460614 0.0122052 0.887517 0 -633.718 -17.2409 840.16 1 1
0.885376 -0.0335246 0.463665 0 0.0336297 0.999402 0.00804369 0 -0.463657 0.00847123 0.885974 0 -601.423 -18.5951 858.439 1 1
0.885376 -0.0335246 0.463665 0 0.0336297 0.999402 0.00804369 0 -0.463657 0.00847123 0.885974 0 -601.423 -18.5951 858.439 1 2
0.885376 -0.0335246 0.463665 0 0.0336297 0.999402 0.00804369 0 -0.463657 0.00847123 0.885974 0 -601.423 -18.5951 858.439 1 2
0.885376 -0.0335246 0.463665 0 0.0336297 0.999402 0.00804369 0 -0.463657 0.00847123 0.885974 0 -601.423 -18.5951 858.439 1 2
0.885376 -0.0335246 0.463665 0 0.0336297 0.999402 0.00804369 0 -0.463657 0.00847123 0.885974 0 -601.423 -18.5951 858.439 1 2
0.885376 -0.0335246 0.463665 0 0.0336297 0.999402 0.00804369 0 -0.463657 0.00847123 0.885974 0 -601.423 -18.5951 858.439 1 2
0.885376 -0.0335246 0.463665 0 0.0336297 0.999402 0.00804369 0 -0.463657 0.00847123 0.885974 0 -601.423 -18.5951 858.439 1 2
0.885376 -0.0335246 0.463665 0 0.0336297 0.999402 0.00804369 0 -0.463657 0.00847123 0.885974 0 -601.423 -18.5951 858.439 1 2
0.885376 -0.0335246 0.463665 0 0.0336297 0.999402 0.00804369 0 -0.463657 0.00847123 0.885974 0 -601.423 -18.5951 858.439 1 2
0.885376 -0.0335246 0.463665 0 0.0336297 0.999402 0.00804369 0 -0.463657 0.00847123 0.885974 0 -601.423 -18.5951 858.439 1 2
0.885376 -0.0335246 0.463665 0 0.0336297 0.999402 0.00804369 0 -0.463657 0.00847123 0.885974 0 -601.423 -18.5951 858.439 1 2
0.885376 -0.0335246 0.463665 0 0.0336297 0.999402 0.00804369 0 -0.463657 0.00847123 0.885974 0 -601.423 -18.5951 858.439 1 2
0.885376 -0.0335246 0.463665 0 0.0336297 0.999402 0.00804369 0 -0.463657 0.00847123 0.885974 0 -601.423 -18.5951 858.439 1 2
0.885376 -0.0335246 0.463665 0 0.0336297 0.999402 0.00804369 0 -0.463657 0.00847123 0.885974 0 -601.423 -18.5951 858.439 1 2
0.885376 -0.0335246 0.463665 0 0.0336297 0.999402 0.00804369 0 -0.463657 0.00847123 0.885974 0 -601.423 -18.5951 858.439 1 2
0.885376 -0.0335246 0.463665 0 0.0336297 0.999402 0.00804369 0 -0.463657 0.00847123 0.885974 0 -601.423 -18.5951 858.439 1 2
0.885376 -0.0335246 0.463665 0 0.0336297 0.999402 0.00804369 0 -0.463657 0.00847123 0.885974 0 -601.423 -18.5951 858.439 1 2
0.885376 -0.0335246 0.463665 0 0.0336297 0.999402 0.00804369 0 -0.463657 0.00847123 0.885974 0 -601.423 -18.5951 858.439 1 2
0.885376 -0.0335246 0.463665 0 0.0336297 0.999402 0.00804369 0 -0.463657 0.00847123 0.885974 0 -601.423 -18.5951 858.439 1 2
0.885376 -0.0335246 0.463665 0 0.0336297 0.999402 0.00804369 0 -0.463657 0.00847123 0.885974 0 -601.423 -18.5951 858.439 1 2
0.885376 -0.0335246 0.463665 0 0.0336297 0.999402 0.00804369 0 -0.463657 0.00847123 0.885974 0 -601.423 -18.5951 858.439 1 2
0.885376 -0.0335246 0.463665 0 0.0336297 0.999402 0.00804369 0 -0.463657 0.00847123 0.885974 0 -601.423 -18.5951 858.439 1 2
0.885376 -0.0335246 0.463665 0 0.0336297 0.999402 0.00804369 0 -0.463657 0.00847123 0.885974 0 -601.423 -18.5951 858.439 1 2
0.885376 -0.0335246 0.463665 0 0.0336297 0.999402 0.00804369 0 -0.463657 0.00847123 0.885974 0 -601.423 -18.5951 858.439 1 2
0.885376 -0.0335246 0.463665 0 0.0336297 0.999402 0.00804369 0 -0.463657 0.00847123 0.885974 0 -601.423 -18.5951 858.439 1 2
0.885376 -0.0335246 0.463665 0 0.0336297 0.999402 0.00804369 0 -0.463657 0.00847123 0.885974 0 -601.423 -18.5951 858.439 1 2
0.885376 -0.0335246 0.463665 0 0.0336297 0.999402 0.00804369 0 -0.463657 0.00847123 0.885974 0 -601.423 -18.5951 858.439 1 2
0.885376 -0.0335246 0.463665 0 0.0336297 0.999402 0.00804369 0 -0.463657 0.00847123 0.885974 0 -601.423 -18.5951 858.439 1 2
0.885376 -0.0335246 0.463665 0 0.0336297 0.999402 0.00804369 0 -0.463657 0.00847123 0.885974 0 -601.423 -18.5951 858.439 1 2
0.885376 -0.0335246 0.463665 0 0.0336297 0.999402 0.00804369 0 -0.463657 0.00847123 0.885974 0 -601.423 -18.5951 858.439 1 2
0.885376 -0.0335246 0.463665 0 0.0336297 0.999402 0.00804369 0 -0.463657 0.00847123 0.885974 0 -601.423 -18.5951 858.439 1 2
0.885376 -0.0335246 0.463665 0 0.0336297 0.999402 0.00804369 0 -0.463657 0.00847123 0.885974 0 -601.423 -18.5951 858.439 1 2
0.885376 -0.0335246 0.463665 0 0.0336297 0.999402 0.00804369 0 -0.463657 0.00847123 0.885974 0 -601.423 -18.5951 858.439 1 2
0.885376 -0.0335246 0.463665 0 0.0336297 0.999402 0.00804369 0 -0.463657 0.00847123 0.885974 0 -601.423 -18.5951 858.439 1 2
0.885376 -0.0335246 0.463665 0 0.0336297 0.999402 0.00804369 0 -0.463657 0.00847123 0.885974 0 -601.423 -18.5951 858.439 1 2
0.885376 -0.0335246 0.463665 0 0.0336297 0.999402 0.00804369 0 -0.463657 0.00847123 0.885974 0 -601.423 -18.5951 858.439 1 2
0.885376 -0.0335246 0.463665 0 0.0336297 0.999402 0.00804369 0 -0.463657 0.00847123 0.885974 0 -601.423 -18.5951 858.439 1 2
0.885376 -0.0335246 0.463665 0 0.0336297 0.999402 0.00804369 0 -0.463657 0.00847123 0.885974 0 -601.423 -18.5951 858.439 1 2
0.885376 -0.0335246 0.463665 0 0.0336297 0.999402 0.00804369 0 -0.463657 0.00847123 0.885974 0 -601.423 -18.5951 858.439 1 2
0.885376 -0.0335246 0.463665 0 0.0336297 0.999402 0.00804369 0 -0.463657 0.00847123 0.885974 0 -601.423 -18.5951 858.439 1 2
0.885376 -0.0335246 0.463665 0 0.0336297 0.999402 0.00804369 0 -0.463657 0.00847123 0.885974 0 -601.423 -18.5951 858.439 1 2
0.885376 -0.0335246 0.463665 0 0.0336297 0.999402 0.00804369 0 -0.463657 0.00847123 0.885974 0 -601.423 -18.5951 858.439 1 2
0.885376 -0.0335246 0.463665 0 0.0336297 0.999402 0.00804369 0 -0.463657 0.00847123 0.885974 0 -601.423 -18.5951 858.439 1 2
0.885376 -0.0335246 0.463665 0 0.0336297 0.999402 0.00804369 0 -0.463657 0.00847123 0.885974 0 -601.423 -18.5951 858.439 1 2
0.885376 -0.0335246 0.463665 0 0.0336297 0.999402 0.00804369 0 -0.463657 0.00847123 0.885974 0 -601.423 -18.5951 858.439 1 2
0.885376 -0.0335246 0.463665 0 0.0336297 0.999402 0.00804369 0 -0.463657 0.00847123 0.885974 0 -601.423 -18.5951 858.439 1 2
0.885376 -0.0335246 0.463665 0 0.0336297 0.999402 0.00804369 0 -0.463657 0.00847123 0.885974 0 -601.423 -18.5951 858.439 1 2
0.885376 -0.0335246 0.463665 0 0.0336297 0.999402 0.00804369 0 -0.463657 0.00847123 0.885974 0 -601.423 -18.5951 858.439 1 2
0.885376 -0.0335246 0.463665 0 0.0336297 0.999402 0.00804369 0 -0.463657 0.00847123 0.885974 0 -601.423 -18.5951 858.439 1 2
0.885376 -0.0335246 0.463665 0 0.0336297 0.999402 0.00804369 0 -0.463657 0.00847123 0.885974 0 -601.423 -18.5951 858.439 1 2
0.885376 -0.0335246 0.463665 0 0.0336297 0.999402 0.00804369 0 -0.463657 0.00847123 0.885974 0 -601.423 -18.5951 858.439 1 2
0.885376 -0.0335246 0.463665 0 0.0336297 0.999402 0.00804369 0 -0.463657 0.00847123 0.885974 0 -601.423 -18.5951 858.439 1 2
0.885376 -0.0335246 0.463665 0 0.0336297 0.999402 0.00804369 0 -0.463657 0.00847123 0.885974 0 -601.423 -18.5951 858.439 1 2
0.885376 -0.0335246 0.463665 0 0.0336297 0.999402 0.00804369 0 -0.463657 0.00847123 0.885974 0 -601.423 -18.5951 858.439 1 2
0.885376 -0.0335246 0.463665 0 0.0336297 0.999402 0.00804369 0 -0.463657 0.00847123 0.885974 0 -601.423 -18.5951 858.439 1 2
0.885376 -0.0335246 0.463665 0 0.0336297 0.999402 0.00804369 0 -0.463657 0.00847123 0.885974 0 -601.423 -18.5951 858.439 1 2
0.885376 -0.0335246 0.463665 0 0.0336297 0.999402 0.00804369 0 -0.463657 0.00847123 0.885974 0 -601.423 -18.5951 858.439 1 2
0.885376 -0.0335246 0.463665 0 0.0336297 0.999402 0.00804369 0 -0.463657 0.00847123 0.885974 0 -601.423 -18.5951 858.439 1 2
0.885376 -0.0335246 0.463665 0 0.0336297 0.999402 0.00804369 0 -0.463657 0.00847123 0.885974 0 -601.423 -18.5951 858.439 1 2
0.885376 -0.0335246 0.463665 0 0.0336297 0.999402 0.00804369 0 -0.463657 0.00847123 0.885974 0 -601.423 -18.5951 858.439 1 2
0.885376 -0.0335246 0.463665 0 0.0336297 0.999402 0.00804369 0 -0.463657 0.00847123 0.885974 0 -601.423 -18.5951 858.439 1 2
0.885376 -0.0335246 0.463665 0 0.0336297 0.999402 0.00804369 0 -0.463657 0.00847123 0.885974 0 -601.423 -18.5951 858.439 1 2
0.885376 -0.0335246 0.463665 0 0.0336297 0.999402 0.00804369 0 -0.463657 0.00847123 0.885974 0 -601.423 -18.5951 858.439 1 2
0.885376 -0.0335246 0.463665 0 0.0336297 0.999402 0.00804369 0 -0.463657 0.00847123 0.885974 0 -601.423 -18.5951 858.439 1 2
0.885376 -0.0335246 0.463665 0 0.0336297 0.999402 0.00804369 0 -0.463657 0.00847123 0.885974 0 -601.423 -18.5951 858.439 1 2
0.885376 -0.0335246 0.463665 0 0.0336297 0.999402 0.00804369 0 -0.463657 0.00847123 0.885974 0 -601.423 -18.5951 858.439 1 2
0.885376 -0.0335246 0.463665 0 0.0336297 0.999402 0.00804369 0 -0.463657 0.00847123 0.885974 0 -601.423 -18.5951 858.439 1 2
0.885376 -0.0335246 0.463665 0 0.0336297 0.999402 0.00804369 0 -0.463657 0.00847123 0.885974 0 -601.423 -18.5951 858.439 1 2
0.885376 -0.0335246 0.463665 0 0.0336297 0.999402 0.00804369 0 -0.463657 0.00847123 0.885974 0 -601.423 -18.5951 858.439 1 2
0.885376 -0.0335246 0.463665 0 0.0336297 0.999402 0.00804369 0 -0.463657 0.00847123 0.885974 0 -601.423 -18.5951 858.439 1 2
0.885376 -0.0335246 0.463665 0 0.0336297 0.999402 0.00804369 0 -0.463657 0.00847123 0.885974 0 -601.423 -18.5951 858.439 1 2
0.885376 -0.0335246 0.463665 0 0.0336297 0.999402 0.00804369 0 -0.463657 0.00847123 0.885974 0 -601.423 -18.5951 858.439 1 2
0.885376 -0.0335246 0.463665 0 0.0336297 0.999402 0.00804369 0 -0.463657 0.00847123 0.885974 0 -601.423 -18.5951 858.439 1 2
0.885376 -0.0335246 0.463665 0 0.0336297 0.999402 0.00804369 0 -0.463657 0.00847123 0.885974 0 -601.423 -18.5951 858.439 1 2
0.885376 -0.0335246 0.463665 0 0.0336297 0.999402 0.00804369 0 -0.463657 0.00847123 0.885974 0 -601.423 -18.5951 858.439 1 2
0.885376 -0.0335246 0.463665 0 0.0336297 0.999402 0.00804369 0 -0.463657 0.00847123 0.885974 0 -601.423 -18.5951 858.439 1 2
0.885376 -0.0335246 0.463665 0 0.0336297 0.999402 0.00804369 0 -0.463657 0.00847123 0.885974 0 -601.423 -18.5951 858.439 1 2
0.885376 -0.0335246 0.463665 0 0.0336297 0.999402 0.00804369 0 -0.463657 0.00847123 0.885974 0 -601.423 -18.5951 858.439 1 2
0.885376 -0.0335246 0.463665 0 0.0336297 0.999402 0.00804369 0 -0.463657 0.00847123 0.885974 0 -601.423 -18.5951 858.439 1 2
0.885376 -0.0335246 0.463665 0 0.0336297 0.999402 0.00804369 0 -0.463657 0.00847123 0.885974 0 -601.423 -18.5951 858.439 1 2
0.885376 -0.0335246 0.463665 0 0.0336297 0.999402 0.00804369 0 -0.463657 0.00847123 0.885974 0 -601.423 -18.5951 858.439 1 2
0.885376 -0.0335246 0.463665 0 0.0336297 0.999402 0.00804369 0 -0.463657 0.00847123 0.885974 0 -601.423 -18.5951 858.439 1 2
0.885376 -0.0335246 0.463665 0 0.0336297 0.999402 0.00804369 0 -0.463657 0.00847123 0.885974 0 -601.423 -18.5951 858.439 1 2
0.885376 -0.0335246 0.463665 0 0.0336297 0.999402 0.00804369 0 -0.463657 0.00847123 0.885974 0 -601.423 -18.5951 858.439 1 2
0.885376 -0.0335246 0.463665 0 0.0336297 0.999402 0.00804369 0 -0.463657 0.00847123 0.885974 0 -601.423 -18.5951 858.439 1 2
0.885376 -0.0335246 0.463665 0 0.0336297 0.999402 0.00804369 0 -0.463657 0.00847123 0.885974 0 -601.423 -18.5951 858.439 1 2
0.885376 -0.0335246 0.463665 0 0.0336297 0.999402 0.00804369 0 -0.463657 0.00847123 0.885974 0 -601.423 -18.5951 858.439 1 2
0.885376 -0.0335246 0.463665 0 0.0336297 0.999402 0.00804369 0 -0.463657 0.00847123 0.885974 0 -601.423 -18.5951 858.439 1 2
0.885376 -0.0335246 0.463665 0 0.0336297 0.999402 0.00804369 0 -0.463657 0.00847123 0.885974 0 -601.423 -18.5951 858.439 1 2
0.885376 -0.0335246 0.463665 0 0.0336297 0.999402 0.00804369 0 -0.463657 0.00847123 0.885974 0 -601.423 -18.5951 858.439 1 2
0.885376 -0.0335246 0.463665 0 0.0336297 0.999402 0.00804369 0 -0.463657 0.00847123 0.885974 0 -601.423 -18.5951 858.439 1 2
0.885376 -0.0335246 0.463665 0 0.0336297 0.999402 0.00804369 0 -0.463657 0.00847123 0.885974 0 -601.423 -18.5951 858.439 1 2
0.885376 -0.0335246 0.463665 0 0.0336297 0.999402 0.00804369 0 -0.463657 0.00847123 0.885974 0 -601.423 -18.5951 858.439 1 2
0.885376 -0.0335246 0.463665 0 0.0336297 0.999402 0.00804369 0 -0.463657 0.00847123 0.885974 0 -601.423 -18.5951 858.439 1 2
0.885376 -0.0335246 0.463665 0 0.0336297 0.999402 0.00804369 0 -0.463657 0.00847123 0.885974 0 -601.423 -18.5951 858.439 1 2
0.885376 -0.0335246 0.463665 0 0.0336297 0.999402 0.00804369 0 -0.463657 0.00847123 0.885974 0 -601.423 -18.5951 858.439 1 2
0.885376 -0.0335246 0.463665 0 0.0336297 0.999402 0.00804369 0 -0.463657 0.00847123 0.885974 0 -601.423 -18.5951 858.439 1 2
0.885376 -0.0335246 0.463665 0 0.0336297 0.999402 0.00804369 0 -0.463657 0.00847123 0.885974 0 -601.423 -18.5951 858.439 1 2
0.885376 -0.0335246 0.463665 0 0.0336297 0.999402 0.00804369 0 -0.463657 0.00847123 0.885974 0 -601.423 -18.5951 858.439 1 2
0.885376 -0.0335246 0.463665 0 0.0336297 0.999402 0.00804369 0 -0.463657 0.00847123 0.885974 0 -601.423 -18.5951 858.439 1 2
0.885376 -0.0335246 0.463665 0 0.0336297 0.999402 0.00804369 0 -0.463657 0.00847123 0.885974 0 -601.423 -18.5951 858.439 1 2
0.885376 -0.0335246 0.463665 0 0.0336297 0.999402 0.00804369 0 -0.463657 0.00847123 0.885974 0 -601.423 -18.5951 858.439 1 2
0.885376 -0.0335246 0.463665 0 0.0336297 0.999402 0.00804369 0 -0.463657 0.00847123 0.885974 0 -601.423 -18.5951 858.439 1 2
0.885376 -0.0335246 0.463665 0 0.0336297 0.999402 0.00804369 0 -0.463657 0.00847123 0.885974 0 -601.423 -18.5951 858.439 1 2
0.885376 -0.0335246 0.463665 0 0.0336297 0.999402 0.00804369 0 -0.463657 0.00847123 0.885974 0 -601.423 -18.5951 858.439 1 2
0.885376 -0.0335246 0.463665 0 0.0336297 0.999402 0.00804369 0 -0.463657 0.00847123 0.885974 0 -601.423 -18.5951 858.439 1 2
0.885376 -0.0335246 0.463665 0 0.0336297 0.999402 0.00804369 0 -0.463657 0.00847123 0.885974 0 -601.423 -18.5951 858.439 1 2
0.885376 -0.0335246 0.463665 0 0.0336297 0.999402 0.00804369 0 -0.463657 0.00847123 0.885974 0 -601.423 -18.5951 858.439 1 2
0.885376 -0.0335246 0.463665 0 0.0336297 0.999402 0.00804369 0 -0.463657 0.00847123 0.885974 0 -601.423 -18.5951 858.439 1 2
0.886344 -0.0300072 0.462054 0 0.028602 0.99954 0.0100467 0 -0.462143 0.00431083 0.886795 0 -597.006 -25.9522 859.659 1 3
0.887097 -0.0258352 0.460859 0 0.0235994 0.999665 0.0106141 0 -0.460979 0.00146021 0.88741 0 -593.029 -30.3272 860.756 1 3
0.887603 -0.0221303 0.460078 0 0.019498 0.999755 0.010473 0 -0.460197 -0.000325222 0.887817 0 -589.751 -33.0997 861.892 1 3
0.888092 -0.0187164 0.459285 0 0.0160582 0.999824 0.00969324 0 -0.459385 -0.00123322 0.888236 0 -587.1 -34.7301 862.915 1 3
0.888501 -0.0163788 0.458582 0 0.0138958 0.999865 0.00878826 0 -0.458664 -0.00143602 0.888609 0 -585.058 -35.6038 863.9 1 3
0.889 -0.0165667 0.457608 0 0.0142374 0.999862 0.00853855 0 -0.457686 -0.00107561 0.889113 0 -584.016 -35.1025 864.615 1 3
0.889561 -0.0169752 0.456501 0 0.0150394 0.999856 0.00787353 0 -0.456569 -0.000138482 0.889688 0 -583.026 -34.0222 865.413 1 3
0.890075 -0.0180309 0.455458 0 0.0162835 0.999837 0.00776028 0 -0.455524 0.000509219 0.890223 0 -582.577 -33.0202 866.308 1 3
0.890563 -0.0195457 0.454439 0 0.018418 0.999807 0.00690855 0 -0.454486 0.00221734 0.890751 0 -581.928 -32.076 867.851 1 3
0.891052 -0.0215032 0.453391 0 0.0208229 0.999762 0.00649274 0 -0.453423 0.00365555 0.891288 0 -581.407 -30.9582 869.409 1 3
0.891412 -0.023407 0.452589 0 0.02307 0.999714 0.00626488 0 -0.452606 0.00485665 0.891697 0 -581.384 -30.3708 870.524 1 3
0.891651 -0.0250715 0.452029 0 0.0249411 0.999669 0.00624839 0 -0.452036 0.00570272 0.891982 0 -581.682 -30.1502 871.533 1 3
0.891707 -0.0263304 0.451847 0 0.0264053 0.999632 0.00614132 0 -0.451843 0.00645489 0.892074 0 -582.034 -29.7929 872.374 1 3
0.891739 -0.0272203 0.451731 0 0.0273329 0.999607 0.00627748 0 -0.451725 0.00674928 0.892132 0 -582.258 -29.7188 873.033 1 3
0.891892 -0.0276793 0.451401 0 0.0278437 0.999593 0.00627924 0 -0.451391 0.00696827 0.892299 0 -582.202 -29.637 873.648 1 3
0.89216 -0.028053 0.450848 0 0.0282685 0.999581 0.00625744 0 -0.450835 0.0071622 0.892579 0 -581.932 -29.4763 874.238 1 3
0.892515 -0.0286618 0.450106 0 0.0288824 0.999562 0.00637908 0 -0.450091 0.00730672 0.892953 0 -581.454 -29.4449 874.711 1 3
0.893457 -0.0286987 0.448231 0 0.0292949 0.999555 0.00560473 0 -0.448192 0.00812327 0.8939 0 -582.887 -29.3756 875.373 1 3
0.894224 -0.028942 0.446683 0 0.0298004 0.999543 0.00510558 0 -0.446626 0.00874578 0.894678 0 -583.795 -29.1303 875.924 1 3
0.894821 -0.0292548 0.445466 0 0.0303366 0.999529 0.00470334 0 -0.445393 0.00930525 0.895287 0 -584.657 -28.8794 876.22 1 3
0.895277 -0.029609 0.444526 0 0.0308195 0.999515 0.00450506 0 -0.444444 0.0096668 0.895755 0 -585.208 -28.7219 876.468 1 3
0.895559 -0.0298608 0.44394 0 0.0311436 0.999505 0.004404 0 -0.443852 0.00988184 0.896046 0 -585.708 -28.6296 876.568 1 3
0.895771 -0.0301173 0.443493 0 0.0314136 0.999497 0.0044258 0 -0.443403 0.00996719 0.896267 0 -586.038 -28.6618 876.548 1 3
0.895836 -0.0303711 0.443346 0 0.0316461 0.999489 0.00452455 0 -0.443257 0.00997692 0.896339 0 -586.396 -28.6878 876.415 1 3
0.895869 -0.0305807 0.443265 0 0.0318488 0.999482 0.00458539 0 -0.443175 0.0100096 0.896379 0 -586.559 -28.6682 876.272 1 3
0.895865 -0.0308571 0.443253 0 0.0321138 0.999473 0.00467269 0 -0.443164 0.0100484 0.896384 0 -586.766 -28.6338 876.076 1 3
0.895847 -0.0310956 0.443274 0 0.0323362 0.999466 0.00476167 0 -0.443185 0.0100681 0.896374 0 -586.903 -28.62 875.83 1 3
0.895826 -0.0312581 0.443305 0 0.032497 0.99946 0.00480401 0 -0.443215 0.0101025 0.896358 0 -586.965 -28.6115 875.578 1 3
0.895861 -0.0313967 0.443224 0 0.0325943 0.999457 0.00491774 0 -0.443137 0.0100409 0.896398 0 -586.84 -28.6433 875.327 1 3
0.895858 -0.0315358 0.443221 0 0.032823 0.99945 0.00476901 0 -0.443127 0.0102755 0.8964 0 -586.888 -28.4514 875.821 1 3
0.895805 -0.0315991 0.443322 0 0.0329445 0.999446 0.00466873 0 -0.443224 0.0104228 0.89635 0 -586.977 -28.2794 876.096 1 3
0.895724 -0.0316821 0.44348 0 0.0330386 0.999443 0.00466984 0 -0.443381 0.0104691 0.896272 0 -587.017 -28.2482 876.23 1 3
0.89568 -0.031635 0.443572 0 0.0329934 0.999445 0.0046573 0 -0.443473 0.0104635 0.896227 0 -586.928 -28.2184 876.255 1 3
0.895627 -0.0315415 0.443686 0 0.0329191 0.999447 0.00459981 0 -0.443586 0.010486 0.896171 0 -586.838 -28.2157 876.259 1 3
0.895582 -0.0314778 0.443782 0 0.0328497 0.99945 0.00459874 0 -0.443683 0.0104596 0.896123 0 -586.773 -28.2378 876.138 1 3
0.895459 -0.0313797 0.444037 0 0.0325368 0.999458 0.0050161 0 -0.443954 0.00995583 0.895994 0 -587.032 -28.5187 875.891 1 3
0.895336 -0.0313341 0.444288 0 0.0323739 0.999462 0.00524828 0 -0.444214 0.00968438 0.895869 0 -587.258 -28.6679 875.623 1 3
0.895257 -0.0312573 0.444452 0 0.0322181 0.999466 0.00539353 0 -0.444384 0.00949083 0.895786 0 -587.388 -28.7436 875.472 1 3
0.895198 -0.031166 0.444577 0 0.0320963 0.99947 0.0054365 0 -0.444511 0.00940252 0.895724 0 -587.441 -28.807 875.365 1 3
0.89518 -0.0311137 0.444618 0 0.032037 0.999472 0.0054392 0 -0.444553 0.00937516 0.895704 0 -587.42 -28.8421 875.252 1 3
0.895182 -0.0311174 0.444612 0 0.0320038 0.999473 0.00551426 0 -0.444549 0.00929303 0.895706 0 -587.309 -28.9466 875.143 1 3
0.895186 -0.0310811 0.444607 0 0.0319619 0.999474 0.00551702 0 -0.444545 0.00927172 0.895709 0 -587.205 -28.9722 875.049 1 3
0.895203 -0.0310317 0.444578 0 0.0319136 0.999475 0.00550261 0 -0.444515 0.00926212 0.895723 0 -587.036 -28.9992 875.011 1 3
0.895204 -0.0310066 0.444577 0 0.0318724 0.999477 0.0055292 0 -0.444516 0.00921996 0.895723 0 -586.928 -29.0457 874.973 1 3
0.895191 -0.0309628 0.444606 0 0.0318188 0.999478 0.00553912 0 -0.444545 0.00918827 0.895709 0 -586.835 -29.0732 874.975 1 3
