0.211593 0 0.977358 0 0 1 0 0 -0.977358 0 0.211593 0 -1687.06 0 508.012 1 0
0.211593 0 0.977358 0 0 1 0 0 -0.977358 0 0.211593 0 -1687.06 0 508.012 1 0
0.211593 0 0.977358 0 0 1 0 0 -0.977358 0 0.211593 0 -1687.06 0 508.012 1 0
0.211593 0 0.977358 0 0 1 0 0 -0.977358 0 0.211593 0 -1687.06 0 508.012 1 0
0.211593 0 0.977358 0 0 1 0 0 -0.977358 0 0.211593 0 -1687.06 0 508.012 1 0
0.211593 0 0.977358 0 0 1 0 0 -0.977358 0 0.211593 0 -1687.06 0 508.012 1 0
0.211593 0 0.977358 0 0 1 0 0 -0.977358 0 0.211593 0 -1687.06 0 508.012 1 0
0.211593 0 0.977358 0 0 1 0 0 -0.977358 0 0.211593 0 -1687.06 0 508.012 1 0
0.211593 0 0.977358 0 0 1 0 0 -0.977358 0 0.211593 0 -1687.06 0 508.012 1 0
0.211593 0 0.977358 0 0 1 0 0 -0.977358 0 0.211593 0 -1687.06 0 508.012 1 0
0.211593 0 0.977358 0 0 1 0 0 -0.977358 0 0.211593 0 -1687.06 0 508.012 1 0
0.211593 0 0.977358 0 0 1 0 0 -0.977358 0 0.211593 0 -1687.06 0 508.012 1 0
0.211593 0 0.977358 0 0 1 0 0 -0.977358 0 0.211593 0 -1687.06 0 508.012 1 0
0.211593 0 0.977358 0 0 1 0 0 -0.977358 0 0.211593 0 -1687.06 0 508.012 1 0
0.211593 0 0.977358 0 0 1 0 0 -0.977358 0 0.211593 0 -1687.06 0 508.012 1 0
0.211593 0 0.977358 0 0 1 0 0 -0.977358 0 0.211593 0 -1687.06 0 508.012 1 0
0.211593 0 0.977358 0 0 1 0 0 -0.977358 0 0.211593 0 -1687.06 0 508.012 1 0
0.211593 0 0.977358 0 0 1 0 0 -0.977358 0 0.211593 0 -1687.06 0 508.012 1 0
0.211593 0 0.977358 0 0 1 0 0 -0.977358 0 0.211593 0 -1687.06 0 508.012 1 0
0.211593 0 0.977358 0 0 1 0 0 -0.977358 0 0.211593 0 -1687.06 0 508.012 1 0
0.211593 0 0.977358 0 0 1 0 0 -0.977358 0 0.211593 0 -1687.06 0 508.012 1 0
0.211593 0 0.977358 0 0 1 0 0 -0.977358 0 0.211593 0 -1687.06 0 508.012 1 0
0.211593 0 0.977358 0 0 1 0 0 -0.977358 0 0.211593 0 -1687.06 0 508.012 1 0
0.211593 0 0.977358 0 0 1 0 0 -0.977358 0 0.211593 0 -1687.06 0 508.012 1 0
0.211593 0 0.977358 0 0 1 0 0 -0.977358 0 0.211593 0 -1687.06 0 508.012 1 0
0.211593 0 0.977358 0 0 1 0 0 -0.977358 0 0.211593 0 -1687.06 0 508.012 1 0
0.211593 0 0.977358 0 0 1 0 0 -0.977358 0 0.211593 0 -1687.06 0 508.012 1 0
0.211593 0 0.977358 0 0 1 0 0 -0.977358 0 0.211593 0 -1687.06 0 508.012 1 0
0.240095 -0.0319445 0.970224 0 -0.0133471 0.999255 0.0362033 0 -0.970658 -0.0216419 0.23949 0 -1389.37 -24.5523 1049.06 1 1
0.245878 -0.0211575 0.96907 0 -0.0202923 0.99943 0.026969 0 -0.969088 -0.0262958 0.245309 0 -1387.33 -30.069 1111.72 1 1
0.245878 -0.0211575 0.96907 0 -0.0202923 0.99943 0.026969 0 -0.969088 -0.0262958 0.245309 0 -1387.33 -30.069 1111.72 1 2
0.245878 -0.0211575 0.96907 0 -0.0202923 0.99943 0.026969 0 -0.969088 -0.0262958 0.245309 0 -1387.33 -30.069 1111.72 1 2
0.245878 -0.0211575 0.96907 0 -0.0202923 0.99943 0.026969 0 -0.969088 -0.0262958 0.245309 0 -1387.33 -30.069 1111.72 1 2
0.245878 -0.0211575 0.96907 0 -0.0202923 0.99943 0.026969 0 -0.969088 -0.0262958 0.245309 0 -1387.33 -30.069 1111.72 1 2
0.245878 -0.0211575 0.96907 0 -0.0202923 0.99943 0.026969 0 -0.969088 -0.0262958 0.245309 0 -1387.33 -30.069 1111.72 1 2
0.245878 -0.0211575 0.96907 0 -0.0202923 0.99943 0.026969 0 -0.969088 -0.0262958 0.245309 0 -1387.33 -30.069 1111.72 1 2
0.245878 -0.0211575 0.96907 0 -0.0202923 0.99943 0.026969 0 -0.969088 -0.0262958 0.245309 0 -1387.33 -30.069 1111.72 1 2
0.245878 -0.0211575 0.96907 0 -0.0202923 0.99943 0.026969 0 -0.969088 -0.0262958 0.245309 0 -1387.33 -30.069 1111.72 1 2
0.245878 -0.0211575 0.96907 0 -0.0202923 0.99943 0.026969 0 -0.969088 -0.0262958 0.245309 0 -1387.33 -30.069 1111.72 1 2
0.245878 -0.0211575 0.96907 0 -0.0202923 0.99943 0.026969 0 -0.969088 -0.0262958 0.245309 0 -1387.33 -30.069 1111.72 1 2
0.245878 -0.0211575 0.96907 0 -0.0202923 0.99943 0.026969 0 -0.969088 -0.0262958 0.245309 0 -1387.33 -30.069 1111.72 1 2
0.245878 -0.0211575 0.96907 0 -0.0202923 0.99943 0.026969 0 -0.969088 -0.0262958 0.245309 0 -1387.33 -30.069 1111.72 1 2
0.245878 -0.0211575 0.96907 0 -0.0202923 0.99943 0.026969 0 -0.969088 -0.0262958 0.245309 0 -1387.33 -30.069 1111.72 1 2
0.245878 -0.0211575 0.96907 0 -0.0202923 0.99943 0.026969 0 -0.969088 -0.0262958 0.245309 0 -1387.33 -30.069 1111.72 1 2
0.245878 -0.0211575 0.96907 0 -0.0202923 0.99943 0.026969 0 -0.969088 -0.0262958 0.245309 0 -1387.33 -30.069 1111.72 1 2
0.245878 -0.0211575 0.96907 0 -0.0202923 0.99943 0.026969 0 -0.969088 -0.0262958 0.245309 0 -1387.33 -30.069 1111.72 1 2
0.245878 -0.0211575 0.96907 0 -0.0202923 0.99943 0.026969 0 -0.969088 -0.0262958 0.245309 0 -1387.33 -30.069 1111.72 1 2
0.245878 -0.0211575 0.96907 0 -0.0202923 0.99943 0.026969 0 -0.969088 -0.0262958 0.245309 0 -1387.33 -30.069 1111.72 1 2
0.245878 -0.0211575 0.96907 0 -0.0202923 0.99943 0.026969 0 -0.969088 -0.0262958 0.245309 0 -1387.33 -30.069 1111.72 1 2
0.245878 -0.0211575 0.96907 0 -0.0202923 0.99943 0.026969 0 -0.969088 -0.0262958 0.245309 0 -1387.33 -30.069 1111.72 1 2
0.245878 -0.0211575 0.96907 0 -0.0202923 0.99943 0.026969 0 -0.969088 -0.0262958 0.245309 0 -1387.33 -30.069 1111.72 1 2
0.245878 -0.0211575 0.96907 0 -0.0202923 0.99943 0.026969 0 -0.969088 -0.0262958 0.245309 0 -1387.33 -30.069 1111.72 1 2
0.245878 -0.0211575 0.96907 0 -0.0202923 0.99943 0.026969 0 -0.969088 -0.0262958 0.245309 0 -1387.33 -30.069 1111.72 1 2
0.245878 -0.0211575 0.96907 0 -0.0202923 0.99943 0.026969 0 -0.969088 -0.0262958 0.245309 0 -1387.33 -30.069 1111.72 1 2
0.245878 -0.0211575 0.96907 0 -0.0202923 0.99943 0.026969 0 -0.969088 -0.0262958 0.245309 0 -1387.33 -30.069 1111.72 1 2
0.245878 -0.0211575 0.96907 0 -0.0202923 0.99943 0.026969 0 -0.969088 -0.0262958 0.245309 0 -1387.33 -30.069 1111.72 1 2
0.245878 -0.0211575 0.96907 0 -0.0202923 0.99943 0.026969 0 -0.969088 -0.0262958 0.245309 0 -1387.33 -30.069 1111.72 1 2
0.245878 -0.0211575 0.96907 0 -0.0202923 0.99943 0.026969 0 -0.969088 -0.0262958 0.245309 0 -1387.33 -30.069 1111.72 1 2
0.245878 -0.0211575 0.96907 0 -0.0202923 0.99943 0.026969 0 -0.969088 -0.0262958 0.245309 0 -1387.33 -30.069 1111.72 1 2
0.245878 -0.0211575 0.96907 0 -0.0202923 0.99943 0.026969 0 -0.969088 -0.0262958 0.245309 0 -1387.33 -30.069 1111.72 1 2
0.245878 -0.0211575 0.96907 0 -0.0202923 0.99943 0.026969 0 -0.969088 -0.0262958 0.245309 0 -1387.33 -30.069 1111.72 1 2
0.245878 -0.0211575 0.96907 0 -0.0202923 0.99943 0.026969 0 -0.969088 -0.0262958 0.245309 0 -1387.33 -30.069 1111.72 1 2
0.245878 -0.0211575 0.96907 0 -0.0202923 0.99943 0.026969 0 -0.969088 -0.0262958 0.245309 0 -1387.33 -30.069 1111.72 1 2
0.245878 -0.0211575 0.96907 0 -0.0202923 0.99943 0.026969 0 -0.969088 -0.0262958 0.245309 0 -1387.33 -30.069 1111.72 1 2
0.245878 -0.0211575 0.96907 0 -0.0202923 0.99943 0.026969 0 -0.969088 -0.0262958 0.245309 0 -1387.33 -30.069 1111.72 1 2
0.245878 -0.0211575 0.96907 0 -0.0202923 0.99943 0.026969 0 -0.969088 -0.0262958 0.245309 0 -1387.33 -30.069 1111.72 1 2
0.245878 -0.0211575 0.96907 0 -0.0202923 0.99943 0.026969 0 -0.969088 -0.0262958 0.245309 0 -1387.33 -30.069 1111.72 1 2
0.245878 -0.0211575 0.96907 0 -0.0202923 0.99943 0.026969 0 -0.969088 -0.0262958 0.245309 0 -1387.33 -30.069 1111.72 1 2
0.245878 -0.0211575 0.96907 0 -0.0202923 0.99943 0.026969 0 -0.969088 -0.0262958 0.245309 0 -1387.33 -30.069 1111.72 1 2
0.245878 -0.0211575 0.96907 0 -0.0202923 0.99943 0.026969 0 -0.969088 -0.0262958 0.245309 0 -1387.33 -30.069 1111.72 1 2
0.245878 -0.0211575 0.96907 0 -0.0202923 0.99943 0.026969 0 -0.969088 -0.0262958 0.245309 0 -1387.33 -30.069 1111.72 1 2
0.245878 -0.0211575 0.96907 0 -0.0202923 0.99943 0.026969 0 -0.969088 -0.0262958 0.245309 0 -1387.33 -30.069 1111.72 1 2
0.245878 -0.0211575 0.96907 0 -0.0202923 0.99943 0.026969 0 -0.969088 -0.0262958 0.245309 0 -1387.33 -30.069 1111.72 1 2
0.245878 -0.0211575 0.96907 0 -0.0202923 0.99943 0.026969 0 -0.969088 -0.0262958 0.245309 0 -1387.33 -30.069 1111.72 1 2
0.245878 -0.0211575 0.96907 0 -0.0202923 0.99943 0.026969 0 -0.969088 -0.0262958 0.245309 0 -1387.33 -30.069 1111.72 1 2
0.245878 -0.0211575 0.96907 0 -0.0202923 0.99943 0.026969 0 -0.969088 -0.0262958 0.245309 0 -1387.33 -30.069 1111.72 1 2
0.245878 -0.0211575 0.96907 0 -0.0202923 0.99943 0.026969 0 -0.969088 -0.0262958 0.245309 0 -1387.33 -30.069 1111.72 1 2
0.245878 -0.0211575 0.96907 0 -0.0202923 0.99943 0.026969 0 -0.969088 -0.0262958 0.245309 0 -1387.33 -30.069 1111.72 1 2
0.245878 -0.0211575 0.96907 0 -0.0202923 0.99943 0.026969 0 -0.969088 -0.0262958 0.245309 0 -1387.33 -30.069 1111.72 1 2
0.245878 -0.0211575 0.96907 0 -0.0202923 0.99943 0.026969 0 -0.969088 -0.0262958 0.245309 0 -1387.33 -30.069 1111.72 1 2
0.245878 -0.0211575 0.96907 0 -0.0202923 0.99943 0.026969 0 -0.969088 -0.0262958 0.245309 0 -1387.33 -30.069 1111.72 1 2
0.245878 -0.0211575 0.96907 0 -0.0202923 0.99943 0.026969 0 -0.969088 -0.0262958 0.245309 0 -1387.33 -30.069 1111.72 1 2
0.245878 -0.0211575 0.96907 0 -0.0202923 0.99943 0.026969 0 -0.969088 -0.0262958 0.245309 0 -1387.33 -30.069 1111.72 1 2
0.245878 -0.0211575 0.96907 0 -0.0202923 0.99943 0.026969 0 -0.969088 -0.0262958 0.245309 0 -1387.33 -30.069 1111.72 1 2
0.245878 -0.0211575 0.96907 0 -0.0202923 0.99943 0.026969 0 -0.969088 -0.0262958 0.245309 0 -1387.33 -30.069 1111.72 1 2
0.245878 -0.0211575 0.96907 0 -0.0202923 0.99943 0.026969 0 -0.969088 -0.0262958 0.245309 0 -1387.33 -30.069 1111.72 1 2
0.245878 -0.0211575 0.96907 0 -0.0202923 0.99943 0.026969 0 -0.969088 -0.0262958 0.245309 0 -1387.33 -30.069 1111.72 1 2
0.245878 -0.0211575 0.96907 0 -0.0202923 0.99943 0.026969 0 -0.969088 -0.0262958 0.245309 0 -1387.33 -30.069 1111.72 1 2
0.245878 -0.0211575 0.96907 0 -0.0202923 0.99943 0.026969 0 -0.969088 -0.0262958 0.245309 0 -1387.33 -30.069 1111.72 1 2
0.245878 -0.0211575 0.96907 0 -0.0202923 0.99943 0.026969 0 -0.969088 -0.0262958 0.245309 0 -1387.33 -30.069 1111.72 1 2
0.245878 -0.0211575 0.96907 0 -0.0202923 0.99943 0.026969 0 -0.969088 -0.0262958 0.245309 0 -1387.33 -30.069 1111.72 1 2
0.245878 -0.0211575 0.96907 0 -0.0202923 0.99943 0.026969 0 -0.969088 -0.0262958 0.245309 0 -1387.33 -30.069 1111.72 1 2
0.245878 -0.0211575 0.96907 0 -0.0202923 0.99943 0.026969 0 -0.969088 -0.0262958 0.245309 0 -1387.33 -30.069 1111.72 1 2
0.245878 -0.0211575 0.96907 0 -0.0202923 0.99943 0.026969 0 -0.969088 -0.0262958 0.245309 0 -1387.33 -30.069 1111.72 1 2
0.245878 -0.0211575 0.96907 0 -0.0202923 0.99943 0.026969 0 -0.969088 -0.0262958 0.245309 0 -1387.33 -30.069 1111.72 1 2
0.245878 -0.0211575 0.96907 0 -0.0202923 0.99943 0.026969 0 -0.969088 -0.0262958 0.245309 0 -1387.33 -30.069 1111.72 1 2
0.245878 -0.0211575 0.96907 0 -0.0202923 0.99943 0.026969 0 -0.969088 -0.0262958 0.245309 0 -1387.33 -30.069 1111.72 1 2
0.245878 -0.0211575 0.96907 0 -0.0202923 0.99943 0.026969 0 -0.969088 -0.0262958 0.245309 0 -1387.33 -30.069 1111.72 1 2
0.245878 -0.0211575 0.96907 0 -0.0202923 0.99943 0.026969 0 -0.969088 -0.0262958 0.245309 0 -1387.33 -30.069 1111.72 1 2
0.245878 -0.0211575 0.96907 0 -0.0202923 0.99943 0.026969 0 -0.969088 -0.0262958 0.245309 0 -1387.33 -30.069 1111.72 1 2
0.245878 -0.0211575 0.96907 0 -0.0202923 0.99943 0.026969 0 -0.969088 -0.0262958 0.245309 0 -1387.33 -30.069 1111.72 1 2
0.245878 -0.0211575 0.96907 0 -0.0202923 0.99943 0.026969 0 -0.969088 -0.0262958 0.245309 0 -1387.33 -30.069 1111.72 1 2
0.245878 -0.0211575 0.96907 0 -0.0202923 0.99943 0.026969 0 -0.969088 -0.0262958 0.245309 0 -1387.33 -30.069 1111.72 1 2
0.245878 -0.0211575 0.96907 0 -0.0202923 0.99943 0.026969 0 -0.969088 -0.0262958 0.245309 0 -1387.33 -30.069 1111.72 1 2
0.245878 -0.0211575 0.96907 0 -0.0202923 0.99943 0.026969 0 -0.969088 -0.0262958 0.245309 0 -1387.33 -30.069 1111.72 1 2
0.245878 -0.0211575 0.96907 0 -0.0202923 0.99943 0.026969 0 -0.969088 -0.0262958 0.245309 0 -1387.33 -30.069 1111.72 1 2
0.245878 -0.0211575 0.96907 0 -0.0202923 0.99943 0.026969 0 -0.969088 -0.0262958 0.245309 0 -1387.33 -30.069 1111.72 1 2
0.245878 -0.0211575 0.96907 0 -0.0202923 0.99943 0.026969 0 -0.969088 -0.0262958 0.245309 0 -1387.33 -30.069 1111.72 1 2
0.245878 -0.0211575 0.96907 0 -0.0202923 0.99943 0.026969 0 -0.969088 -0.0262958 0.245309 0 -1387.33 -30.069 1111.72 1 2
0.245878 -0.0211575 0.96907 0 -0.0202923 0.99943 0.026969 0 -0.969088 -0.0262958 0.245309 0 -1387.33 -30.069 1111.72 1 2
0.245878 -0.0211575 0.96907 0 -0.0202923 0.99943 0.026969 0 -0.969088 -0.0262958 0.245309 0 -1387.33 -30.069 1111.72 1 2
0.245878 -0.0211575 0.96907 0 -0.0202923 0.99943 0.026969 0 -0.969088 -0.0262958 0.245309 0 -1387.33 -30.069 1111.72 1 2
0.245878 -0.0211575 0.96907 0 -0.0202923 0.99943 0.026969 0 -0.969088 -0.0262958 0.245309 0 -1387.33 -30.069 1111.72 1 2
0.245878 -0.0211575 0.96907 0 -0.0202923 0.99943 0.026969 0 -0.969088 -0.0262958 0.245309 0 -1387.33 -30.069 1111.72 1 2
0.245878 -0.0211575 0.96907 0 -0.0202923 0.99943 0.026969 0 -0.969088 -0.0262958 0.245309 0 -1387.33 -30.069 1111.72 1 2
0.245878 -0.0211575 0.96907 0 -0.0202923 0.99943 0.026969 0 -0.969088 -0.0262958 0.245309 0 -1387.33 -30.069 1111.72 1 2
0.245878 -0.0211575 0.96907 0 -0.0202923 0.99943 0.026969 0 -0.969088 -0.0262958 0.245309 0 -1387.33 -30.069 1111.72 1 2
0.245878 -0.0211575 0.96907 0 -0.0202923 0.99943 0.026969 0 -0.969088 -0.0262958 0.245309 0 -1387.33 -30.069 1111.72 1 2
0.245878 -0.0211575 0.96907 0 -0.0202923 0.99943 0.026969 0 -0.969088 -0.0262958 0.245309 0 -1387.33 -30.069 1111.72 1 2
0.245878 -0.0211575 0.96907 0 -0.0202923 0.99943 0.026969 0 -0.969088 -0.0262958 0.245309 0 -1387.33 -30.069 1111.72 1 2
0.245878 -0.0211575 0.96907 0 -0.0202923 0.99943 0.026969 0 -0.969088 -0.0262958 0.245309 0 -1387.33 -30.069 1111.72 1 2
0.245878 -0.0211575 0.96907 0 -0.0202923 0.99943 0.026969 0 -0.969088 -0.0262958 0.245309 0 -1387.33 -30.069 1111.72 1 2
0.245878 -0.0211575 0.96907 0 -0.0202923 0.99943 0.026969 0 -0.969088 -0.0262958 0.245309 0 -1387.33 -30.069 1111.72 1 2
0.245878 -0.0211575 0.96907 0 -0.0202923 0.99943 0.026969 0 -0.969088 -0.0262958 0.245309 0 -1387.33 -30.069 1111.72 1 2
0.245878 -0.0211575 0.96907 0 -0.0202923 0.99943 0.026969 0 -0.969088 -0.0262958 0.245309 0 -1387.33 -30.069 1111.72 1 2
0.245878 -0.0211575 0.96907 0 -0.0202923 0.99943 0.026969 0 -0.969088 -0.0262958 0.245309 0 -1387.33 -30.069 1111.72 1 2
0.245878 -0.0211575 0.96907 0 -0.0202923 0.99943 0.026969 0 -0.969088 -0.0262958 0.245309 0 -1387.33 -30.069 1111.72 1 2
0.245878 -0.0211575 0.96907 0 -0.0202923 0.99943 0.026969 0 -0.969088 -0.0262958 0.245309 0 -1387.33 -30.069 1111.72 1 2
0.250114 -0.0188348 0.968033 0 -0.0293157 0.999205 0.0270158 0 -0.967772 -0.0351356 0.249363 0 -1384.71 -45.4119 1115.79 1 3
0.253621 -0.0158919 0.967173 0 -0.0372993 0.998961 0.0261952 0 -0.966584 -0.0427185 0.252764 0 -1382.24 -56.0527 1119 1 3
0.256158 -0.0129485 0.966548 0 -0.0437645 0.99873 0.0249782 0 -0.965644 -0.0486989 0.255266 0 -1380.31 -63.5312 1121.61 1 3
0.258354 -0.00983462 0.966 0 -0.0487548 0.998541 0.0232052 0 -0.964819 -0.0530923 0.257497 0 -1378.84 -68.7456 1124.12 1 3
0.260343 -0.0072204 0.965489 0 -0.0514614 0.998447 0.0213434 0 -0.964144 -0.055242 0.259568 0 -1378.06 -71.7206 1126.45 1 3
0.262562 -0.00620679 0.964895 0 -0.0508336 0.998502 0.0202555 0 -0.963575 -0.0543674 0.261853 0 -1378.18 -71.0426 1128.71 1 3
0.264882 -0.0047127 0.964269 0 -0.0491421 0.998623 0.0183798 0 -0.963028 -0.0522547 0.264286 0 -1378.34 -68.9589 1131.41 1 3
0.266987 -0.0041172 0.963691 0 -0.0465324 0.998769 0.0171587 0 -0.962576 -0.0494241 0.266467 0 -1379.02 -66.4554 1134.17 1 3
0.269107 -0.00325125 0.963105 0 -0.0429375 0.99896 0.0153697 0 -0.962153 -0.0454894 0.268687 0 -1379.43 -63.0361 1137.54 1 3
0.271295 -0.00299687 0.962492 0 -0.0391752 0.999132 0.0141532 0 -0.961699 -0.0415455 0.270942 0 -1379.8 -59.4078 1140.83 1 3
0.273162 -0.00309642 0.961963 0 -0.0356376 0.999276 0.0133363 0 -0.961308 -0.037925 0.272854 0 -1380.65 -56.4741 1143.39 1 3
0.274648 -0.00343158 0.961539 0 -0.0327125 0.999381 0.0129104 0 -0.960988 -0.0350002 0.274366 0 -1381.71 -54.2869 1145.51 1 3
0.275581 -0.00373547 0.961271 0 -0.030363 0.99946 0.0125885 0 -0.960798 -0.0326562 0.275319 0 -1382.78 -52.2914 1147 1 3
0.276341 -0.00424026 0.96105 0 -0.0287706 0.999506 0.0126827 0 -0.960629 -0.0311548 0.276082 0 -1383.55 -51.0976 1148.1 1 3
0.277301 -0.00452508 0.960772 0 -0.027705 0.999535 0.0127039 0 -0.960383 -0.030141 0.277047 0 -1383.89 -50.3041 1149.29 1 3
0.278448 -0.00481037 0.960439 0 -0.0268617 0.999557 0.012794 0 -0.960075 -0.0293615 0.278196 0 -1383.91 -49.569 1150.6 1 3
0.279899 -0.00523018 0.960015 0 -0.0258746 0.999581 0.0129897 0 -0.959681 -0.0284758 0.279646 0 -1383.55 -48.8978 1151.99 1 3
0.281971 -0.00486691 0.959411 0 -0.0251777 0.999605 0.0124705 0 -0.959093 -0.0276721 0.281737 0 -1384.58 -48.1745 1154.25 1 3
0.283806 -0.00472664 0.95887 0 -0.0244457 0.999627 0.012163 0 -0.95857 -0.0268922 0.283584 0 -1385.18 -47.2648 1156.21 1 3
0.285329 -0.00463199 0.958419 0 -0.0237801 0.999646 0.0119108 0 -0.958135 -0.0261897 0.285118 0 -1385.78 -46.4189 1157.64 1 3
0.286516 -0.0046565 0.958064 0 -0.0232197 0.999661 0.0118027 0 -0.957794 -0.0256276 0.28631 0 -1386.15 -45.7625 1158.77 1 3
0.287307 -0.00471716 0.957827 0 -0.0228812 0.999669 0.0117866 0 -0.957565 -0.0253026 0.287104 0 -1386.53 -45.3825 1159.43 1 3
0.28794 -0.00486417 0.957636 0 -0.0226012 0.999674 0.0118734 0 -0.957382 -0.0250626 0.287737 0 -1386.78 -45.2043 1159.85 1 3
0.288233 -0.00505414 0.957547 0 -0.0223744 0.999678 0.0120115 0 -0.957299 -0.0248867 0.288027 0 -1387.15 -45.0748 1159.89 1 3
0.288421 -0.00519431 0.95749 0 -0.0221782 0.999681 0.0121039 0 -0.957247 -0.0247264 0.288214 0 -1387.34 -44.9058 1159.83 1 3
0.288521 -0.00539086 0.957458 0 -0.0218582 0.999686 0.0122154 0 -0.957224 -0.0244528 0.288313 0 -1387.61 -44.6616 1159.65 1 3
0.28863 -0.00557228 0.957424 0 -0.0216127 0.99969 0.0123337 0 -0.957197 -0.0242524 0.28842 0 -1387.84 -44.4703 1159.37 1 3
0.288783 -0.00570148 0.957378 0 -0.0212532 0.999698 0.0123643 0 -0.957159 -0.023918 0.288575 0 -1388.05 -44.2675 1159.09 1 3
0.289009 -0.00592908 0.957308 0 -0.0209997 0.999701 0.0125314 0 -0.957096 -0.0237249 0.288798 0 -1388.02 -44.1398 1158.89 1 3
0.289095 -0.00585038 0.957283 0 -0.0208243 0.999706 0.0123985 0 -0.957074 -0.0235191 0.288888 0 -1388.1 -43.716 1159.36 1 3
0.289091 -0.00582859 0.957284 0 -0.0207804 0.999708 0.0123624 0 -0.957076 -0.0234666 0.288886 0 -1388.22 -43.4185 1159.5 1 3
0.288995 -0.00587758 0.957312 0 -0.0207273 0.999708 0.0123951 0 -0.957106 -0.0234246 0.288789 0 -1388.35 -43.3059 1159.44 1 3
0.288907 -0.00589133 0.957339 0 -0.0207601 0.999707 0.0124171 0 -0.957132 -0.0234619 0.2887 0 -1388.34 -43.2884 1159.29 1 3
0.28884 -0.0058494 0.95736 0 -0.0208511 0.999706 0.012399 0 -0.95715 -0.0235433 0.288633 0 -1388.32 -43.3221 1159.14 1 3
0.288758 -0.00585541 0.957384 0 -0.0209086 0.999704 0.0124205 0 -0.957174 -0.0236041 0.28855 0 -1388.33 -43.3786 1158.86 1 3
0.28837 -0.00626302 0.957499 0 -0.0212806 0.99969 0.0129481 0 -0.957283 -0.02411 0.288147 0 -1388.79 -44.0398 1158.15 1 3
0.28803 -0.00655792 0.957599 0 -0.0214743 0.999681 0.0133052 0 -0.957381 -0.0243961 0.287797 0 -1389.17 -44.3997 1157.46 1 3
0.287853 -0.00674772 0.957651 0 -0.0216308 0.999674 0.0135457 0 -0.95743 -0.024614 0.287614 0 -1389.42 -44.6479 1157.06 1 3
0.287783 -0.00681868 0.957671 0 -0.0217556 0.99967 0.0136553 0 -0.957449 -0.0247645 0.287539 0 -1389.55 -44.8022 1156.79 1 3
0.287807 -0.00686419 0.957664 0 -0.0217783 0.999669 0.0137103 0 -0.957441 -0.0248022 0.287563 0 -1389.6 -44.8541 1156.62 1 3
0.287871 -0.00698575 0.957644 0 -0.0218056 0.999666 0.0138471 0 -0.957421 -0.0248682 0.287623 0 -1389.53 -45.0012 1156.47 1 3
0.287913 -0.00701216 0.957631 0 -0.0218515 0.999665 0.0138896 0 -0.957407 -0.0249247 0.287663 0 -1389.47 -45.0535 1156.33 1 3
0.287997 -0.0070361 0.957605 0 -0.0218897 0.999663 0.0139284 0 -0.957381 -0.024973 0.287746 0 -1389.33 -45.1193 1156.29 1 3
0.288031 -0.00707361 0.957595 0 -0.0219111 0.999662 0.0139749 0 -0.95737 -0.0250072 0.287779 0 -1389.25 -45.1991 1156.24 1 3
0.288032 -0.00709866 0.957594 0 -0.0219627 0.999661 0.0140166 0 -0.957369 -0.0250686 0.287778 0 -1389.21 -45.2798 1156.19 1 3
