0.466711 0 -0.88441 0 0 1 0 0 0.88441 0 0.466711 0 -958.4 0 -839.228 1 0
0.466711 0 -0.88441 0 0 1 0 0 0.88441 0 0.466711 0 -958.4 0 -839.228 1 0
0.466711 0 -0.88441 0 0 1 0 0 0.88441 0 0.466711 0 -958.4 0 -839.228 1 0
0.466711 0 -0.88441 0 0 1 0 0 0.88441 0 0.466711 0 -958.4 0 -839.228 1 0
0.466711 0 -0.88441 0 0 1 0 0 0.88441 0 0.466711 0 -958.4 0 -839.228 1 0
0.466711 0 -0.88441 0 0 1 0 0 0.88441 0 0.466711 0 -958.4 0 -839.228 1 0
0.466711 0 -0.88441 0 0 1 0 0 0.88441 0 0.466711 0 -958.4 0 -839.228 1 0
0.466711 0 -0.88441 0 0 1 0 0 0.88441 0 0.466711 0 -958.4 0 -839.228 1 0
0.466711 0 -0.88441 0 0 1 0 0 0.88441 0 0.466711 0 -958.4 0 -839.228 1 0
0.466711 0 -0.88441 0 0 1 0 0 0.88441 0 0.466711 0 -958.4 0 -839.228 1 0
0.466711 0 -0.88441 0 0 1 0 0 0.88441 0 0.466711 0 -958.4 0 -839.228 1 0
0.466711 0 -0.88441 0 0 1 0 0 0.88441 0 0.466711 0 -958.4 0 -839.228 1 0
0.466711 0 -0.88441 0 0 1 0 0 0.88441 0 0.466711 0 -958.4 0 -839.228 1 0
0.466711 0 -0.88441 0 0 1 0 0 0.88441 0 0.466711 0 -958.4 0 -839.228 1 0
0.466711 0 -0.88441 0 0 1 0 0 0.88441 0 0.466711 0 -958.4 0 -839.228 1 0
0.466711 0 -0.88441 0 0 1 0 0 0.88441 0 0.466711 0 -958.4 0 -839.228 1 0
0.466711 0 -0.88441 0 0 1 0 0 0.88441 0 0.466711 0 -958.4 0 -839.228 1 0
0.466711 0 -0.88441 0 0 1 0 0 0.88441 0 0.466711 0 -958.4 0 -839.228 1 0
0.466711 0 -0.88441 0 0 1 0 0 0.88441 0 0.466711 0 -958.4 0 -839.228 1 0
0.466711 0 -0.88441 0 0 1 0 0 0.88441 0 0.466711 0 -958.4 0 -839.228 1 0
0.466711 0 -0.88441 0 0 1 0 0 0.88441 0 0.466711 0 -958.4 0 -839.228 1 0
0.466711 0 -0.88441 0 0 1 0 0 0.88441 0 0.466711 0 -958.4 0 -839.228 1 0
0.466711 0 -0.88441 0 0 1 0 0 0.88441 0 0.466711 0 -958.4 0 -839.228 1 0
0.466711 0 -0.88441 0 0 1 0 0 0.88441 0 0.466711 0 -958.4 0 -839.228 1 0
0.466711 0 -0.88441 0 0 1 0 0 0.88441 0 0.466711 0 -958.4 0 -839.228 1 0
0.466711 0 -0.88441 0 0 1 0 0 0.88441 0 0.466711 0 -958.4 0 -839.228 1 0
0.466711 0 -0.88441 0 0 1 0 0 0.88441 0 0.466711 0 -958.4 0 -839.228 1 0
0.466711 0 -0.88441 0 0 1 0 0 0.88441 0 0.466711 0 -958.4 0 -839.228 1 0
0.466711 0 -0.88441 0 0 1 0 0 0.88441 0 0.466711 0 -958.4 0 -839.228 1 0
0.466711 0 -0.88441 0 0 1 0 0 0.88441 0 0.466711 0 -958.4 0 -839.228 1 0
0.466711 0 -0.88441 0 0 1 0 0 0.88441 0 0.466711 0 -958.4 0 -839.228 1 0
0.466711 0 -0.88441 0 0 1 0 0 0.88441 0 0.466711 0 -958.4 0 -839.228 1 0
0.466711 0 -0.88441 0 0 1 0 0 0.88441 0 0.466711 0 -958.4 0 -839.228 1 0
0.466711 0 -0.88441 0 0 1 0 0 0.88441 0 0.466711 0 -958.4 0 -839.228 1 0
0.466711 0 -0.88441 0 0 1 0 0 0.88441 0 0.466711 0 -958.4 0 -839.228 1 0
0.466711 0 -0.88441 0 0 1 0 0 0.88441 0 0.466711 0 -958.4 0 -839.228 1 0
0.466711 0 -0.88441 0 0 1 0 0 0.88441 0 0.466711 0 -958.4 0 -839.228 1 0
0.466711 0 -0.88441 0 0 1 0 0 0.88441 0 0.466711 0 -958.4 0 -839.228 1 0
0.466711 0 -0.88441 0 0 1 0 0 0.88441 0 0.466711 0 -958.4 0 -839.228 1 0
0.466711 0 -0.88441 0 0 1 0 0 0.88441 0 0.466711 0 -958.4 0 -839.228 1 0
0.466711 0 -0.88441 0 0 1 0 0 0.88441 0 0.466711 0 -958.4 0 -839.228 1 0
0.466711 0 -0.88441 0 0 1 0 0 0.88441 0 0.466711 0 -958.4 0 -839.228 1 0
0.466711 0 -0.88441 0 0 1 0 0 0.88441 0 0.466711 0 -958.4 0 -839.228 1 0
0.466711 0 -0.88441 0 0 1 0 0 0.88441 0 0.466711 0 -958.4 0 -839.228 1 0
0.466711 0 -0.88441 0 0 1 0 0 0.88441 0 0.466711 0 -958.4 0 -839.228 1 0
0.466711 0 -0.88441 0 0 1 0 0 0.88441 0 0.466711 0 -958.4 0 -839.228 1 0
0.466711 0 -0.88441 0 0 1 0 0 0.88441 0 0.466711 0 -958.4 0 -839.228 1 0
0.466711 0 -0.88441 0 0 1 0 0 0.88441 0 0.466711 0 -958.4 0 -839.228 1 0
0.466711 0 -0.88441 0 0 1 0 0 0.88441 0 0.466711 0 -958.4 0 -839.228 1 0
0.466711 0 -0.88441 0 0 1 0 0 0.88441 0 0.466711 0 -958.4 0 -839.228 1 0
0.466711 0 -0.88441 0 0 1 0 0 0.88441 0 0.466711 0 -958.4 0 -839.228 1 0
0.466711 0 -0.88441 0 0 1 0 0 0.88441 0 0.466711 0 -958.4 0 -839.228 1 0
0.466711 0 -0.88441 0 0 1 0 0 0.88441 0 0.466711 0 -958.4 0 -839.228 1 0
0.466711 0 -0.88441 0 0 1 0 0 0.88441 0 0.466711 0 -958.4 0 -839.228 1 0
0.466711 0 -0.88441 0 0 1 0 0 0.88441 0 0.466711 0 -958.4 0 -839.228 1 0
0.466711 0 -0.88441 0 0 1 0 0 0.88441 0 0.466711 0 -958.4 0 -839.228 1 0
0.466711 0 -0.88441 0 0 1 0 0 0.88441 0 0.466711 0 -958.4 0 -839.228 1 0
0.466711 0 -0.88441 0 0 1 0 0 0.88441 0 0.466711 0 -958.4 0 -839.228 1 0
0.466711 0 -0.88441 0 0 1 0 0 0.88441 0 0.466711 0 -958.4 0 -839.228 1 0
0.466711 0 -0.88441 0 0 1 0 0 0.88441 0 0.466711 0 -958.4 0 -839.228 1 0
0.466711 0 -0.88441 0 0 1 0 0 0.88441 0 0.466711 0 -958.4 0 -839.228 1 0
0.466711 0 -0.88441 0 0 1 0 0 0.88441 0 0.466711 0 -958.4 0 -839.228 1 0
0.466711 0 -0.88441 0 0 1 0 0 0.88441 0 0.466711 0 -958.4 0 -839.228 1 0
0.466711 0 -0.88441 0 0 1 0 0 0.88441 0 0.466711 0 -958.4 0 -839.228 1 0
0.466711 0 -0.88441 0 0 1 0 0 0.88441 0 0.466711 0 -958.4 0 -839.228 1 0
0.466711 0 -0.88441 0 0 1 0 0 0.88441 0 0.466711 0 -958.4 0 -839.228 1 0
0.466711 0 -0.88441 0 0 1 0 0 0.88441 0 0.466711 0 -958.4 0 -839.228 1 0
0.466711 0 -0.88441 0 0 1 0 0 0.88441 0 0.466711 0 -958.4 0 -839.228 1 0
0.466711 0 -0.88441 0 0 1 0 0 0.88441 0 0.466711 0 -958.4 0 -839.228 1 0
0.466711 0 -0.88441 0 0 1 0 0 0.88441 0 0.466711 0 -958.4 0 -839.228 1 0
0.466711 0 -0.88441 0 0 1 0 0 0.88441 0 0.466711 0 -958.4 0 -839.228 1 0
0.466711 0 -0.88441 0 0 1 0 0 0.88441 0 0.466711 0 -958.4 0 -839.228 1 0
0.466711 0 -0.88441 0 0 1 0 0 0.88441 0 0.466711 0 -958.4 0 -839.228 1 0
0.466711 0 -0.88441 0 0 1 0 0 0.88441 0 0.466711 0 -958.4 0 -839.228 1 0
0.466711 0 -0.88441 0 0 1 0 0 0.88441 0 0.466711 0 -958.4 0 -839.228 1 0
0.466711 0 -0.88441 0 0 1 0 0 0.88441 0 0.466711 0 -958.4 0 -839.228 1 0
0.466711 0 -0.88441 0 0 1 0 0 0.88441 0 0.466711 0 -958.4 0 -839.228 1 0
0.466711 0 -0.88441 0 0 1 0 0 0.88441 0 0.466711 0 -958.4 0 -839.228 1 0
0.466711 0 -0.88441 0 0 1 0 0 0.88441 0 0.466711 0 -958.4 0 -839.228 1 0
0.466711 0 -0.88441 0 0 1 0 0 0.88441 0 0.466711 0 -958.4 0 -839.228 1 0
0.466711 0 -0.88441 0 0 1 0 0 0.88441 0 0.466711 0 -958.4 0 -839.228 1 0
0.466711 0 -0.88441 0 0 1 0 0 0.88441 0 0.466711 0 -958.4 0 -839.228 1 0
0.466711 0 -0.88441 0 0 1 0 0 0.88441 0 0.466711 0 -958.4 0 -839.228 1 0
0.466711 0 -0.88441 0 0 1 0 0 0.88441 0 0.466711 0 -958.4 0 -839.228 1 0
0.466711 0 -0.88441 0 0 1 0 0 0.88441 0 0.466711 0 -958.4 0 -839.228 1 0
0.466711 0 -0.88441 0 0 1 0 0 0.88441 0 0.466711 0 -958.4 0 -839.228 1 0
0.466711 0 -0.88441 0 0 1 0 0 0.88441 0 0.466711 0 -958.4 0 -839.228 1 0
0.466711 0 -0.88441 0 0 1 0 0 0.88441 0 0.466711 0 -958.4 0 -839.228 1 0
0.466711 0 -0.88441 0 0 1 0 0 0.88441 0 0.466711 0 -958.4 0 -839.228 1 0
0.466711 0 -0.88441 0 0 1 0 0 0.88441 0 0.466711 0 -958.4 0 -839.228 1 0
0.466711 0 -0.88441 0 0 1 0 0 0.88441 0 0.466711 0 -958.4 0 -839.228 1 0
0.466711 0 -0.88441 0 0 1 0 0 0.88441 0 0.466711 0 -958.4 0 -839.228 1 0
0.466711 0 -0.88441 0 0 1 0 0 0.88441 0 0.466711 0 -958.4 0 -839.228 1 0
0.466711 0 -0.88441 0 0 1 0 0 0.88441 0 0.466711 0 -958.4 0 -839.228 1 0
0.466711 0 -0.88441 0 0 1 0 0 0.88441 0 0.466711 0 -958.4 0 -839.228 1 0
0.466711 0 -0.88441 0 0 1 0 0 0.88441 0 0.466711 0 -958.4 0 -839.228 1 0
0.466711 0 -0.88441 0 0 1 0 0 0.88441 0 0.466711 0 -958.4 0 -839.228 1 0
0.466711 0 -0.88441 0 0 1 0 0 0.88441 0 0.466711 0 -958.4 0 -839.228 1 0
0.466711 0 -0.88441 0 0 1 0 0 0.88441 0 0.466711 0 -958.4 0 -839.228 1 0
0.466711 0 -0.88441 0 0 1 0 0 0.88441 0 0.466711 0 -958.4 0 -839.228 1 0
0.466711 0 -0.88441 0 0 1 0 0 0.88441 0 0.466711 0 -958.4 0 -839.228 1 0
0.466711 0 -0.88441 0 0 1 0 0 0.88441 0 0.466711 0 -958.4 0 -839.228 1 0
0.466711 0 -0.88441 0 0 1 0 0 0.88441 0 0.466711 0 -958.4 0 -839.228 1 0
0.466711 0 -0.88441 0 0 1 0 0 0.88441 0 0.466711 0 -958.4 0 -839.228 1 0
0.466711 0 -0.88441 0 0 1 0 0 0.88441 0 0.466711 0 -958.4 0 -839.228 1 0
0.466711 0 -0.88441 0 0 1 0 0 0.88441 0 0.466711 0 -958.4 0 -839.228 1 0
0.466711 0 -0.88441 0 0 1 0 0 0.88441 0 0.466711 0 -958.4 0 -839.228 1 0
0.466711 0 -0.88441 0 0 1 0 0 0.88441 0 0.466711 0 -958.4 0 -839.228 1 0
0.466711 0 -0.88441 0 0 1 0 0 0.88441 0 0.466711 0 -958.4 0 -839.228 1 0
0.466711 0 -0.88441 0 0 1 0 0 0.88441 0 0.466711 0 -958.4 0 -839.228 1 0
0.466711 0 -0.88441 0 0 1 0 0 0.88441 0 0.466711 0 -958.4 0 -839.228 1 0
0.466711 0 -0.88441 0 0 1 0 0 0.88441 0 0.466711 0 -958.4 0 -839.228 1 0
0.466711 0 -0.88441 0 0 1 0 0 0.88441 0 0.466711 0 -958.4 0 -839.228 1 0
0.466711 0 -0.88441 0 0 1 0 0 0.88441 0 0.466711 0 -958.4 0 -839.228 1 0
0.281396 0.0820029 -0.956081 0 -0.0348342 0.996558 0.075222 0 0.958959 0.0121372 0.283284 0 -1310.88 231.975 -813.838 1 1
0.269936 0.0929345 -0.958383 0 -0.0345133 0.995626 0.086825 0 0.96226 0.00963975 0.271962 0 -1281.98 234.946 -881.264 1 1
0.269936 0.0929345 -0.958383 0 -0.0345133 0.995626 0.086825 0 0.96226 0.00963975 0.271962 0 -1281.98 234.946 -881.264 1 2
0.269936 0.0929345 -0.958383 0 -0.0345133 0.995626 0.086825 0 0.96226 0.00963975 0.271962 0 -1281.98 234.946 -881.264 1 2
0.269936 0.0929345 -0.958383 0 -0.0345133 0.995626 0.086825 0 0.96226 0.00963975 0.271962 0 -1281.98 234.946 -881.264 1 2
0.269936 0.0929345 -0.958383 0 -0.0345133 0.995626 0.086825 0 0.96226 0.00963975 0.271962 0 -1281.98 234.946 -881.264 1 2
0.269936 0.0929345 -0.958383 0 -0.0345133 0.995626 0.086825 0 0.96226 0.00963975 0.271962 0 -1281.98 234.946 -881.264 1 2
0.269936 0.0929345 -0.958383 0 -0.0345133 0.995626 0.086825 0 0.96226 0.00963975 0.271962 0 -1281.98 234.946 -881.264 1 2
0.269936 0.0929345 -0.958383 0 -0.0345133 0.995626 0.086825 0 0.96226 0.00963975 0.271962 0 -1281.98 234.946 -881.264 1 2
0.269936 0.0929345 -0.958383 0 -0.0345133 0.995626 0.086825 0 0.96226 0.00963975 0.271962 0 -1281.98 234.946 -881.264 1 2
0.269936 0.0929345 -0.958383 0 -0.0345133 0.995626 0.086825 0 0.96226 0.00963975 0.271962 0 -1281.98 234.946 -881.264 1 2
0.269936 0.0929345 -0.958383 0 -0.0345133 0.995626 0.086825 0 0.96226 0.00963975 0.271962 0 -1281.98 234.946 -881.264 1 2
0.269936 0.0929345 -0.958383 0 -0.0345133 0.995626 0.086825 0 0.96226 0.00963975 0.271962 0 -1281.98 234.946 -881.264 1 2
0.269936 0.0929345 -0.958383 0 -0.0345133 0.995626 0.086825 0 0.96226 0.00963975 0.271962 0 -1281.98 234.946 -881.264 1 2
0.262709 0.105937 -0.959042 0 -0.0412487 0.994279 0.0985304 0 0.963993 0.0136744 0.265576 0 -1285.52 199.872 -893.05 1 3
0.25675 0.11429 -0.959697 0 -0.0469298 0.993286 0.105735 0 0.965338 0.017891 0.260389 0 -1289.38 166.791 -901.982 1 3
0.25209 0.119259 -0.960327 0 -0.0510758 0.992634 0.109863 0 0.966355 0.021354 0.256324 0 -1293.96 137.024 -909.499 1 3
0.248022 0.120543 -0.961225 0 -0.0538003 0.992411 0.110572 0 0.967259 0.0242898 0.252625 0 -1299.75 109.615 -915.36 1 3
0.244426 0.11752 -0.96252 0 -0.0537517 0.992744 0.107561 0 0.968177 0.0254465 0.248969 0 -1306.73 84.182 -919.428 1 3
0.240779 0.110516 -0.964267 0 -0.0497992 0.993594 0.101442 0 0.969302 0.0235946 0.24474 0 -1316.24 64.6862 -921.583 1 3
0.236867 0.0976987 -0.966617 0 -0.0441881 0.994985 0.0897377 0 0.970537 0.021457 0.239996 0 -1325.72 43.4709 -921.793 1 3
0.232902 0.0835987 -0.9689 0 -0.0381302 0.996317 0.0767987 0 0.971752 0.0190578 0.235232 0 -1335.22 27.97 -920.905 1 3
0.228582 0.0700484 -0.971001 0 -0.032222 0.997406 0.0643679 0 0.972991 0.0165743 0.230246 0 -1344.73 18.5996 -919.46 1 3
0.22382 0.0578878 -0.97291 0 -0.0265209 0.998227 0.053293 0 0.97427 0.0138744 0.224958 0 -1354.09 13.5724 -917.978 1 3
0.219041 0.0479324 -0.974538 0 -0.0217105 0.998785 0.0442452 0 0.975474 0.0114662 0.219815 0 -1362.87 10.9782 -917.185 1 3
0.214731 0.0401717 -0.975847 0 -0.0178482 0.999148 0.0372035 0 0.97651 0.00942834 0.215265 0 -1370.96 10.1532 -917.377 1 3
0.210975 0.0341181 -0.976896 0 -0.014666 0.999389 0.0317364 0 0.977381 0.00763162 0.211346 0 -1378.01 10.4528 -918.261 1 3
0.207625 0.029815 -0.977754 0 -0.0121588 0.999537 0.0278974 0 0.978133 0.00609609 0.207891 0 -1384.41 11.2581 -919.834 1 3
0.20415 0.0264822 -0.978581 0 -0.0104674 0.999636 0.0248683 0 0.978884 0.00516636 0.204352 0 -1390.44 11.8355 -921.26 1 3
0.20062 0.0242087 -0.97937 0 -0.00913537 0.999697 0.0228398 0 0.979627 0.00436478 0.20078 0 -1395.99 12.6801 -922.535 1 3
0.197076 0.0222239 -0.980136 0 -0.00790691 0.999747 0.0210787 0 0.980356 0.00359576 0.197201 0 -1401.21 13.331 -923.441 1 3
0.193646 0.0207733 -0.980852 0 -0.00700041 0.99978 0.0197921 0 0.981047 0.0030337 0.193749 0 -1405.86 13.8507 -923.917 1 3
0.190371 0.0197435 -0.981514 0 -0.00610065 0.999802 0.0189281 0 0.981693 0.00238451 0.190454 0 -1410.14 14.4546 -924.19 1 3
0.187439 0.0187811 -0.982097 0 -0.0053698 0.999822 0.0180952 0 0.982262 0.00188192 0.187506 0 -1413.9 14.8445 -924.446 1 3
0.184835 0.0179091 -0.982606 0 -0.0047974 0.999838 0.0173208 0 0.982758 0.00151247 0.184891 0 -1417.19 15.038 -924.937 1 3
0.182799 0.0172899 -0.982998 0 -0.00437069 0.99985 0.0167736 0 0.983141 0.00123019 0.182847 0 -1419.96 15.1894 -925.855 1 3
0.181 0.0170413 -0.983335 0 -0.00398488 0.999854 0.0165941 0 0.983475 0.000914945 0.181041 0 -1422.52 15.6073 -926.922 1 3
0.179693 0.0169743 -0.983576 0 -0.00366894 0.999856 0.016585 0 0.983716 0.000628483 0.179729 0 -1424.59 15.9156 -928.393 1 3
0.178537 0.0169587 -0.983787 0 -0.00330806 0.999856 0.0166354 0 0.983928 0.000284385 0.178568 0 -1426.43 16.2555 -930.019 1 3
0.177483 0.0169886 -0.983977 0 -0.00287777 0.999856 0.0167437 0 0.98412 -0.000140046 0.177506 0 -1428.18 16.7021 -931.797 1 3
0.176558 0.0169655 -0.984144 0 -0.00248459 0.999856 0.0167906 0 0.984287 -0.000519314 0.176574 0 -1429.9 17.1017 -933.612 1 3
0.175687 0.0169405 -0.9843 0 -0.00198645 0.999856 0.0168537 0 0.984444 -0.00100572 0.175696 0 -1431.5 17.6396 -935.467 1 3
0.174772 0.0169318 -0.984463 0 -0.00160116 0.999856 0.0169123 0 0.984608 -0.00137952 0.174774 0 -1433.01 18.0482 -937.114 1 3
0.173871 0.0170092 -0.984621 0 -0.0014616 0.999854 0.0170143 0 0.984767 -0.00151917 0.173871 0 -1434.29 18.1258 -939.014 1 3
0.173092 0.0171055 -0.984757 0 -0.00137755 0.999852 0.0171256 0 0.984905 -0.00160776 0.17309 0 -1435.49 18.1782 -940.944 1 3
0.172414 0.0172303 -0.984874 0 -0.00123464 0.99985 0.0172762 0 0.985024 -0.00176269 0.172409 0 -1436.63 18.1452 -942.961 1 3
0.1718 0.0173248 -0.984979 0 -0.00117951 0.999848 0.0173805 0 0.985131 -0.00182419 0.171795 0 -1437.72 18.027 -944.964 1 3
0.171289 0.0173331 -0.985068 0 -0.00113844 0.999848 0.0173952 0 0.98522 -0.00185817 0.171283 0 -1438.71 17.8394 -946.954 1 3
0.170862 0.0173417 -0.985142 0 -0.00111382 0.999848 0.0174074 0 0.985294 -0.00187699 0.170855 0 -1439.63 17.6711 -948.868 1 3
0.171005 0.0189934 -0.985087 0 -0.001518 0.999818 0.019014 0 0.985269 -0.00175611 0.171002 0 -1442.09 18.6118 -952.058 1 3
0.171049 0.0200978 -0.985057 0 -0.00161429 0.999796 0.0201182 0 0.985261 -0.00185103 0.171047 0 -1444 19.2193 -954.803 1 3
0.170908 0.0208795 -0.985066 0 -0.00165856 0.99978 0.0209036 0 0.985286 -0.00193881 0.170905 0 -1445.64 19.5134 -957.036 1 3
0.170592 0.0212286 -0.985113 0 -0.00162647 0.999773 0.0212629 0 0.98534 -0.00202501 0.170587 0 -1447.08 19.703 -958.857 1 3
0.170193 0.0214954 -0.985176 0 -0.00153752 0.999767 0.0215481 0 0.98541 -0.00215262 0.170186 0 -1448.34 19.8754 -960.203 1 3
0.169774 0.0217356 -0.985243 0 -0.00150505 0.999761 0.0217965 0 0.985482 -0.00221764 0.169766 0 -1449.39 19.9733 -961.361 1 3
0.169414 0.0219134 -0.985301 0 -0.00149198 0.999757 0.0219783 0 0.985544 -0.0022534 0.169406 0 -1450.36 19.9672 -962.445 1 3
0.16902 0.0220478 -0.985366 0 -0.00149905 0.999754 0.0221126 0 0.985611 -0.00226036 0.169011 0 -1451.2 19.8792 -963.265 1 3
0.168701 0.0221497 -0.985418 0 -0.00150186 0.999752 0.0222148 0 0.985666 -0.0022677 0.168692 0 -1451.88 19.8049 -964.045 1 3
0.168448 0.0222134 -0.98546 0 -0.00151608 0.999751 0.0222763 0 0.985709 -0.00225838 0.16844 0 -1452.43 19.707 -964.754 1 3
