0.0844326 0 0.996429 0 0 1 0 0 -0.996429 0 0.0844326 0 -2585.38 0 303.175 1 0
0.0844326 0 0.996429 0 0 1 0 0 -0.996429 0 0.0844326 0 -2585.38 0 303.175 1 0
0.0844326 0 0.996429 0 0 1 0 0 -0.996429 0 0.0844326 0 -2585.38 0 303.175 1 0
0.0844326 0 0.996429 0 0 1 0 0 -0.996429 0 0.0844326 0 -2585.38 0 303.175 1 0
0.0844326 0 0.996429 0 0 1 0 0 -0.996429 0 0.0844326 0 -2585.38 0 303.175 1 0
0.0844326 0 0.996429 0 0 1 0 0 -0.996429 0 0.0844326 0 -2585.38 0 303.175 1 0
0.0844326 0 0.996429 0 0 1 0 0 -0.996429 0 0.0844326 0 -2585.38 0 303.175 1 0
0.0844326 0 0.996429 0 0 1 0 0 -0.996429 0 0.0844326 0 -2585.38 0 303.175 1 0
0.0844326 0 0.996429 0 0 1 0 0 -0.996429 0 0.0844326 0 -2585.38 0 303.175 1 0
0.0844326 0 0.996429 0 0 1 0 0 -0.996429 0 0.0844326 0 -2585.38 0 303.175 1 0
0.0844326 0 0.996429 0 0 1 0 0 -0.996429 0 0.0844326 0 -2585.38 0 303.175 1 0
0.0844326 0 0.996429 0 0 1 0 0 -0.996429 0 0.0844326 0 -2585.38 0 303.175 1 0
0.0844326 0 0.996429 0 0 1 0 0 -0.996429 0 0.0844326 0 -2585.38 0 303.175 1 0
0.0844326 0 0.996429 0 0 1 0 0 -0.996429 0 0.0844326 0 -2585.38 0 303.175 1 0
0.0844326 0 0.996429 0 0 1 0 0 -0.996429 0 0.0844326 0 -2585.38 0 303.175 1 0
0.0844326 0 0.996429 0 0 1 0 0 -0.996429 0 0.0844326 0 -2585.38 0 303.175 1 0
0.0844326 0 0.996429 0 0 1 0 0 -0.996429 0 0.0844326 0 -2585.38 0 303.175 1 0
0.0844326 0 0.996429 0 0 1 0 0 -0.996429 0 0.0844326 0 -2585.38 0 303.175 1 0
0.0844326 0 0.996429 0 0 1 0 0 -0.996429 0 0.0844326 0 -2585.38 0 303.175 1 0
0.0844326 0 0.996429 0 0 1 0 0 -0.996429 0 0.0844326 0 -2585.38 0 303.175 1 0
0.0844326 0 0.996429 0 0 1 0 0 -0.996429 0 0.0844326 0 -2585.38 0 303.175 1 0
0.0844326 0 0.996429 0 0 1 0 0 -0.996429 0 0.0844326 0 -2585.38 0 303.175 1 0
0.0844326 0 0.996429 0 0 1 0 0 -0.996429 0 0.0844326 0 -2585.38 0 303.175 1 0
0.0844326 0 0.996429 0 0 1 0 0 -0.996429 0 0.0844326 0 -2585.38 0 303.175 1 0
0.0844326 0 0.996429 0 0 1 0 0 -0.996429 0 0.0844326 0 -2585.38 0 303.175 1 0
0.0844326 0 0.996429 0 0 1 0 0 -0.996429 0 0.0844326 0 -2585.38 0 303.175 1 0
0.0844326 0 0.996429 0 0 1 0 0 -0.996429 0 0.0844326 0 -2585.38 0 303.175 1 0
0.0844326 0 0.996429 0 0 1 0 0 -0.996429 0 0.0844326 0 -2585.38 0 303.175 1 0
0.0844326 0 0.996429 0 0 1 0 0 -0.996429 0 0.0844326 0 -2585.38 0 303.175 1 0
0.0844326 0 0.996429 0 0 1 0 0 -0.996429 0 0.0844326 0 -2585.38 0 303.175 1 0
0.0844326 0 0.996429 0 0 1 0 0 -0.996429 0 0.0844326 0 -2585.38 0 303.175 1 0
0.0844326 0 0.996429 0 0 1 0 0 -0.996429 0 0.0844326 0 -2585.38 0 303.175 1 0
0.0844326 0 0.996429 0 0 1 0 0 -0.996429 0 0.0844326 0 -2585.38 0 303.175 1 0
0.0844326 0 0.996429 0 0 1 0 0 -0.996429 0 0.0844326 0 -2585.38 0 303.175 1 0
0.0844326 0 0.996429 0 0 1 0 0 -0.996429 0 0.0844326 0 -2585.38 0 303.175 1 0
0.0844326 0 0.996429 0 0 1 0 0 -0.996429 0 0.0844326 0 -2585.38 0 303.175 1 0
0.11278 -0.0612886 0.991728 0 -0.0168109 0.997835 0.0635778 0 -0.993478 -0.0238422 0.111506 0 -2303.48 -52.1607 1191.77 1 1
0.0991678 -0.0546213 0.99357 0 0.00126745 0.998498 0.0547657 0 -0.99507 -0.00417169 0.0990881 0 -2309.07 -57.4787 1255.51 1 1
0.0991678 -0.0546213 0.99357 0 0.00126745 0.998498 0.0547657 0 -0.99507 -0.00417169 0.0990881 0 -2309.07 -57.4787 1255.51 1 2
0.0991678 -0.0546213 0.99357 0 0.00126745 0.998498 0.0547657 0 -0.99507 -0.00417169 0.0990881 0 -2309.07 -57.4787 1255.51 1 2
0.0991678 -0.0546213 0.99357 0 0.00126745 0.998498 0.0547657 0 -0.99507 -0.00417169 0.0990881 0 -2309.07 -57.4787 1255.51 1 2
0.0991678 -0.0546213 0.99357 0 0.00126745 0.998498 0.0547657 0 -0.99507 -0.00417169 0.0990881 0 -2309.07 -57.4787 1255.51 1 2
0.0991678 -0.0546213 0.99357 0 0.00126745 0.998498 0.0547657 0 -0.99507 -0.00417169 0.0990881 0 -2309.07 -57.4787 1255.51 1 2
0.0991678 -0.0546213 0.99357 0 0.00126745 0.998498 0.0547657 0 -0.99507 -0.00417169 0.0990881 0 -2309.07 -57.4787 1255.51 1 2
0.0991678 -0.0546213 0.99357 0 0.00126745 0.998498 0.0547657 0 -0.99507 -0.00417169 0.0990881 0 -2309.07 -57.4787 1255.51 1 2
0.0991678 -0.0546213 0.99357 0 0.00126745 0.998498 0.0547657 0 -0.99507 -0.00417169 0.0990881 0 -2309.07 -57.4787 1255.51 1 2
0.0991678 -0.0546213 0.99357 0 0.00126745 0.998498 0.0547657 0 -0.99507 -0.00417169 0.0990881 0 -2309.07 -57.4787 1255.51 1 2
0.0991678 -0.0546213 0.99357 0 0.00126745 0.998498 0.0547657 0 -0.99507 -0.00417169 0.0990881 0 -2309.07 -57.4787 1255.51 1 2
0.0991678 -0.0546213 0.99357 0 0.00126745 0.998498 0.0547657 0 -0.99507 -0.00417169 0.0990881 0 -2309.07 -57.4787 1255.51 1 2
0.0991678 -0.0546213 0.99357 0 0.00126745 0.998498 0.0547657 0 -0.99507 -0.00417169 0.0990881 0 -2309.07 -57.4787 1255.51 1 2
0.0991678 -0.0546213 0.99357 0 0.00126745 0.998498 0.0547657 0 -0.99507 -0.00417169 0.0990881 0 -2309.07 -57.4787 1255.51 1 2
0.0991678 -0.0546213 0.99357 0 0.00126745 0.998498 0.0547657 0 -0.99507 -0.00417169 0.0990881 0 -2309.07 -57.4787 1255.51 1 2
0.0991678 -0.0546213 0.99357 0 0.00126745 0.998498 0.0547657 0 -0.99507 -0.00417169 0.0990881 0 -2309.07 -57.4787 1255.51 1 2
0.0991678 -0.0546213 0.99357 0 0.00126745 0.998498 0.0547657 0 -0.99507 -0.00417169 0.0990881 0 -2309.07 -57.4787 1255.51 1 2
0.0991678 -0.0546213 0.99357 0 0.00126745 0.998498 0.0547657 0 -0.99507 -0.00417169 0.0990881 0 -2309.07 -57.4787 1255.51 1 2
0.0991678 -0.0546213 0.99357 0 0.00126745 0.998498 0.0547657 0 -0.99507 -0.00417169 0.0990881 0 -2309.07 -57.4787 1255.51 1 2
0.0991678 -0.0546213 0.99357 0 0.00126745 0.998498 0.0547657 0 -0.99507 -0.00417169 0.0990881 0 -2309.07 -57.4787 1255.51 1 2
0.0991678 -0.0546213 0.99357 0 0.00126745 0.998498 0.0547657 0 -0.99507 -0.00417169 0.0990881 0 -2309.07 -57.4787 1255.51 1 2
0.0991678 -0.0546213 0.99357 0 0.00126745 0.998498 0.0547657 0 -0.99507 -0.00417169 0.0990881 0 -2309.07 -57.4787 1255.51 1 2
0.0991678 -0.0546213 0.99357 0 0.00126745 0.998498 0.0547657 0 -0.99507 -0.00417169 0.0990881 0 -2309.07 -57.4787 1255.51 1 2
0.0991678 -0.0546213 0.99357 0 0.00126745 0.998498 0.0547657 0 -0.99507 -0.00417169 0.0990881 0 -2309.07 -57.4787 1255.51 1 2
0.0991678 -0.0546213 0.99357 0 0.00126745 0.998498 0.0547657 0 -0.99507 -0.00417169 0.0990881 0 -2309.07 -57.4787 1255.51 1 2
0.0991678 -0.0546213 0.99357 0 0.00126745 0.998498 0.0547657 0 -0.99507 -0.00417169 0.0990881 0 -2309.07 -57.4787 1255.51 1 2
0.0991678 -0.0546213 0.99357 0 0.00126745 0.998498 0.0547657 0 -0.99507 -0.00417169 0.0990881 0 -2309.07 -57.4787 1255.51 1 2
0.0991678 -0.0546213 0.99357 0 0.00126745 0.998498 0.0547657 0 -0.99507 -0.00417169 0.0990881 0 -2309.07 -57.4787 1255.51 1 2
0.0991678 -0.0546213 0.99357 0 0.00126745 0.998498 0.0547657 0 -0.99507 -0.00417169 0.0990881 0 -2309.07 -57.4787 1255.51 1 2
0.0991678 -0.0546213 0.99357 0 0.00126745 0.998498 0.0547657 0 -0.99507 -0.00417169 0.0990881 0 -2309.07 -57.4787 1255.51 1 2
0.0991678 -0.0546213 0.99357 0 0.00126745 0.998498 0.0547657 0 -0.99507 -0.00417169 0.0990881 0 -2309.07 -57.4787 1255.51 1 2
0.0991678 -0.0546213 0.99357 0 0.00126745 0.998498 0.0547657 0 -0.99507 -0.00417169 0.0990881 0 -2309.07 -57.4787 1255.51 1 2
0.0991678 -0.0546213 0.99357 0 0.00126745 0.998498 0.0547657 0 -0.99507 -0.00417169 0.0990881 0 -2309.07 -57.4787 1255.51 1 2
0.0991678 -0.0546213 0.99357 0 0.00126745 0.998498 0.0547657 0 -0.99507 -0.00417169 0.0990881 0 -2309.07 -57.4787 1255.51 1 2
0.0991678 -0.0546213 0.99357 0 0.00126745 0.998498 0.0547657 0 -0.99507 -0.00417169 0.0990881 0 -2309.07 -57.4787 1255.51 1 2
0.0991678 -0.0546213 0.99357 0 0.00126745 0.998498 0.0547657 0 -0.99507 -0.00417169 0.0990881 0 -2309.07 -57.4787 1255.51 1 2
0.0991678 -0.0546213 0.99357 0 0.00126745 0.998498 0.0547657 0 -0.99507 -0.00417169 0.0990881 0 -2309.07 -57.4787 1255.51 1 2
0.0991678 -0.0546213 0.99357 0 0.00126745 0.998498 0.0547657 0 -0.99507 -0.00417169 0.0990881 0 -2309.07 -57.4787 1255.51 1 2
0.0991678 -0.0546213 0.99357 0 0.00126745 0.998498 0.0547657 0 -0.99507 -0.00417169 0.0990881 0 -2309.07 -57.4787 1255.51 1 2
0.0991678 -0.0546213 0.99357 0 0.00126745 0.998498 0.0547657 0 -0.99507 -0.00417169 0.0990881 0 -2309.07 -57.4787 1255.51 1 2
0.0991678 -0.0546213 0.99357 0 0.00126745 0.998498 0.0547657 0 -0.99507 -0.00417169 0.0990881 0 -2309.07 -57.4787 1255.51 1 2
0.0991678 -0.0546213 0.99357 0 0.00126745 0.998498 0.0547657 0 -0.99507 -0.00417169 0.0990881 0 -2309.07 -57.4787 1255.51 1 2
0.0991678 -0.0546213 0.99357 0 0.00126745 0.998498 0.0547657 0 -0.99507 -0.00417169 0.0990881 0 -2309.07 -57.4787 1255.51 1 2
0.0991678 -0.0546213 0.99357 0 0.00126745 0.998498 0.0547657 0 -0.99507 -0.00417169 0.0990881 0 -2309.07 -57.4787 1255.51 1 2
0.0991678 -0.0546213 0.99357 0 0.00126745 0.998498 0.0547657 0 -0.99507 -0.00417169 0.0990881 0 -2309.07 -57.4787 1255.51 1 2
0.0991678 -0.0546213 0.99357 0 0.00126745 0.998498 0.0547657 0 -0.99507 -0.00417169 0.0990881 0 -2309.07 -57.4787 1255.51 1 2
0.0991678 -0.0546213 0.99357 0 0.00126745 0.998498 0.0547657 0 -0.99507 -0.00417169 0.0990881 0 -2309.07 -57.4787 1255.51 1 2
0.0991678 -0.0546213 0.99357 0 0.00126745 0.998498 0.0547657 0 -0.99507 -0.00417169 0.0990881 0 -2309.07 -57.4787 1255.51 1 2
0.0991678 -0.0546213 0.99357 0 0.00126745 0.998498 0.0547657 0 -0.99507 -0.00417169 0.0990881 0 -2309.07 -57.4787 1255.51 1 2
0.0991678 -0.0546213 0.99357 0 0.00126745 0.998498 0.0547657 0 -0.99507 -0.00417169 0.0990881 0 -2309.07 -57.4787 1255.51 1 2
0.0991678 -0.0546213 0.99357 0 0.00126745 0.998498 0.0547657 0 -0.99507 -0.00417169 0.0990881 0 -2309.07 -57.4787 1255.51 1 2
0.0991678 -0.0546213 0.99357 0 0.00126745 0.998498 0.0547657 0 -0.99507 -0.00417169 0.0990881 0 -2309.07 -57.4787 1255.51 1 2
0.0991678 -0.0546213 0.99357 0 0.00126745 0.998498 0.0547657 0 -0.99507 -0.00417169 0.0990881 0 -2309.07 -57.4787 1255.51 1 2
0.0991678 -0.0546213 0.99357 0 0.00126745 0.998498 0.0547657 0 -0.99507 -0.00417169 0.0990881 0 -2309.07 -57.4787 1255.51 1 2
0.0991678 -0.0546213 0.99357 0 0.00126745 0.998498 0.0547657 0 -0.99507 -0.00417169 0.0990881 0 -2309.07 -57.4787 1255.51 1 2
0.0991678 -0.0546213 0.99357 0 0.00126745 0.998498 0.0547657 0 -0.99507 -0.00417169 0.0990881 0 -2309.07 -57.4787 1255.51 1 2
0.0991678 -0.0546213 0.99357 0 0.00126745 0.998498 0.0547657 0 -0.99507 -0.00417169 0.0990881 0 -2309.07 -57.4787 1255.51 1 2
0.0991678 -0.0546213 0.99357 0 0.00126745 0.998498 0.0547657 0 -0.99507 -0.00417169 0.0990881 0 -2309.07 -57.4787 1255.51 1 2
0.0991678 -0.0546213 0.99357 0 0.00126745 0.998498 0.0547657 0 -0.99507 -0.00417169 0.0990881 0 -2309.07 -57.4787 1255.51 1 2
0.0991678 -0.0546213 0.99357 0 0.00126745 0.998498 0.0547657 0 -0.99507 -0.00417169 0.0990881 0 -2309.07 -57.4787 1255.51 1 2
0.0991678 -0.0546213 0.99357 0 0.00126745 0.998498 0.0547657 0 -0.99507 -0.00417169 0.0990881 0 -2309.07 -57.4787 1255.51 1 2
0.0991678 -0.0546213 0.99357 0 0.00126745 0.998498 0.0547657 0 -0.99507 -0.00417169 0.0990881 0 -2309.07 -57.4787 1255.51 1 2
0.0991678 -0.0546213 0.99357 0 0.00126745 0.998498 0.0547657 0 -0.99507 -0.00417169 0.0990881 0 -2309.07 -57.4787 1255.51 1 2
0.0991678 -0.0546213 0.99357 0 0.00126745 0.998498 0.0547657 0 -0.99507 -0.00417169 0.0990881 0 -2309.07 -57.4787 1255.51 1 2
0.0991678 -0.0546213 0.99357 0 0.00126745 0.998498 0.0547657 0 -0.99507 -0.00417169 0.0990881 0 -2309.07 -57.4787 1255.51 1 2
0.0991678 -0.0546213 0.99357 0 0.00126745 0.998498 0.0547657 0 -0.99507 -0.00417169 0.0990881 0 -2309.07 -57.4787 1255.51 1 2
0.0991678 -0.0546213 0.99357 0 0.00126745 0.998498 0.0547657 0 -0.99507 -0.00417169 0.0990881 0 -2309.07 -57.4787 1255.51 1 2
0.0991678 -0.0546213 0.99357 0 0.00126745 0.998498 0.0547657 0 -0.99507 -0.00417169 0.0990881 0 -2309.07 -57.4787 1255.51 1 2
0.0991678 -0.0546213 0.99357 0 0.00126745 0.998498 0.0547657 0 -0.99507 -0.00417169 0.0990881 0 -2309.07 -57.4787 1255.51 1 2
0.0991678 -0.0546213 0.99357 0 0.00126745 0.998498 0.0547657 0 -0.99507 -0.00417169 0.0990881 0 -2309.07 -57.4787 1255.51 1 2
0.0991678 -0.0546213 0.99357 0 0.00126745 0.998498 0.0547657 0 -0.99507 -0.00417169 0.0990881 0 -2309.07 -57.4787 1255.51 1 2
0.0991678 -0.0546213 0.99357 0 0.00126745 0.998498 0.0547657 0 -0.99507 -0.00417169 0.0990881 0 -2309.07 -57.4787 1255.51 1 2
0.0991678 -0.0546213 0.99357 0 0.00126745 0.998498 0.0547657 0 -0.99507 -0.00417169 0.0990881 0 -2309.07 -57.4787 1255.51 1 2
0.0991678 -0.0546213 0.99357 0 0.00126745 0.998498 0.0547657 0 -0.99507 -0.00417169 0.0990881 0 -2309.07 -57.4787 1255.51 1 2
0.0991678 -0.0546213 0.99357 0 0.00126745 0.998498 0.0547657 0 -0.99507 -0.00417169 0.0990881 0 -2309.07 -57.4787 1255.51 1 2
0.0991678 -0.0546213 0.99357 0 0.00126745 0.998498 0.0547657 0 -0.99507 -0.00417169 0.0990881 0 -2309.07 -57.4787 1255.51 1 2
0.0991678 -0.0546213 0.99357 0 0.00126745 0.998498 0.0547657 0 -0.99507 -0.00417169 0.0990881 0 -2309.07 -57.4787 1255.51 1 2
0.0991678 -0.0546213 0.99357 0 0.00126745 0.998498 0.0547657 0 -0.99507 -0.00417169 0.0990881 0 -2309.07 -57.4787 1255.51 1 2
0.0991678 -0.0546213 0.99357 0 0.00126745 0.998498 0.0547657 0 -0.99507 -0.00417169 0.0990881 0 -2309.07 -57.4787 1255.51 1 2
0.0991678 -0.0546213 0.99357 0 0.00126745 0.998498 0.0547657 0 -0.99507 -0.00417169 0.0990881 0 -2309.07 -57.4787 1255.51 1 2
0.0991678 -0.0546213 0.99357 0 0.00126745 0.998498 0.0547657 0 -0.99507 -0.00417169 0.0990881 0 -2309.07 -57.4787 1255.51 1 2
0.0991678 -0.0546213 0.99357 0 0.00126745 0.998498 0.0547657 0 -0.99507 -0.00417169 0.0990881 0 -2309.07 -57.4787 1255.51 1 2
0.0991678 -0.0546213 0.99357 0 0.00126745 0.998498 0.0547657 0 -0.99507 -0.00417169 0.0990881 0 -2309.07 -57.4787 1255.51 1 2
0.0991678 -0.0546213 0.99357 0 0.00126745 0.998498 0.0547657 0 -0.99507 -0.00417169 0.0990881 0 -2309.07 -57.4787 1255.51 1 2
0.0991678 -0.0546213 0.99357 0 0.00126745 0.998498 0.0547657 0 -0.99507 -0.00417169 0.0990881 0 -2309.07 -57.4787 1255.51 1 2
0.0991678 -0.0546213 0.99357 0 0.00126745 0.998498 0.0547657 0 -0.99507 -0.00417169 0.0990881 0 -2309.07 -57.4787 1255.51 1 2
0.0991678 -0.0546213 0.99357 0 0.00126745 0.998498 0.0547657 0 -0.99507 -0.00417169 0.0990881 0 -2309.07 -57.4787 1255.51 1 2
0.0991678 -0.0546213 0.99357 0 0.00126745 0.998498 0.0547657 0 -0.99507 -0.00417169 0.0990881 0 -2309.07 -57.4787 1255.51 1 2
0.0991678 -0.0546213 0.99357 0 0.00126745 0.998498 0.0547657 0 -0.99507 -0.00417169 0.0990881 0 -2309.07 -57.4787 1255.51 1 2
0.0991678 -0.0546213 0.99357 0 0.00126745 0.998498 0.0547657 0 -0.99507 -0.00417169 0.0990881 0 -2309.07 -57.4787 1255.51 1 2
0.0991678 -0.0546213 0.99357 0 0.00126745 0.998498 0.0547657 0 -0.99507 -0.00417169 0.0990881 0 -2309.07 -57.4787 1255.51 1 2
0.103963 -0.0550957 0.993054 0 -0.00896487 0.998372 0.0563293 0 -0.994541 -0.0147588 0.1033 0 -2305.45 -83.5957 1263.25 1 3
0.107942 -0.053861 0.992697 0 -0.0179308 0.998263 0.0561128 0 -0.993995 -0.0238568 0.106789 0 -2302.09 -103.237 1269.59 1 3
0.110801 -0.0521021 0.992476 0 -0.0251034 0.99816 0.055203 0 -0.993526 -0.0310311 0.109289 0 -2299.43 -117.751 1274.42 1 3
0.113323 -0.0495126 0.992324 0 -0.0304698 0.998115 0.0532812 0 -0.993091 -0.0362738 0.111601 0 -2297.37 -128.096 1279.06 1 3
0.115737 -0.0467798 0.992178 0 -0.0331819 0.998151 0.050932 0 -0.992726 -0.0388171 0.113971 0 -2296.25 -133.768 1283.53 1 3
0.118402 -0.0451022 0.991941 0 -0.0321227 0.998271 0.0492243 0 -0.992446 -0.0376921 0.116749 0 -2296.3 -132.525 1288.29 1 3
0.121064 -0.0425157 0.991734 0 -0.0297876 0.998477 0.046441 0 -0.992198 -0.0351637 0.119613 0 -2296.47 -128.611 1293.81 1 3
0.123545 -0.0407048 0.991504 0 -0.026396 0.99867 0.0442881 0 -0.991988 -0.0316433 0.122307 0 -2297.28 -123.418 1299.21 1 3
0.12604 -0.0385393 0.991276 0 -0.0219767 0.998891 0.0416297 0 -0.991782 -0.027032 0.125054 0 -2297.9 -116.274 1305.28 1 3
0.12873 -0.0369753 0.99099 0 -0.0172947 0.999069 0.0395233 0 -0.991529 -0.0222267 0.127971 0 -2298.49 -108.863 1311.3 1 3
0.131103 -0.0359193 0.990718 0 -0.0130137 0.999195 0.0379487 0 -0.991283 -0.017868 0.13053 0 -2299.53 -102.446 1316.19 1 3
0.133168 -0.0353681 0.990462 0 -0.0095364 0.999271 0.0369649 0 -0.991048 -0.014368 0.132734 0 -2300.69 -97.4855 1320.17 1 3
0.134648 -0.0350809 0.990272 0 -0.00675196 0.999317 0.0363194 0 -0.990871 -0.0115766 0.134319 0 -2301.88 -93.2561 1322.87 1 3
0.135959 -0.0352395 0.990087 0 -0.00480476 0.999332 0.0362283 0 -0.990703 -0.00968272 0.135699 0 -2302.73 -90.5769 1324.94 1 3
0.13757 -0.0352651 0.989864 0 -0.0034151 0.999343 0.0360774 0 -0.990486 -0.00834366 0.13736 0 -2303.14 -88.8065 1327.29 1 3
0.139334 -0.0353428 0.989615 0 -0.00240133 0.999348 0.0360285 0 -0.990243 -0.00739639 0.139158 0 -2303.15 -87.3287 1329.99 1 3
0.14136 -0.0354909 0.989322 0 -0.00132738 0.999349 0.0360403 0 -0.989957 -0.00640786 0.141221 0 -2302.65 -85.8258 1333.06 1 3
0.143644 -0.035022 0.98901 0 -0.000566448 0.999371 0.0354712 0 -0.989629 -0.00565544 0.143534 0 -2303.3 -84.3783 1337.33 1 3
0.145719 -0.0348422 0.988712 0 0.000298716 0.999381 0.0351742 0 -0.989326 -0.00483022 0.14564 0 -2303.56 -82.7516 1341.09 1 3
0.147452 -0.0346678 0.988461 0 0.0010652 0.999391 0.0348922 0 -0.989069 -0.00409201 0.147399 0 -2303.89 -81.2439 1344.08 1 3
0.148852 -0.0346073 0.988254 0 0.00178571 0.999395 0.0347285 0 -0.988858 -0.00340466 0.148823 0 -2304.13 -79.9987 1346.46 1 3
0.149847 -0.0346266 0.988103 0 0.00219584 0.999396 0.0346893 0 -0.988707 -0.00302837 0.149832 0 -2304.41 -79.2696 1347.97 1 3
0.150717 -0.034763 0.987966 0 0.00257614 0.999392 0.0347721 0 -0.988574 -0.00269561 0.150715 0 -2304.62 -78.8208 1349.1 1 3
0.151219 -0.0349274 0.987883 0 0.00287757 0.999387 0.0348936 0 -0.988496 -0.00243388 0.151227 0 -2305.04 -78.4931 1349.51 1 3
0.151626 -0.0350854 0.987815 0 0.00317145 0.999382 0.0350095 0 -0.988433 -0.00217553 0.151643 0 -2305.34 -78.1344 1349.7 1 3
0.151991 -0.0352379 0.987754 0 0.00352974 0.999377 0.0351095 0 -0.988376 -0.00184981 0.15202 0 -2305.68 -77.5696 1349.68 1 3
0.152275 -0.0353845 0.987704 0 0.00381716 0.999373 0.0352141 0 -0.988331 -0.00159202 0.152315 0 -2305.98 -77.1454 1349.56 1 3
0.152559 -0.0354592 0.987658 0 0.00420126 0.99937 0.0352307 0 -0.988285 -0.00122535 0.152612 0 -2306.25 -76.5996 1349.46 1 3
0.152942 -0.0356543 0.987592 0 0.00442364 0.999364 0.0353943 0 -0.988225 -0.00104453 0.153003 0 -2306.29 -76.2424 1349.49 1 3
0.153137 -0.0355689 0.987565 0 0.00444685 0.999367 0.0353044 0 -0.988195 -0.00101485 0.153198 0 -2306.42 -75.6468 1350.05 1 3
0.153272 -0.0355797 0.987543 0 0.00440742 0.999366 0.0353216 0 -0.988174 -0.00106127 0.153331 0 -2306.63 -75.3055 1350.19 1 3
0.153317 -0.0356669 0.987533 0 0.00440772 0.999363 0.0354098 0 -0.988167 -0.00107614 0.153376 0 -2306.87 -75.1302 1350.03 1 3
0.153344 -0.0357251 0.987527 0 0.0043657 0.999361 0.0354753 0 -0.988163 -0.00112867 0.153402 0 -2306.98 -75.1228 1349.77 1 3
0.153333 -0.0357183 0.987529 0 0.00429115 0.999361 0.03548 0 -0.988165 -0.00120261 0.153388 0 -2307.08 -75.2113 1349.54 1 3
0.153297 -0.0357383 0.987534 0 0.00425223 0.99936 0.0355062 0 -0.988171 -0.00124377 0.153351 0 -2307.2 -75.2906 1349.17 1 3
0.152921 -0.0362743 0.987572 0 0.00384679 0.99934 0.0361108 0 -0.988231 -0.00172313 0.15296 0 -2307.83 -76.4001 1348.01 1 3
0.152601 -0.0366871 0.987607 0 0.00362227 0.999325 0.0365627 0 -0.988281 -0.00200212 0.152631 0 -2308.36 -76.9972 1346.94 1 3
0.15244 -0.0369473 0.987622 0 0.00343525 0.999315 0.0368545 0 -0.988307 -0.00222536 0.152462 0 -2308.69 -77.4202 1346.35 1 3
0.152422 -0.0370907 0.987619 0 0.00333657 0.999309 0.0370148 0 -0.98831 -0.0023466 0.15244 0 -2308.89 -77.6735 1346 1 3
0.152517 -0.0371767 0.987601 0 0.00328472 0.999306 0.0371101 0 -0.988295 -0.00241592 0.152533 0 -2308.98 -77.7376 1345.85 1 3
0.152608 -0.0373219 0.987582 0 0.00324522 0.9993 0.0372633 0 -0.988281 -0.00248175 0.152622 0 -2308.94 -77.9327 1345.75 1 3
0.152678 -0.037367 0.987569 0 0.00320958 0.999298 0.0373146 0 -0.988271 -0.00252745 0.152691 0 -2308.89 -78.0288 1345.66 1 3
0.152783 -0.037402 0.987552 0 0.00317284 0.999297 0.037356 0 -0.988255 -0.00257402 0.152795 0 -2308.75 -78.1359 1345.71 1 3
0.152842 -0.0374449 0.987541 0 0.00314985 0.999295 0.0374031 0 -0.988246 -0.00260614 0.152852 0 -2308.69 -78.2399 1345.7 1 3
0.15285 -0.0374966 0.987538 0 0.00310782 0.999293 0.0374619 0 -0.988245 -0.00265696 0.152858 0 -2308.67 -78.3718 1345.64 1 3
