0.667651 0 -0.744475 0 0 1 0 0 0.744475 0 0.667651 0 -3053.14 0 -2428.12 1 0
0.667651 0 -0.744475 0 0 1 0 0 0.744475 0 0.667651 0 -3053.14 0 -2428.12 1 0
0.667651 0 -0.744475 0 0 1 0 0 0.744475 0 0.667651 0 -3053.14 0 -2428.12 1 0
0.667651 0 -0.744475 0 0 1 0 0 0.744475 0 0.667651 0 -3053.14 0 -2428.12 1 0
0.667651 0 -0.744475 0 0 1 0 0 0.744475 0 0.667651 0 -3053.14 0 -2428.12 1 0
0.667651 0 -0.744475 0 0 1 0 0 0.744475 0 0.667651 0 -3053.14 0 -2428.12 1 0
0.667651 0 -0.744475 0 0 1 0 0 0.744475 0 0.667651 0 -3053.14 0 -2428.12 1 0
0.667651 0 -0.744475 0 0 1 0 0 0.744475 0 0.667651 0 -3053.14 0 -2428.12 1 0
0.667651 0 -0.744475 0 0 1 0 0 0.744475 0 0.667651 0 -3053.14 0 -2428.12 1 0
0.667651 0 -0.744475 0 0 1 0 0 0.744475 0 0.667651 0 -3053.14 0 -2428.12 1 0
0.667651 0 -0.744475 0 0 1 0 0 0.744475 0 0.667651 0 -3053.14 0 -2428.12 1 0
0.667651 0 -0.744475 0 0 1 0 0 0.744475 0 0.667651 0 -3053.14 0 -2428.12 1 0
0.667651 0 -0.744475 0 0 1 0 0 0.744475 0 0.667651 0 -3053.14 0 -2428.12 1 0
0.667651 0 -0.744475 0 0 1 0 0 0.744475 0 0.667651 0 -3053.14 0 -2428.12 1 0
0.667651 0 -0.744475 0 0 1 0 0 0.744475 0 0.667651 0 -3053.14 0 -2428.12 1 0
0.667651 0 -0.744475 0 0 1 0 0 0.744475 0 0.667651 0 -3053.14 0 -2428.12 1 0
0.667651 0 -0.744475 0 0 1 0 0 0.744475 0 0.667651 0 -3053.14 0 -2428.12 1 0
0.667651 0 -0.744475 0 0 1 0 0 0.744475 0 0.667651 0 -3053.14 0 -2428.12 1 0
0.667651 0 -0.744475 0 0 1 0 0 0.744475 0 0.667651 0 -3053.14 0 -2428.12 1 0
0.667651 0 -0.744475 0 0 1 0 0 0.744475 0 0.667651 0 -3053.14 0 -2428.12 1 0
0.667651 0 -0.744475 0 0 1 0 0 0.744475 0 0.667651 0 -3053.14 0 -2428.12 1 0
0.667651 0 -0.744475 0 0 1 0 0 0.744475 0 0.667651 0 -3053.14 0 -2428.12 1 0
0.667651 0 -0.744475 0 0 1 0 0 0.744475 0 0.667651 0 -3053.14 0 -2428.12 1 0
0.667651 0 -0.744475 0 0 1 0 0 0.744475 0 0.667651 0 -3053.14 0 -2428.12 1 0
0.667651 0 -0.744475 0 0 1 0 0 0.744475 0 0.667651 0 -3053.14 0 -2428.12 1 0
0.667651 0 -0.744475 0 0 1 0 0 0.744475 0 0.667651 0 -3053.14 0 -2428.12 1 0
0.667651 0 -0.744475 0 0 1 0 0 0.744475 0 0.667651 0 -3053.14 0 -2428.12 1 0
0.667651 0 -0.744475 0 0 1 0 0 0.744475 0 0.667651 0 -3053.14 0 -2428.12 1 0
0.667651 0 -0.744475 0 0 1 0 0 0.744475 0 0.667651 0 -3053.14 0 -2428.12 1 0
0.667651 0 -0.744475 0 0 1 0 0 0.744475 0 0.667651 0 -3053.14 0 -2428.12 1 0
0.667651 0 -0.744475 0 0 1 0 0 0.744475 0 0.667651 0 -3053.14 0 -2428.12 1 0
0.667651 0 -0.744475 0 0 1 0 0 0.744475 0 0.667651 0 -3053.14 0 -2428.12 1 0
0.667651 0 -0.744475 0 0 1 0 0 0.744475 0 0.667651 0 -3053.14 0 -2428.12 1 0
0.667651 0 -0.744475 0 0 1 0 0 0.744475 0 0.667651 0 -3053.14 0 -2428.12 1 0
0.667651 0 -0.744475 0 0 1 0 0 0.744475 0 0.667651 0 -3053.14 0 -2428.12 1 0
0.667651 0 -0.744475 0 0 1 0 0 0.744475 0 0.667651 0 -3053.14 0 -2428.12 1 0
0.667651 0 -0.744475 0 0 1 0 0 0.744475 0 0.667651 0 -3053.14 0 -2428.12 1 0
0.667651 0 -0.744475 0 0 1 0 0 0.744475 0 0.667651 0 -3053.14 0 -2428.12 1 0
0.667651 0 -0.744475 0 0 1 0 0 0.744475 0 0.667651 0 -3053.14 0 -2428.12 1 0
0.667651 0 -0.744475 0 0 1 0 0 0.744475 0 0.667651 0 -3053.14 0 -2428.12 1 0
0.667651 0 -0.744475 0 0 1 0 0 0.744475 0 0.667651 0 -3053.14 0 -2428.12 1 0
0.667651 0 -0.744475 0 0 1 0 0 0.744475 0 0.667651 0 -3053.14 0 -2428.12 1 0
0.667651 0 -0.744475 0 0 1 0 0 0.744475 0 0.667651 0 -3053.14 0 -2428.12 1 0
0.667651 0 -0.744475 0 0 1 0 0 0.744475 0 0.667651 0 -3053.14 0 -2428.12 1 0
0.667651 0 -0.744475 0 0 1 0 0 0.744475 0 0.667651 0 -3053.14 0 -2428.12 1 0
0.667651 0 -0.744475 0 0 1 0 0 0.744475 0 0.667651 0 -3053.14 0 -2428.12 1 0
0.667651 0 -0.744475 0 0 1 0 0 0.744475 0 0.667651 0 -3053.14 0 -2428.12 1 0
0.667651 0 -0.744475 0 0 1 0 0 0.744475 0 0.667651 0 -3053.14 0 -2428.12 1 0
0.667651 0 -0.744475 0 0 1 0 0 0.744475 0 0.667651 0 -3053.14 0 -2428.12 1 0
0.667651 0 -0.744475 0 0 1 0 0 0.744475 0 0.667651 0 -3053.14 0 -2428.12 1 0
0.667651 0 -0.744475 0 0 1 0 0 0.744475 0 0.667651 0 -3053.14 0 -2428.12 1 0
0.667651 0 -0.744475 0 0 1 0 0 0.744475 0 0.667651 0 -3053.14 0 -2428.12 1 0
0.667651 0 -0.744475 0 0 1 0 0 0.744475 0 0.667651 0 -3053.14 0 -2428.12 1 0
0.667651 0 -0.744475 0 0 1 0 0 0.744475 0 0.667651 0 -3053.14 0 -2428.12 1 0
0.667651 0 -0.744475 0 0 1 0 0 0.744475 0 0.667651 0 -3053.14 0 -2428.12 1 0
0.667651 0 -0.744475 0 0 1 0 0 0.744475 0 0.667651 0 -3053.14 0 -2428.12 1 0
0.667651 0 -0.744475 0 0 1 0 0 0.744475 0 0.667651 0 -3053.14 0 -2428.12 1 0
0.667651 0 -0.744475 0 0 1 0 0 0.744475 0 0.667651 0 -3053.14 0 -2428.12 1 0
0.667651 0 -0.744475 0 0 1 0 0 0.744475 0 0.667651 0 -3053.14 0 -2428.12 1 0
0.667651 0 -0.744475 0 0 1 0 0 0.744475 0 0.667651 0 -3053.14 0 -2428.12 1 0
0.667651 0 -0.744475 0 0 1 0 0 0.744475 0 0.667651 0 -3053.14 0 -2428.12 1 0
0.667651 0 -0.744475 0 0 1 0 0 0.744475 0 0.667651 0 -3053.14 0 -2428.12 1 0
0.667651 0 -0.744475 0 0 1 0 0 0.744475 0 0.667651 0 -3053.14 0 -2428.12 1 0
0.667651 0 -0.744475 0 0 1 0 0 0.744475 0 0.667651 0 -3053.14 0 -2428.12 1 0
0.667651 0 -0.744475 0 0 1 0 0 0.744475 0 0.667651 0 -3053.14 0 -2428.12 1 0
0.667651 0 -0.744475 0 0 1 0 0 0.744475 0 0.667651 0 -3053.14 0 -2428.12 1 0
0.667651 0 -0.744475 0 0 1 0 0 0.744475 0 0.667651 0 -3053.14 0 -2428.12 1 0
0.667651 0 -0.744475 0 0 1 0 0 0.744475 0 0.667651 0 -3053.14 0 -2428.12 1 0
0.667651 0 -0.744475 0 0 1 0 0 0.744475 0 0.667651 0 -3053.14 0 -2428.12 1 0
0.667651 0 -0.744475 0 0 1 0 0 0.744475 0 0.667651 0 -3053.14 0 -2428.12 1 0
0.667651 0 -0.744475 0 0 1 0 0 0.744475 0 0.667651 0 -3053.14 0 -2428.12 1 0
0.667651 0 -0.744475 0 0 1 0 0 0.744475 0 0.667651 0 -3053.14 0 -2428.12 1 0
0.667651 0 -0.744475 0 0 1 0 0 0.744475 0 0.667651 0 -3053.14 0 -2428.12 1 0
0.667651 0 -0.744475 0 0 1 0 0 0.744475 0 0.667651 0 -3053.14 0 -2428.12 1 0
0.667651 0 -0.744475 0 0 1 0 0 0.744475 0 0.667651 0 -3053.14 0 -2428.12 1 0
0.667651 0 -0.744475 0 0 1 0 0 0.744475 0 0.667651 0 -3053.14 0 -2428.12 1 0
0.667651 0 -0.744475 0 0 1 0 0 0.744475 0 0.667651 0 -3053.14 0 -2428.12 1 0
0.667651 0 -0.744475 0 0 1 0 0 0.744475 0 0.667651 0 -3053.14 0 -2428.12 1 0
0.667651 0 -0.744475 0 0 1 0 0 0.744475 0 0.667651 0 -3053.14 0 -2428.12 1 0
0.667651 0 -0.744475 0 0 1 0 0 0.744475 0 0.667651 0 -3053.14 0 -2428.12 1 0
0.667651 0 -0.744475 0 0 1 0 0 0.744475 0 0.667651 0 -3053.14 0 -2428.12 1 0
0.667651 0 -0.744475 0 0 1 0 0 0.744475 0 0.667651 0 -3053.14 0 -2428.12 1 0
0.667651 0 -0.744475 0 0 1 0 0 0.744475 0 0.667651 0 -3053.14 0 -2428.12 1 0
0.667651 0 -0.744475 0 0 1 0 0 0.744475 0 0.667651 0 -3053.14 0 -2428.12 1 0
0.667651 0 -0.744475 0 0 1 0 0 0.744475 0 0.667651 0 -3053.14 0 -2428.12 1 0
0.667651 0 -0.744475 0 0 1 0 0 0.744475 0 0.667651 0 -3053.14 0 -2428.12 1 0
0.667651 0 -0.744475 0 0 1 0 0 0.744475 0 0.667651 0 -3053.14 0 -2428.12 1 0
0.667651 0 -0.744475 0 0 1 0 0 0.744475 0 0.667651 0 -3053.14 0 -2428.12 1 0
0.667651 0 -0.744475 0 0 1 0 0 0.744475 0 0.667651 0 -3053.14 0 -2428.12 1 0
0.667651 0 -0.744475 0 0 1 0 0 0.744475 0 0.667651 0 -3053.14 0 -2428.12 1 0
0.667651 0 -0.744475 0 0 1 0 0 0.744475 0 0.667651 0 -3053.14 0 -2428.12 1 0
0.667651 0 -0.744475 0 0 1 0 0 0.744475 0 0.667651 0 -3053.14 0 -2428.12 1 0
0.582898 0.0858462 -0.807998 0 -0.0259957 0.995864 0.0870526 0 0.812129 -0.0297384 0.582719 0 -3977.3 209.943 -1154.47 1 1
0.578378 0.0863919 -0.811182 0 -0.0259839 0.995823 0.0875297 0 0.815355 -0.0295476 0.578207 0 -3920.92 217.974 -1206.99 1 1
0.578378 0.0863919 -0.811182 0 -0.0259839 0.995823 0.0875297 0 0.815355 -0.0295476 0.578207 0 -3920.92 217.974 -1206.99 1 2
0.578378 0.0863919 -0.811182 0 -0.0259839 0.995823 0.0875297 0 0.815355 -0.0295476 0.578207 0 -3920.92 217.974 -1206.99 1 2
0.578378 0.0863919 -0.811182 0 -0.0259839 0.995823 0.0875297 0 0.815355 -0.0295476 0.578207 0 -3920.92 217.974 -1206.99 1 2
0.578378 0.0863919 -0.811182 0 -0.0259839 0.995823 0.0875297 0 0.815355 -0.0295476 0.578207 0 -3920.92 217.974 -1206.99 1 2
0.578378 0.0863919 -0.811182 0 -0.0259839 0.995823 0.0875297 0 0.815355 -0.0295476 0.578207 0 -3920.92 217.974 -1206.99 1 2
0.578378 0.0863919 -0.811182 0 -0.0259839 0.995823 0.0875297 0 0.815355 -0.0295476 0.578207 0 -3920.92 217.974 -1206.99 1 2
0.578378 0.0863919 -0.811182 0 -0.0259839 0.995823 0.0875297 0 0.815355 -0.0295476 0.578207 0 -3920.92 217.974 -1206.99 1 2
0.578378 0.0863919 -0.811182 0 -0.0259839 0.995823 0.0875297 0 0.815355 -0.0295476 0.578207 0 -3920.92 217.974 -1206.99 1 2
0.578378 0.0863919 -0.811182 0 -0.0259839 0.995823 0.0875297 0 0.815355 -0.0295476 0.578207 0 -3920.92 217.974 -1206.99 1 2
0.578378 0.0863919 -0.811182 0 -0.0259839 0.995823 0.0875297 0 0.815355 -0.0295476 0.578207 0 -3920.92 217.974 -1206.99 1 2
0.578378 0.0863919 -0.811182 0 -0.0259839 0.995823 0.0875297 0 0.815355 -0.0295476 0.578207 0 -3920.92 217.974 -1206.99 1 2
0.578378 0.0863919 -0.811182 0 -0.0259839 0.995823 0.0875297 0 0.815355 -0.0295476 0.578207 0 -3920.92 217.974 -1206.99 1 2
0.578378 0.0863919 -0.811182 0 -0.0259839 0.995823 0.0875297 0 0.815355 -0.0295476 0.578207 0 -3920.92 217.974 -1206.99 1 2
0.578378 0.0863919 -0.811182 0 -0.0259839 0.995823 0.0875297 0 0.815355 -0.0295476 0.578207 0 -3920.92 217.974 -1206.99 1 2
0.578378 0.0863919 -0.811182 0 -0.0259839 0.995823 0.0875297 0 0.815355 -0.0295476 0.578207 0 -3920.92 217.974 -1206.99 1 2
0.578378 0.0863919 -0.811182 0 -0.0259839 0.995823 0.0875297 0 0.815355 -0.0295476 0.578207 0 -3920.92 217.974 -1206.99 1 2
0.578378 0.0863919 -0.811182 0 -0.0259839 0.995823 0.0875297 0 0.815355 -0.0295476 0.578207 0 -3920.92 217.974 -1206.99 1 2
0.578378 0.0863919 -0.811182 0 -0.0259839 0.995823 0.0875297 0 0.815355 -0.0295476 0.578207 0 -3920.92 217.974 -1206.99 1 2
0.578378 0.0863919 -0.811182 0 -0.0259839 0.995823 0.0875297 0 0.815355 -0.0295476 0.578207 0 -3920.92 217.974 -1206.99 1 2
0.578378 0.0863919 -0.811182 0 -0.0259839 0.995823 0.0875297 0 0.815355 -0.0295476 0.578207 0 -3920.92 217.974 -1206.99 1 2
0.578378 0.0863919 -0.811182 0 -0.0259839 0.995823 0.0875297 0 0.815355 -0.0295476 0.578207 0 -3920.92 217.974 -1206.99 1 2
0.578378 0.0863919 -0.811182 0 -0.0259839 0.995823 0.0875297 0 0.815355 -0.0295476 0.578207 0 -3920.92 217.974 -1206.99 1 2
0.578378 0.0863919 -0.811182 0 -0.0259839 0.995823 0.0875297 0 0.815355 -0.0295476 0.578207 0 -3920.92 217.974 -1206.99 1 2
0.578378 0.0863919 -0.811182 0 -0.0259839 0.995823 0.0875297 0 0.815355 -0.0295476 0.578207 0 -3920.92 217.974 -1206.99 1 2
0.578378 0.0863919 -0.811182 0 -0.0259839 0.995823 0.0875297 0 0.815355 -0.0295476 0.578207 0 -3920.92 217.974 -1206.99 1 2
0.578378 0.0863919 -0.811182 0 -0.0259839 0.995823 0.0875297 0 0.815355 -0.0295476 0.578207 0 -3920.92 217.974 -1206.99 1 2
0.578378 0.0863919 -0.811182 0 -0.0259839 0.995823 0.0875297 0 0.815355 -0.0295476 0.578207 0 -3920.92 217.974 -1206.99 1 2
0.578378 0.0863919 -0.811182 0 -0.0259839 0.995823 0.0875297 0 0.815355 -0.0295476 0.578207 0 -3920.92 217.974 -1206.99 1 2
0.578378 0.0863919 -0.811182 0 -0.0259839 0.995823 0.0875297 0 0.815355 -0.0295476 0.578207 0 -3920.92 217.974 -1206.99 1 2
0.578378 0.0863919 -0.811182 0 -0.0259839 0.995823 0.0875297 0 0.815355 -0.0295476 0.578207 0 -3920.92 217.974 -1206.99 1 2
0.578378 0.0863919 -0.811182 0 -0.0259839 0.995823 0.0875297 0 0.815355 -0.0295476 0.578207 0 -3920.92 217.974 -1206.99 1 2
0.578378 0.0863919 -0.811182 0 -0.0259839 0.995823 0.0875297 0 0.815355 -0.0295476 0.578207 0 -3920.92 217.974 -1206.99 1 2
0.578378 0.0863919 -0.811182 0 -0.0259839 0.995823 0.0875297 0 0.815355 -0.0295476 0.578207 0 -3920.92 217.974 -1206.99 1 2
0.578378 0.0863919 -0.811182 0 -0.0259839 0.995823 0.0875297 0 0.815355 -0.0295476 0.578207 0 -3920.92 217.974 -1206.99 1 2
0.57263 0.107071 -0.812792 0 -0.0379897 0.993835 0.104156 0 0.818933 -0.0287651 0.573168 0 -3926.02 168.827 -1203.75 1 3
0.568042 0.120076 -0.814193 0 -0.046676 0.992407 0.113795 0 0.821675 -0.026637 0.569334 0 -3931.3 122.339 -1200.23 1 3
0.56439 0.12776 -0.815562 0 -0.0524553 0.991505 0.119021 0 0.82384 -0.024394 0.566297 0 -3937.12 82.0785 -1197.63 1 3
0.561063 0.131122 -0.817322 0 -0.0559936 0.991125 0.120568 0 0.825877 -0.0218814 0.563426 0 -3944.14 46.8793 -1194.41 1 3
0.55819 0.129641 -0.819522 0 -0.0565465 0.991365 0.118311 0 0.827784 -0.0196988 0.560701 0 -3952.39 19.7333 -1189.49 1 3
0.555384 0.124095 -0.822283 0 -0.0532582 0.992081 0.113748 0 0.829887 -0.0193809 0.557595 0 -3963.44 7.73131 -1181.64 1 3
0.552554 0.114209 -0.825615 0 -0.0486044 0.993297 0.104876 0 0.832059 -0.0178211 0.554401 0 -3974.34 -3.52036 -1171.38 1 3
0.549873 0.103388 -0.828825 0 -0.0435367 0.994508 0.0951713 0 0.834113 -0.0162479 0.551355 0 -3985.09 -8.27361 -1160.33 1 3
0.546911 0.0930512 -0.832003 0 -0.0386023 0.99555 0.0859673 0 0.8363 -0.0148992 0.54807 0 -3995.6 -7.08605 -1148.13 1 3
0.543766 0.0837774 -0.835045 0 -0.0337037 0.996382 0.0780167 0 0.83856 -0.0142786 0.544622 0 -4005.87 -1.56444 -1135.43 1 3
0.540806 0.0762179 -0.837687 0 -0.0297503 0.996996 0.0715062 0 0.840621 -0.0137495 0.541449 0 -4015.35 4.42531 -1124.01 1 3
0.537903 0.0703965 -0.840063 0 -0.0265445 0.997427 0.0665868 0 0.842589 -0.0135182 0.538387 0 -4024.09 10.7141 -1114.38 1 3
0.535526 0.0658842 -0.841945 0 -0.0239319 0.997736 0.0628532 0 0.84418 -0.0135102 0.53589 0 -4031.59 16.9089 -1107.16 1 3
0.533126 0.0627408 -0.843706 0 -0.0218995 0.997936 0.0603718 0 0.845752 -0.013709 0.533399 0 -4038.46 22.2126 -1100.91 1 3
0.53065 0.0604379 -0.845434 0 -0.0204999 0.998078 0.0584829 0 0.847343 -0.0137026 0.530869 0 -4045.01 25.6872 -1094.05 1 3
0.528107 0.0589398 -0.84713 0 -0.0194364 0.998166 0.0573314 0 0.848955 -0.0138119 0.528284 0 -4051.07 28.7592 -1086.88 1 3
0.525413 0.0575185 -0.848901 0 -0.018215 0.998244 0.0563636 0 0.850652 -0.0141515 0.525538 0 -4056.87 31.631 -1079.02 1 3
0.52278 0.0564017 -0.850599 0 -0.0173644 0.998306 0.0555236 0 0.85229 -0.0142565 0.522874 0 -4062.24 33.496 -1070.62 1 3
0.520246 0.0555534 -0.852208 0 -0.0164001 0.998348 0.0550683 0 0.853859 -0.0146728 0.520297 0 -4067.1 35.8191 -1062.57 1 3
0.518083 0.0547981 -0.853573 0 -0.0153966 0.998381 0.0547494 0 0.855192 -0.0152226 0.518088 0 -4071.4 37.7536 -1055.62 1 3
0.516184 0.0540575 -0.85477 0 -0.0144962 0.998415 0.0543879 0 0.856355 -0.0156833 0.51615 0 -4075.17 39.2386 -1049.78 1 3
0.514601 0.0535696 -0.855755 0 -0.0138874 0.998436 0.0541503 0 0.857317 -0.0159816 0.51454 0 -4078.37 40.2958 -1045.6 1 3
0.513171 0.0534123 -0.856623 0 -0.0133318 0.998437 0.0542681 0 0.858183 -0.0164285 0.513081 0 -4081.28 41.6026 -1042.18 1 3
0.51211 0.053406 -0.857258 0 -0.012945 0.998432 0.0544678 0 0.858822 -0.0167963 0.511998 0 -4083.62 42.6468 -1040.35 1 3
0.511197 0.0534039 -0.857803 0 -0.0125122 0.998424 0.0547021 0 0.859373 -0.0172305 0.511059 0 -4085.69 43.8602 -1039.07 1 3
0.510413 0.053389 -0.858271 0 -0.0120121 0.998416 0.0549632 0 0.859846 -0.0177443 0.510246 0 -4087.65 45.3246 -1038.23 1 3
0.509671 0.0533288 -0.858715 0 -0.0115909 0.998412 0.055125 0 0.860291 -0.0181423 0.50948 0 -4089.53 46.5955 -1037.66 1 3
0.508992 0.0532188 -0.859124 0 -0.011107 0.99841 0.0552665 0 0.860699 -0.0185879 0.508774 0 -4091.25 48.1939 -1037.25 1 3
0.508282 0.0532015 -0.859546 0 -0.0107389 0.998404 0.0554458 0 0.861123 -0.0189515 0.508042 0 -4092.85 49.3715 -1036.51 1 3
0.507598 0.0531947 -0.859951 0 -0.0105829 0.998402 0.0555122 0 0.861529 -0.0190771 0.507349 0 -4094.24 49.6338 -1035.97 1 3
0.506984 0.0532688 -0.860308 0 -0.0105266 0.998397 0.0556157 0 0.861891 -0.0191402 0.506732 0 -4095.49 49.6967 -1035.75 1 3
0.506446 0.0533922 -0.860617 0 -0.0103748 0.998386 0.0558341 0 0.862209 -0.0193483 0.506182 0 -4096.7 49.9273 -1035.99 1 3
0.505954 0.0535055 -0.860899 0 -0.0103185 0.998378 0.0559857 0 0.862499 -0.019443 0.505686 0 -4097.79 49.7961 -1036.37 1 3
0.505531 0.0535513 -0.861145 0 -0.0103093 0.998376 0.0560331 0 0.862747 -0.0194487 0.505262 0 -4098.81 49.5095 -1036.96 1 3
0.505186 0.0536091 -0.861344 0 -0.0103042 0.998372 0.0560941 0 0.862949 -0.0194625 0.504917 0 -4099.71 49.3415 -1037.73 1 3
0.504922 0.0549454 -0.861415 0 -0.0106451 0.998292 0.0574365 0 0.863099 -0.0198311 0.504645 0 -4102.04 49.4038 -1040.43 1 3
0.504761 0.0558089 -0.861453 0 -0.0107285 0.998237 0.0583841 0 0.863193 -0.0202279 0.504469 0 -4103.78 49.8876 -1042.81 1 3
0.504498 0.0564516 -0.861565 0 -0.0107589 0.998194 0.0591038 0 0.863346 -0.0205483 0.504194 0 -4105.32 50.15 -1044.27 1 3
0.50418 0.0567479 -0.861732 0 -0.0107346 0.998173 0.0594524 0 0.863532 -0.0207243 0.503868 0 -4106.65 50.4198 -1045.1 1 3
0.503872 0.0569569 -0.861899 0 -0.0106609 0.998158 0.0597289 0 0.863713 -0.020907 0.503551 0 -4107.82 50.7833 -1045.37 1 3
0.503548 0.0571532 -0.862075 0 -0.0106055 0.998143 0.0599794 0 0.863902 -0.0210598 0.50322 0 -4108.83 50.9629 -1045.41 1 3
0.503235 0.0573044 -0.862247 0 -0.0105901 0.998133 0.0601546 0 0.864085 -0.0211406 0.502902 0 -4109.77 50.9778 -1045.5 1 3
0.502908 0.0574232 -0.86243 0 -0.0105778 0.998125 0.0602899 0 0.864275 -0.0211976 0.502572 0 -4110.62 50.8741 -1045.3 1 3
0.502643 0.057528 -0.862578 0 -0.0105945 0.998118 0.060394 0 0.864429 -0.021218 0.502307 0 -4111.29 50.7559 -1045.24 1 3
0.502442 0.0575956 -0.86269 0 -0.0106065 0.998114 0.0604596 0 0.864546 -0.0212273 0.502105 0 -4111.83 50.6072 -1045.28 1 3
