-0.993029 0 0.117867 0 0 1 0 0 -0.117867 0 -0.993029 0 -5046.13 0 -1789.15 1 0
-0.993029 0 0.117867 0 0 1 0 0 -0.117867 0 -0.993029 0 -5046.13 0 -1789.15 1 0
-0.993029 0 0.117867 0 0 1 0 0 -0.117867 0 -0.993029 0 -5046.13 0 -1789.15 1 0
-0.993029 0 0.117867 0 0 1 0 0 -0.117867 0 -0.993029 0 -5046.13 0 -1789.15 1 0
-0.993029 0 0.117867 0 0 1 0 0 -0.117867 0 -0.993029 0 -5046.13 0 -1789.15 1 0
-0.993029 0 0.117867 0 0 1 0 0 -0.117867 0 -0.993029 0 -5046.13 0 -1789.15 1 0
-0.993029 0 0.117867 0 0 1 0 0 -0.117867 0 -0.993029 0 -5046.13 0 -1789.15 1 0
-0.993029 0 0.117867 0 0 1 0 0 -0.117867 0 -0.993029 0 -5046.13 0 -1789.15 1 0
-0.993029 0 0.117867 0 0 1 0 0 -0.117867 0 -0.993029 0 -5046.13 0 -1789.15 1 0
-0.993029 0 0.117867 0 0 1 0 0 -0.117867 0 -0.993029 0 -5046.13 0 -1789.15 1 0
-0.993029 0 0.117867 0 0 1 0 0 -0.117867 0 -0.993029 0 -5046.13 0 -1789.15 1 0
-0.993029 0 0.117867 0 0 1 0 0 -0.117867 0 -0.993029 0 -5046.13 0 -1789.15 1 0
-0.993029 0 0.117867 0 0 1 0 0 -0.117867 0 -0.993029 0 -5046.13 0 -1789.15 1 0
-0.993029 0 0.117867 0 0 1 0 0 -0.117867 0 -0.993029 0 -5046.13 0 -1789.15 1 0
-0.993029 0 0.117867 0 0 1 0 0 -0.117867 0 -0.993029 0 -5046.13 0 -1789.15 1 0
-0.993029 0 0.117867 0 0 1 0 0 -0.117867 0 -0.993029 0 -5046.13 0 -1789.15 1 0
-0.993029 0 0.117867 0 0 1 0 0 -0.117867 0 -0.993029 0 -5046.13 0 -1789.15 1 0
-0.993029 0 0.117867 0 0 1 0 0 -0.117867 0 -0.993029 0 -5046.13 0 -1789.15 1 0
-0.993029 0 0.117867 0 0 1 0 0 -0.117867 0 -0.993029 0 -5046.13 0 -1789.15 1 0
-0.993029 0 0.117867 0 0 1 0 0 -0.117867 0 -0.993029 0 -5046.13 0 -1789.15 1 0
-0.993029 0 0.117867 0 0 1 0 0 -0.117867 0 -0.993029 0 -5046.13 0 -1789.15 1 0
-0.993029 0 0.117867 0 0 1 0 0 -0.117867 0 -0.993029 0 -5046.13 0 -1789.15 1 0
-0.993029 0 0.117867 0 0 1 0 0 -0.117867 0 -0.993029 0 -5046.13 0 -1789.15 1 0
-0.993029 0 0.117867 0 0 1 0 0 -0.117867 0 -0.993029 0 -5046.13 0 -1789.15 1 0
-0.993029 0 0.117867 0 0 1 0 0 -0.117867 0 -0.993029 0 -5046.13 0 -1789.15 1 0
-0.993029 0 0.117867 0 0 1 0 0 -0.117867 0 -0.993029 0 -5046.13 0 -1789.15 1 0
-0.993029 0 0.117867 0 0 1 0 0 -0.117867 0 -0.993029 0 -5046.13 0 -1789.15 1 0
-0.993029 0 0.117867 0 0 1 0 0 -0.117867 0 -0.993029 0 -5046.13 0 -1789.15 1 0
-0.993029 0 0.117867 0 0 1 0 0 -0.117867 0 -0.993029 0 -5046.13 0 -1789.15 1 0
-0.993029 0 0.117867 0 0 1 0 0 -0.117867 0 -0.993029 0 -5046.13 0 -1789.15 1 0
-0.993029 0 0.117867 0 0 1 0 0 -0.117867 0 -0.993029 0 -5046.13 0 -1789.15 1 0
-0.993029 0 0.117867 0 0 1 0 0 -0.117867 0 -0.993029 0 -5046.13 0 -1789.15 1 0
-0.993029 0 0.117867 0 0 1 0 0 -0.117867 0 -0.993029 0 -5046.13 0 -1789.15 1 0
-0.993029 0 0.117867 0 0 1 0 0 -0.117867 0 -0.993029 0 -5046.13 0 -1789.15 1 0
-0.993029 0 0.117867 0 0 1 0 0 -0.117867 0 -0.993029 0 -5046.13 0 -1789.15 1 0
-0.993029 0 0.117867 0 0 1 0 0 -0.117867 0 -0.993029 0 -5046.13 0 -1789.15 1 0
-0.993029 0 0.117867 0 0 1 0 0 -0.117867 0 -0.993029 0 -5046.13 0 -1789.15 1 0
-0.993029 0 0.117867 0 0 1 0 0 -0.117867 0 -0.993029 0 -5046.13 0 -1789.15 1 0
-0.993029 0 0.117867 0 0 1 0 0 -0.117867 0 -0.993029 0 -5046.13 0 -1789.15 1 0
-0.993029 0 0.117867 0 0 1 0 0 -0.117867 0 -0.993029 0 -5046.13 0 -1789.15 1 0
-0.993029 0 0.117867 0 0 1 0 0 -0.117867 0 -0.993029 0 -5046.13 0 -1789.15 1 0
-0.993029 0 0.117867 0 0 1 0 0 -0.117867 0 -0.993029 0 -5046.13 0 -1789.15 1 0
-0.993029 0 0.117867 0 0 1 0 0 -0.117867 0 -0.993029 0 -5046.13 0 -1789.15 1 0
-0.993029 0 0.117867 0 0 1 0 0 -0.117867 0 -0.993029 0 -5046.13 0 -1789.15 1 0
-0.993029 0 0.117867 0 0 1 0 0 -0.117867 0 -0.993029 0 -5046.13 0 -1789.15 1 0
-0.993029 0 0.117867 0 0 1 0 0 -0.117867 0 -0.993029 0 -5046.13 0 -1789.15 1 0
-0.993029 0 0.117867 0 0 1 0 0 -0.117867 0 -0.993029 0 -5046.13 0 -1789.15 1 0
-0.993029 0 0.117867 0 0 1 0 0 -0.117867 0 -0.993029 0 -5046.13 0 -1789.15 1 0
-0.993029 0 0.117867 0 0 1 0 0 -0.117867 0 -0.993029 0 -5046.13 0 -1789.15 1 0
-0.993029 0 0.117867 0 0 1 0 0 -0.117867 0 -0.993029 0 -5046.13 0 -1789.15 1 0
-0.993029 0 0.117867 0 0 1 0 0 -0.117867 0 -0.993029 0 -5046.13 0 -1789.15 1 0
-0.993029 0 0.117867 0 0 1 0 0 -0.117867 0 -0.993029 0 -5046.13 0 -1789.15 1 0
-0.993029 0 0.117867 0 0 1 0 0 -0.117867 0 -0.993029 0 -5046.13 0 -1789.15 1 0
-0.993029 0 0.117867 0 0 1 0 0 -0.117867 0 -0.993029 0 -5046.13 0 -1789.15 1 0
-0.993029 0 0.117867 0 0 1 0 0 -0.117867 0 -0.993029 0 -5046.13 0 -1789.15 1 0
-0.993029 0 0.117867 0 0 1 0 0 -0.117867 0 -0.993029 0 -5046.13 0 -1789.15 1 0
-0.993029 0 0.117867 0 0 1 0 0 -0.117867 0 -0.993029 0 -5046.13 0 -1789.15 1 0
-0.993029 0 0.117867 0 0 1 0 0 -0.117867 0 -0.993029 0 -5046.13 0 -1789.15 1 0
-0.993029 0 0.117867 0 0 1 0 0 -0.117867 0 -0.993029 0 -5046.13 0 -1789.15 1 0
-0.993029 0 0.117867 0 0 1 0 0 -0.117867 0 -0.993029 0 -5046.13 0 -1789.15 1 0
-0.993029 0 0.117867 0 0 1 0 0 -0.117867 0 -0.993029 0 -5046.13 0 -1789.15 1 0
-0.993029 0 0.117867 0 0 1 0 0 -0.117867 0 -0.993029 0 -5046.13 0 -1789.15 1 0
-0.993029 0 0.117867 0 0 1 0 0 -0.117867 0 -0.993029 0 -5046.13 0 -1789.15 1 0
-0.993029 0 0.117867 0 0 1 0 0 -0.117867 0 -0.993029 0 -5046.13 0 -1789.15 1 0
-0.993029 0 0.117867 0 0 1 0 0 -0.117867 0 -0.993029 0 -5046.13 0 -1789.15 1 0
-0.993029 0 0.117867 0 0 1 0 0 -0.117867 0 -0.993029 0 -5046.13 0 -1789.15 1 0
-0.993029 0 0.117867 0 0 1 0 0 -0.117867 0 -0.993029 0 -5046.13 0 -1789.15 1 0
-0.993029 0 0.117867 0 0 1 0 0 -0.117867 0 -0.993029 0 -5046.13 0 -1789.15 1 0
-0.986565 -0.0274079 0.161056 0 -0.00925119 0.993618 0.112421 0 -0.16311 0.10942 -0.980522 0 -5386.13 39.6394 274.874 1 1
-0.983183 -0.019291 0.181601 0 0.00035343 0.994202 0.107525 0 -0.182622 0.105781 -0.977476 0 -5461.16 36.1117 278.836 1 1
-0.983183 -0.019291 0.181601 0 0.00035343 0.994202 0.107525 0 -0.182622 0.105781 -0.977476 0 -5461.16 36.1117 278.836 1 2
-0.983183 -0.019291 0.181601 0 0.00035343 0.994202 0.107525 0 -0.182622 0.105781 -0.977476 0 -5461.16 36.1117 278.836 1 2
-0.983183 -0.019291 0.181601 0 0.00035343 0.994202 0.107525 0 -0.182622 0.105781 -0.977476 0 -5461.16 36.1117 278.836 1 2
-0.983183 -0.019291 0.181601 0 0.00035343 0.994202 0.107525 0 -0.182622 0.105781 -0.977476 0 -5461.16 36.1117 278.836 1 2
-0.983183 -0.019291 0.181601 0 0.00035343 0.994202 0.107525 0 -0.182622 0.105781 -0.977476 0 -5461.16 36.1117 278.836 1 2
-0.983183 -0.019291 0.181601 0 0.00035343 0.994202 0.107525 0 -0.182622 0.105781 -0.977476 0 -5461.16 36.1117 278.836 1 2
-0.983183 -0.019291 0.181601 0 0.00035343 0.994202 0.107525 0 -0.182622 0.105781 -0.977476 0 -5461.16 36.1117 278.836 1 2
-0.983183 -0.019291 0.181601 0 0.00035343 0.994202 0.107525 0 -0.182622 0.105781 -0.977476 0 -5461.16 36.1117 278.836 1 2
-0.983183 -0.019291 0.181601 0 0.00035343 0.994202 0.107525 0 -0.182622 0.105781 -0.977476 0 -5461.16 36.1117 278.836 1 2
-0.983183 -0.019291 0.181601 0 0.00035343 0.994202 0.107525 0 -0.182622 0.105781 -0.977476 0 -5461.16 36.1117 278.836 1 2
-0.983183 -0.019291 0.181601 0 0.00035343 0.994202 0.107525 0 -0.182622 0.105781 -0.977476 0 -5461.16 36.1117 278.836 1 2
-0.983183 -0.019291 0.181601 0 0.00035343 0.994202 0.107525 0 -0.182622 0.105781 -0.977476 0 -5461.16 36.1117 278.836 1 2
-0.983183 -0.019291 0.181601 0 0.00035343 0.994202 0.107525 0 -0.182622 0.105781 -0.977476 0 -5461.16 36.1117 278.836 1 2
-0.983183 -0.019291 0.181601 0 0.00035343 0.994202 0.107525 0 -0.182622 0.105781 -0.977476 0 -5461.16 36.1117 278.836 1 2
-0.983183 -0.019291 0.181601 0 0.00035343 0.994202 0.107525 0 -0.182622 0.105781 -0.977476 0 -5461.16 36.1117 278.836 1 2
-0.983183 -0.019291 0.181601 0 0.00035343 0.994202 0.107525 0 -0.182622 0.105781 -0.977476 0 -5461.16 36.1117 278.836 1 2
-0.983183 -0.019291 0.181601 0 0.00035343 0.994202 0.107525 0 -0.182622 0.105781 -0.977476 0 -5461.16 36.1117 278.836 1 2
-0.983183 -0.019291 0.181601 0 0.00035343 0.994202 0.107525 0 -0.182622 0.105781 -0.977476 0 -5461.16 36.1117 278.836 1 2
-0.983183 -0.019291 0.181601 0 0.00035343 0.994202 0.107525 0 -0.182622 0.105781 -0.977476 0 -5461.16 36.1117 278.836 1 2
-0.983183 -0.019291 0.181601 0 0.00035343 0.994202 0.107525 0 -0.182622 0.105781 -0.977476 0 -5461.16 36.1117 278.836 1 2
-0.983183 -0.019291 0.181601 0 0.00035343 0.994202 0.107525 0 -0.182622 0.105781 -0.977476 0 -5461.16 36.1117 278.836 1 2
-0.983183 -0.019291 0.181601 0 0.00035343 0.994202 0.107525 0 -0.182622 0.105781 -0.977476 0 -5461.16 36.1117 278.836 1 2
-0.983183 -0.019291 0.181601 0 0.00035343 0.994202 0.107525 0 -0.182622 0.105781 -0.977476 0 -5461.16 36.1117 278.836 1 2
-0.983183 -0.019291 0.181601 0 0.00035343 0.994202 0.107525 0 -0.182622 0.105781 -0.977476 0 -5461.16 36.1117 278.836 1 2
-0.983183 -0.019291 0.181601 0 0.00035343 0.994202 0.107525 0 -0.182622 0.105781 -0.977476 0 -5461.16 36.1117 278.836 1 2
-0.983183 -0.019291 0.181601 0 0.00035343 0.994202 0.107525 0 -0.182622 0.105781 -0.977476 0 -5461.16 36.1117 278.836 1 2
-0.983183 -0.019291 0.181601 0 0.00035343 0.994202 0.107525 0 -0.182622 0.105781 -0.977476 0 -5461.16 36.1117 278.836 1 2
-0.983183 -0.019291 0.181601 0 0.00035343 0.994202 0.107525 0 -0.182622 0.105781 -0.977476 0 -5461.16 36.1117 278.836 1 2
-0.983183 -0.019291 0.181601 0 0.00035343 0.994202 0.107525 0 -0.182622 0.105781 -0.977476 0 -5461.16 36.1117 278.836 1 2
-0.983183 -0.019291 0.181601 0 0.00035343 0.994202 0.107525 0 -0.182622 0.105781 -0.977476 0 -5461.16 36.1117 278.836 1 2
-0.983183 -0.019291 0.181601 0 0.00035343 0.994202 0.107525 0 -0.182622 0.105781 -0.977476 0 -5461.16 36.1117 278.836 1 2
-0.983183 -0.019291 0.181601 0 0.00035343 0.994202 0.107525 0 -0.182622 0.105781 -0.977476 0 -5461.16 36.1117 278.836 1 2
-0.983183 -0.019291 0.181601 0 0.00035343 0.994202 0.107525 0 -0.182622 0.105781 -0.977476 0 -5461.16 36.1117 278.836 1 2
-0.983183 -0.019291 0.181601 0 0.00035343 0.994202 0.107525 0 -0.182622 0.105781 -0.977476 0 -5461.16 36.1117 278.836 1 2
-0.983183 -0.019291 0.181601 0 0.00035343 0.994202 0.107525 0 -0.182622 0.105781 -0.977476 0 -5461.16 36.1117 278.836 1 2
-0.983183 -0.019291 0.181601 0 0.00035343 0.994202 0.107525 0 -0.182622 0.105781 -0.977476 0 -5461.16 36.1117 278.836 1 2
-0.983183 -0.019291 0.181601 0 0.00035343 0.994202 0.107525 0 -0.182622 0.105781 -0.977476 0 -5461.16 36.1117 278.836 1 2
-0.983183 -0.019291 0.181601 0 0.00035343 0.994202 0.107525 0 -0.182622 0.105781 -0.977476 0 -5461.16 36.1117 278.836 1 2
-0.983183 -0.019291 0.181601 0 0.00035343 0.994202 0.107525 0 -0.182622 0.105781 -0.977476 0 -5461.16 36.1117 278.836 1 2
-0.983183 -0.019291 0.181601 0 0.00035343 0.994202 0.107525 0 -0.182622 0.105781 -0.977476 0 -5461.16 36.1117 278.836 1 2
-0.983183 -0.019291 0.181601 0 0.00035343 0.994202 0.107525 0 -0.182622 0.105781 -0.977476 0 -5461.16 36.1117 278.836 1 2
-0.983183 -0.019291 0.181601 0 0.00035343 0.994202 0.107525 0 -0.182622 0.105781 -0.977476 0 -5461.16 36.1117 278.836 1 2
-0.983183 -0.019291 0.181601 0 0.00035343 0.994202 0.107525 0 -0.182622 0.105781 -0.977476 0 -5461.16 36.1117 278.836 1 2
-0.983183 -0.019291 0.181601 0 0.00035343 0.994202 0.107525 0 -0.182622 0.105781 -0.977476 0 -5461.16 36.1117 278.836 1 2
-0.983183 -0.019291 0.181601 0 0.00035343 0.994202 0.107525 0 -0.182622 0.105781 -0.977476 0 -5461.16 36.1117 278.836 1 2
-0.983183 -0.019291 0.181601 0 0.00035343 0.994202 0.107525 0 -0.182622 0.105781 -0.977476 0 -5461.16 36.1117 278.836 1 2
-0.983183 -0.019291 0.181601 0 0.00035343 0.994202 0.107525 0 -0.182622 0.105781 -0.977476 0 -5461.16 36.1117 278.836 1 2
-0.983183 -0.019291 0.181601 0 0.00035343 0.994202 0.107525 0 -0.182622 0.105781 -0.977476 0 -5461.16 36.1117 278.836 1 2
-0.983183 -0.019291 0.181601 0 0.00035343 0.994202 0.107525 0 -0.182622 0.105781 -0.977476 0 -5461.16 36.1117 278.836 1 2
-0.983183 -0.019291 0.181601 0 0.00035343 0.994202 0.107525 0 -0.182622 0.105781 -0.977476 0 -5461.16 36.1117 278.836 1 2
-0.983183 -0.019291 0.181601 0 0.00035343 0.994202 0.107525 0 -0.182622 0.105781 -0.977476 0 -5461.16 36.1117 278.836 1 2
-0.983183 -0.019291 0.181601 0 0.00035343 0.994202 0.107525 0 -0.182622 0.105781 -0.977476 0 -5461.16 36.1117 278.836 1 2
-0.983183 -0.019291 0.181601 0 0.00035343 0.994202 0.107525 0 -0.182622 0.105781 -0.977476 0 -5461.16 36.1117 278.836 1 2
-0.983183 -0.019291 0.181601 0 0.00035343 0.994202 0.107525 0 -0.182622 0.105781 -0.977476 0 -5461.16 36.1117 278.836 1 2
-0.983183 -0.019291 0.181601 0 0.00035343 0.994202 0.107525 0 -0.182622 0.105781 -0.977476 0 -5461.16 36.1117 278.836 1 2
-0.983183 -0.019291 0.181601 0 0.00035343 0.994202 0.107525 0 -0.182622 0.105781 -0.977476 0 -5461.16 36.1117 278.836 1 2
-0.983183 -0.019291 0.181601 0 0.00035343 0.994202 0.107525 0 -0.182622 0.105781 -0.977476 0 -5461.16 36.1117 278.836 1 2
-0.983183 -0.019291 0.181601 0 0.00035343 0.994202 0.107525 0 -0.182622 0.105781 -0.977476 0 -5461.16 36.1117 278.836 1 2
-0.98273 -0.0397404 0.180727 0 -0.0187666 0.993035 0.116315 0 -0.18409 0.110914 -0.976631 0 -5460.52 -39.9278 287.711 1 3
-0.981937 -0.0545741 0.181169 0 -0.0331799 0.992329 0.119088 0 -0.186278 0.110925 -0.976215 0 -5460.29 -102.557 296.343 1 3
-0.981079 -0.0648148 0.182434 0 -0.0433745 0.991928 0.119154 0 -0.188684 0.108986 -0.975971 0 -5460.85 -151.739 303.745 1 3
-0.980213 -0.0717088 0.184503 0 -0.0505074 0.991829 0.117152 0 -0.191396 0.105515 -0.975825 0 -5462.22 -189.985 312.195 1 3
-0.979527 -0.0743055 0.187097 0 -0.0535561 0.99208 0.113617 0 -0.194057 0.10127 -0.975749 0 -5465.19 -213.099 322.172 1 3
-0.979026 -0.0722597 0.190492 0 -0.0518796 0.992589 0.109888 0 -0.197021 0.0977002 -0.975519 0 -5470.7 -214.981 335.866 1 3
-0.978591 -0.0678521 0.194308 0 -0.0482336 0.993409 0.103979 0 -0.200082 0.0923809 -0.975414 0 -5476.41 -210.411 351.975 1 3
-0.978228 -0.0622797 0.197967 0 -0.0433365 0.994181 0.0986236 0 -0.202957 0.0878972 -0.975235 0 -5482.59 -199.302 368.044 1 3
-0.977814 -0.0561049 0.201822 0 -0.0378081 0.994911 0.0933997 0 -0.206035 0.083697 -0.974959 0 -5488.36 -182.458 385.197 1 3
-0.977348 -0.0499643 0.205656 0 -0.0320901 0.995483 0.0893505 0 -0.209192 0.080727 -0.974537 0 -5493.9 -163.23 402.626 1 3
-0.976876 -0.0447579 0.209067 0 -0.027195 0.995912 0.0861388 0 -0.212068 0.0784613 -0.9741 0 -5499.16 -145.913 417.96 1 3
-0.976412 -0.0406476 0.212054 0 -0.0232189 0.996192 0.0840426 0 -0.214662 0.0771366 -0.973638 0 -5503.85 -131.251 431.102 1 3
-0.976017 -0.0372781 0.21448 0 -0.019907 0.996385 0.0825889 0 -0.216784 0.0763385 -0.97323 0 -5508 -118.557 440.896 1 3
-0.975606 -0.0348209 0.216748 0 -0.0173439 0.99648 0.0820192 0 -0.218841 0.0762592 -0.972776 0 -5511.61 -109.172 449.371 1 3
-0.975149 -0.0330316 0.219074 0 -0.0154385 0.996551 0.081538 0 -0.221011 0.0761295 -0.972295 0 -5514.65 -102.652 458.699 1 3
-0.974667 -0.0317564 0.221397 0 -0.0139828 0.996584 0.0813894 0 -0.223225 0.0762318 -0.971781 0 -5517.07 -97.5248 468.552 1 3
-0.97414 -0.0305057 0.223877 0 -0.0125481 0.996619 0.0812008 0 -0.225597 0.0762917 -0.971229 0 -5519.02 -92.5119 479.445 1 3
-0.973685 -0.0295539 0.225975 0 -0.0115059 0.996666 0.0807711 0 -0.227608 0.0760456 -0.970779 0 -5521.32 -88.828 490.982 1 3
-0.973251 -0.0286361 0.227951 0 -0.0104802 0.996702 0.0804639 0 -0.229503 0.0759226 -0.970342 0 -5523.22 -84.7034 501.697 1 3
-0.972872 -0.0278004 0.229669 0 -0.00955889 0.996736 0.0801592 0 -0.231148 0.0757892 -0.969962 0 -5525.01 -81.0485 510.701 1 3
-0.972547 -0.0269847 0.231138 0 -0.00867568 0.996768 0.0798654 0 -0.232546 0.0756675 -0.969637 0 -5526.59 -77.7493 518.116 1 3
-0.972285 -0.0264812 0.232294 0 -0.00808489 0.996779 0.0797913 0 -0.233659 0.0757019 -0.969367 0 -5527.98 -75.6969 523.589 1 3
-0.972054 -0.0260455 0.233307 0 -0.00753663 0.996776 0.0798757 0 -0.234635 0.0758852 -0.969117 0 -5529.24 -73.821 528.119 1 3
-0.97191 -0.0256884 0.233946 0 -0.00709729 0.996772 0.0799654 0 -0.235245 0.0760588 -0.968956 0 -5530.46 -72.3978 530.702 1 3
-0.971774 -0.0253777 0.234546 0 -0.00669679 0.996764 0.0801026 0 -0.23582 0.0762709 -0.968799 0 -5531.44 -70.849 532.685 1 3
-0.971654 -0.0250218 0.235079 0 -0.00625644 0.996756 0.0802348 0 -0.236324 0.0764897 -0.968659 0 -5532.39 -68.998 534.216 1 3
-0.971542 -0.0246971 0.235577 0 -0.00584404 0.996746 0.0803939 0 -0.236796 0.0767293 -0.968525 0 -5533.3 -67.3863 535.422 1 3
-0.97144 -0.0243088 0.236037 0 -0.00537908 0.996739 0.0805133 0 -0.237225 0.0769441 -0.968403 0 -5534.09 -65.3617 536.505 1 3
-0.971317 -0.0240822 0.236564 0 -0.00505538 0.996725 0.0807095 0 -0.237733 0.0771986 -0.968258 0 -5534.7 -64.0133 538.057 1 3
-0.971221 -0.0240227 0.236965 0 -0.00498403 0.996733 0.080618 0 -0.238127 0.0771169 -0.968168 0 -5535.27 -63.4802 539.437 1 3
-0.971141 -0.0239959 0.237296 0 -0.0049362 0.996735 0.0805902 0 -0.238456 0.0770931 -0.968089 0 -5535.88 -63.306 540.363 1 3
-0.971073 -0.0239833 0.237574 0 -0.00488164 0.996729 0.0806675 0 -0.238731 0.0771743 -0.968014 0 -5536.46 -63.0769 540.756 1 3
-0.971002 -0.0240037 0.237862 0 -0.00487513 0.996728 0.0806828 0 -0.23902 0.0771836 -0.967942 0 -5536.92 -63.1842 541.029 1 3
-0.970943 -0.0240341 0.2381 0 -0.00488986 0.996729 0.0806706 0 -0.23926 0.0771623 -0.967884 0 -5537.38 -63.4741 541.033 1 3
-0.970897 -0.0240719 0.238286 0 -0.00490885 0.996727 0.0806891 0 -0.239449 0.0771711 -0.967837 0 -5537.81 -63.6997 540.768 1 3
-0.970824 -0.0246694 0.23852 0 -0.00530528 0.99666 0.081488 0 -0.239733 0.0778451 -0.967713 0 -5539.11 -65.5435 538.775 1 3
-0.970803 -0.0250121 0.238571 0 -0.00549434 0.996607 0.0821276 0 -0.239816 0.0784189 -0.967646 0 -5540.11 -66.2425 536.898 1 3
-0.970757 -0.0253133 0.238728 0 -0.00567478 0.996567 0.0825943 0 -0.239999 0.0788242 -0.967568 0 -5540.89 -66.8323 536.021 1 3
-0.970694 -0.0254713 0.238964 0 -0.00574895 0.996544 0.0828694 0 -0.240249 0.079067 -0.967486 0 -5541.51 -67.0289 535.782 1 3
-0.970624 -0.0255283 0.239242 0 -0.00573018 0.996526 0.0830866 0 -0.240532 0.079275 -0.967399 0 -5542.03 -66.9578 536.049 1 3
-0.97055 -0.0255986 0.239534 0 -0.00572005 0.996507 0.0833183 0 -0.240831 0.0794945 -0.967306 0 -5542.4 -67.0595 536.53 1 3
-0.970476 -0.0256977 0.239823 0 -0.00576964 0.996497 0.0834297 0 -0.241127 0.0795829 -0.967225 0 -5542.72 -67.2513 536.964 1 3
-0.970393 -0.0257311 0.240156 0 -0.00575916 0.996491 0.0834965 0 -0.241462 0.0796414 -0.967137 0 -5542.96 -67.4785 537.689 1 3
-0.970339 -0.0258014 0.240367 0 -0.00579563 0.996485 0.0835678 0 -0.241678 0.079696 -0.967078 0 -5543.24 -67.7409 538.109 1 3
-0.9703 -0.0258832 0.240516 0 -0.00585084 0.996479 0.083633 0 -0.241834 0.0797419 -0.967036 0 -5543.48 -68.0472 538.342 1 3
