0.479366 0 -0.877615 0 0 1 0 0 0.877615 0 0.479366 0 -163.522 0 81.4035 1 0
0.479366 0 -0.877615 0 0 1 0 0 0.877615 0 0.479366 0 -163.522 0 81.4035 1 0
0.479366 0 -0.877615 0 0 1 0 0 0.877615 0 0.479366 0 -163.522 0 81.4035 1 0
0.479366 0 -0.877615 0 0 1 0 0 0.877615 0 0.479366 0 -163.522 0 81.4035 1 0
0.479366 0 -0.877615 0 0 1 0 0 0.877615 0 0.479366 0 -163.522 0 81.4035 1 0
0.479366 0 -0.877615 0 0 1 0 0 0.877615 0 0.479366 0 -163.522 0 81.4035 1 0
0.479366 0 -0.877615 0 0 1 0 0 0.877615 0 0.479366 0 -163.522 0 81.4035 1 0
0.479366 0 -0.877615 0 0 1 0 0 0.877615 0 0.479366 0 -163.522 0 81.4035 1 0
0.479366 0 -0.877615 0 0 1 0 0 0.877615 0 0.479366 0 -163.522 0 81.4035 1 0
0.479366 0 -0.877615 0 0 1 0 0 0.877615 0 0.479366 0 -163.522 0 81.4035 1 0
0.479366 0 -0.877615 0 0 1 0 0 0.877615 0 0.479366 0 -163.522 0 81.4035 1 0
0.479366 0 -0.877615 0 0 1 0 0 0.877615 0 0.479366 0 -163.522 0 81.4035 1 0
0.479366 0 -0.877615 0 0 1 0 0 0.877615 0 0.479366 0 -163.522 0 81.4035 1 0
0.479366 0 -0.877615 0 0 1 0 0 0.877615 0 0.479366 0 -163.522 0 81.4035 1 0
0.479366 0 -0.877615 0 0 1 0 0 0.877615 0 0.479366 0 -163.522 0 81.4035 1 0
0.479366 0 -0.877615 0 0 1 0 0 0.877615 0 0.479366 0 -163.522 0 81.4035 1 0
0.479366 0 -0.877615 0 0 1 0 0 0.877615 0 0.479366 0 -163.522 0 81.4035 1 0
0.479366 0 -0.877615 0 0 1 0 0 0.877615 0 0.479366 0 -163.522 0 81.4035 1 0
0.479366 0 -0.877615 0 0 1 0 0 0.877615 0 0.479366 0 -163.522 0 81.4035 1 0
0.479366 0 -0.877615 0 0 1 0 0 0.877615 0 0.479366 0 -163.522 0 81.4035 1 0
0.479366 0 -0.877615 0 0 1 0 0 0.877615 0 0.479366 0 -163.522 0 81.4035 1 0
0.479366 0 -0.877615 0 0 1 0 0 0.877615 0 0.479366 0 -163.522 0 81.4035 1 0
0.479366 0 -0.877615 0 0 1 0 0 0.877615 0 0.479366 0 -163.522 0 81.4035 1 0
0.479366 0 -0.877615 0 0 1 0 0 0.877615 0 0.479366 0 -163.522 0 81.4035 1 0
0.479366 0 -0.877615 0 0 1 0 0 0.877615 0 0.479366 0 -163.522 0 81.4035 1 0
0.479366 0 -0.877615 0 0 1 0 0 0.877615 0 0.479366 0 -163.522 0 81.4035 1 0
0.479366 0 -0.877615 0 0 1 0 0 0.877615 0 0.479366 0 -163.522 0 81.4035 1 0
0.479366 0 -0.877615 0 0 1 0 0 0.877615 0 0.479366 0 -163.522 0 81.4035 1 0
0.479366 0 -0.877615 0 0 1 0 0 0.877615 0 0.479366 0 -163.522 0 81.4035 1 0
0.479366 0 -0.877615 0 0 1 0 0 0.877615 0 0.479366 0 -163.522 0 81.4035 1 0
0.479366 0 -0.877615 0 0 1 0 0 0.877615 0 0.479366 0 -163.522 0 81.4035 1 0
0.479366 0 -0.877615 0 0 1 0 0 0.877615 0 0.479366 0 -163.522 0 81.4035 1 0
0.479366 0 -0.877615 0 0 1 0 0 0.877615 0 0.479366 0 -163.522 0 81.4035 1 0
0.479366 0 -0.877615 0 0 1 0 0 0.877615 0 0.479366 0 -163.522 0 81.4035 1 0
0.479366 0 -0.877615 0 0 1 0 0 0.877615 0 0.479366 0 -163.522 0 81.4035 1 0
0.479366 0 -0.877615 0 0 1 0 0 0.877615 0 0.479366 0 -163.522 0 81.4035 1 0
0.479366 0 -0.877615 0 0 1 0 0 0.877615 0 0.479366 0 -163.522 0 81.4035 1 0
0.479366 0 -0.877615 0 0 1 0 0 0.877615 0 0.479366 0 -163.522 0 81.4035 1 0
0.479366 0 -0.877615 0 0 1 0 0 0.877615 0 0.479366 0 -163.522 0 81.4035 1 0
0.479366 0 -0.877615 0 0 1 0 0 0.877615 0 0.479366 0 -163.522 0 81.4035 1 0
0.479366 0 -0.877615 0 0 1 0 0 0.877615 0 0.479366 0 -163.522 0 81.4035 1 0
0.479366 0 -0.877615 0 0 1 0 0 0.877615 0 0.479366 0 -163.522 0 81.4035 1 0
0.479366 0 -0.877615 0 0 1 0 0 0.877615 0 0.479366 0 -163.522 0 81.4035 1 0
0.479366 0 -0.877615 0 0 1 0 0 0.877615 0 0.479366 0 -163.522 0 81.4035 1 0
0.479366 0 -0.877615 0 0 1 0 0 0.877615 0 0.479366 0 -163.522 0 81.4035 1 0
0.479366 0 -0.877615 0 0 1 0 0 0.877615 0 0.479366 0 -163.522 0 81.4035 1 0
0.479366 0 -0.877615 0 0 1 0 0 0.877615 0 0.479366 0 -163.522 0 81.4035 1 0
0.479366 0 -0.877615 0 0 1 0 0 0.877615 0 0.479366 0 -163.522 0 81.4035 1 0
0.479366 0 -0.877615 0 0 1 0 0 0.877615 0 0.479366 0 -163.522 0 81.4035 1 0
0.479366 0 -0.877615 0 0 1 0 0 0.877615 0 0.479366 0 -163.522 0 81.4035 1 0
0.479366 0 -0.877615 0 0 1 0 0 0.877615 0 0.479366 0 -163.522 0 81.4035 1 0
0.479366 0 -0.877615 0 0 1 0 0 0.877615 0 0.479366 0 -163.522 0 81.4035 1 0
0.479366 0 -0.877615 0 0 1 0 0 0.877615 0 0.479366 0 -163.522 0 81.4035 1 0
0.479366 0 -0.877615 0 0 1 0 0 0.877615 0 0.479366 0 -163.522 0 81.4035 1 0
0.479366 0 -0.877615 0 0 1 0 0 0.877615 0 0.479366 0 -163.522 0 81.4035 1 0
0.479366 0 -0.877615 0 0 1 0 0 0.877615 0 0.479366 0 -163.522 0 81.4035 1 0
0.479366 0 -0.877615 0 0 1 0 0 0.877615 0 0.479366 0 -163.522 0 81.4035 1 0
0.479366 0 -0.877615 0 0 1 0 0 0.877615 0 0.479366 0 -163.522 0 81.4035 1 0
0.479366 0 -0.877615 0 0 1 0 0 0.877615 0 0.479366 0 -163.522 0 81.4035 1 0
0.479366 0 -0.877615 0 0 1 0 0 0.877615 0 0.479366 0 -163.522 0 81.4035 1 0
0.479366 0 -0.877615 0 0 1 0 0 0.877615 0 0.479366 0 -163.522 0 81.4035 1 0
0.479366 0 -0.877615 0 0 1 0 0 0.877615 0 0.479366 0 -163.522 0 81.4035 1 0
0.479366 0 -0.877615 0 0 1 0 0 0.877615 0 0.479366 0 -163.522 0 81.4035 1 0
0.479366 0 -0.877615 0 0 1 0 0 0.877615 0 0.479366 0 -163.522 0 81.4035 1 0
0.479366 0 -0.877615 0 0 1 0 0 0.877615 0 0.479366 0 -163.522 0 81.4035 1 0
0.479366 0 -0.877615 0 0 1 0 0 0.877615 0 0.479366 0 -163.522 0 81.4035 1 0
0.479366 0 -0.877615 0 0 1 0 0 0.877615 0 0.479366 0 -163.522 0 81.4035 1 0
0.479366 0 -0.877615 0 0 1 0 0 0.877615 0 0.479366 0 -163.522 0 81.4035 1 0
0.479366 0 -0.877615 0 0 1 0 0 0.877615 0 0.479366 0 -163.522 0 81.4035 1 0
0.479366 0 -0.877615 0 0 1 0 0 0.877615 0 0.479366 0 -163.522 0 81.4035 1 0
0.479366 0 -0.877615 0 0 1 0 0 0.877615 0 0.479366 0 -163.522 0 81.4035 1 0
0.479366 0 -0.877615 0 0 1 0 0 0.877615 0 0.479366 0 -163.522 0 81.4035 1 0
0.479366 0 -0.877615 0 0 1 0 0 0.877615 0 0.479366 0 -163.522 0 81.4035 1 0
0.479366 0 -0.877615 0 0 1 0 0 0.877615 0 0.479366 0 -163.522 0 81.4035 1 0
0.479366 0 -0.877615 0 0 1 0 0 0.877615 0 0.479366 0 -163.522 0 81.4035 1 0
0.479366 0 -0.877615 0 0 1 0 0 0.877615 0 0.479366 0 -163.522 0 81.4035 1 0
0.479366 0 -0.877615 0 0 1 0 0 0.877615 0 0.479366 0 -163.522 0 81.4035 1 0
0.479366 0 -0.877615 0 0 1 0 0 0.877615 0 0.479366 0 -163.522 0 81.4035 1 0
0.479366 0 -0.877615 0 0 1 0 0 0.877615 0 0.479366 0 -163.522 0 81.4035 1 0
0.479366 0 -0.877615 0 0 1 0 0 0.877615 0 0.479366 0 -163.522 0 81.4035 1 0
0.479366 0 -0.877615 0 0 1 0 0 0.877615 0 0.479366 0 -163.522 0 81.4035 1 0
0.479366 0 -0.877615 0 0 1 0 0 0.877615 0 0.479366 0 -163.522 0 81.4035 1 0
0.479366 0 -0.877615 0 0 1 0 0 0.877615 0 0.479366 0 -163.522 0 81.4035 1 0
0.479366 0 -0.877615 0 0 1 0 0 0.877615 0 0.479366 0 -163.522 0 81.4035 1 0
0.479366 0 -0.877615 0 0 1 0 0 0.877615 0 0.479366 0 -163.522 0 81.4035 1 0
0.479366 0 -0.877615 0 0 1 0 0 0.877615 0 0.479366 0 -163.522 0 81.4035 1 0
0.479366 0 -0.877615 0 0 1 0 0 0.877615 0 0.479366 0 -163.522 0 81.4035 1 0
0.479366 0 -0.877615 0 0 1 0 0 0.877615 0 0.479366 0 -163.522 0 81.4035 1 0
0.479366 0 -0.877615 0 0 1 0 0 0.877615 0 0.479366 0 -163.522 0 81.4035 1 0
0.479366 0 -0.877615 0 0 1 0 0 0.877615 0 0.479366 0 -163.522 0 81.4035 1 0
0.479366 0 -0.877615 0 0 1 0 0 0.877615 0 0.479366 0 -163.522 0 81.4035 1 0
0.479366 0 -0.877615 0 0 1 0 0 0.877615 0 0.479366 0 -163.522 0 81.4035 1 0
0.479366 0 -0.877615 0 0 1 0 0 0.877615 0 0.479366 0 -163.522 0 81.4035 1 0
0.479366 0 -0.877615 0 0 1 0 0 0.877615 0 0.479366 0 -163.522 0 81.4035 1 0
0.479366 0 -0.877615 0 0 1 0 0 0.877615 0 0.479366 0 -163.522 0 81.4035 1 0
0.479366 0 -0.877615 0 0 1 0 0 0.877615 0 0.479366 0 -163.522 0 81.4035 1 0
0.479366 0 -0.877615 0 0 1 0 0 0.877615 0 0.479366 0 -163.522 0 81.4035 1 0
0.479366 0 -0.877615 0 0 1 0 0 0.877615 0 0.479366 0 -163.522 0 81.4035 1 0
0.479366 0 -0.877615 0 0 1 0 0 0.877615 0 0.479366 0 -163.522 0 81.4035 1 0
0.479366 0 -0.877615 0 0 1 0 0 0.877615 0 0.479366 0 -163.522 0 81.4035 1 0
0.479366 0 -0.877615 0 0 1 0 0 0.877615 0 0.479366 0 -163.522 0 81.4035 1 0
0.479366 0 -0.877615 0 0 1 0 0 0.877615 0 0.479366 0 -163.522 0 81.4035 1 0
0.479366 0 -0.877615 0 0 1 0 0 0.877615 0 0.479366 0 -163.522 0 81.4035 1 0
0.479366 0 -0.877615 0 0 1 0 0 0.877615 0 0.479366 0 -163.522 0 81.4035 1 0
0.479366 0 -0.877615 0 0 1 0 0 0.877615 0 0.479366 0 -163.522 0 81.4035 1 0
0.479366 0 -0.877615 0 0 1 0 0 0.877615 0 0.479366 0 -163.522 0 81.4035 1 0
0.479366 0 -0.877615 0 0 1 0 0 0.877615 0 0.479366 0 -163.522 0 81.4035 1 0
0.479366 0 -0.877615 0 0 1 0 0 0.877615 0 0.479366 0 -163.522 0 81.4035 1 0
0.479366 0 -0.877615 0 0 1 0 0 0.877615 0 0.479366 0 -163.522 0 81.4035 1 0
0.479366 0 -0.877615 0 0 1 0 0 0.877615 0 0.479366 0 -163.522 0 81.4035 1 0
0.479366 0 -0.877615 0 0 1 0 0 0.877615 0 0.479366 0 -163.522 0 81.4035 1 0
0.479366 0 -0.877615 0 0 1 0 0 0.877615 0 0.479366 0 -163.522 0 81.4035 1 0
0.479366 0 -0.877615 0 0 1 0 0 0.877615 0 0.479366 0 -163.522 0 81.4035 1 0
0.479366 0 -0.877615 0 0 1 0 0 0.877615 0 0.479366 0 -163.522 0 81.4035 1 0
0.479366 0 -0.877615 0 0 1 0 0 0.877615 0 0.479366 0 -163.522 0 81.4035 1 0
0.479366 0 -0.877615 0 0 1 0 0 0.877615 0 0.479366 0 -163.522 0 81.4035 1 0
0.479366 0 -0.877615 0 0 1 0 0 0.877615 0 0.479366 0 -163.522 0 81.4035 1 0
0.479366 0 -0.877615 0 0 1 0 0 0.877615 0 0.479366 0 -163.522 0 81.4035 1 0
0.479366 0 -0.877615 0 0 1 0 0 0.877615 0 0.479366 0 -163.522 0 81.4035 1 0
0.479366 0 -0.877615 0 0 1 0 0 0.877615 0 0.479366 0 -163.522 0 81.4035 1 0
0.479366 0 -0.877615 0 0 1 0 0 0.877615 0 0.479366 0 -163.522 0 81.4035 1 0
0.479366 0 -0.877615 0 0 1 0 0 0.877615 0 0.479366 0 -163.522 0 81.4035 1 0
0.479366 0 -0.877615 0 0 1 0 0 0.877615 0 0.479366 0 -163.522 0 81.4035 1 0
0.479366 0 -0.877615 0 0 1 0 0 0.877615 0 0.479366 0 -163.522 0 81.4035 1 0
0.266427 0.0775691 -0.960729 0 -0.0204959 0.996987 0.0748127 0 0.963637 -0.000241156 0.267215 0 -137.72 226.68 -466.821 1 1
0.257708 0.0881779 -0.962191 0 -0.0136438 0.99606 0.0876275 0 0.966126 -0.00945438 0.257896 0 -105.106 226.946 -540.068 1 1
0.257708 0.0881779 -0.962191 0 -0.0136438 0.99606 0.0876275 0 0.966126 -0.00945438 0.257896 0 -105.106 226.946 -540.068 1 2
0.257708 0.0881779 -0.962191 0 -0.0136438 0.99606 0.0876275 0 0.966126 -0.00945438 0.257896 0 -105.106 226.946 -540.068 1 2
0.254637 0.104532 -0.96137 0 -0.0259623 0.994521 0.10126 0 0.966688 -0.000825194 0.255956 0 -103.216 198.964 -555.656 1 3
0.251208 0.116204 -0.960932 0 -0.0359346 0.993203 0.110712 0 0.967266 0.00671884 0.253676 0 -102.734 172.789 -568.949 1 3
0.248213 0.123826 -0.960759 0 -0.0436781 0.992219 0.116596 0 0.96772 0.0130235 0.25169 0 -103.836 149.133 -580.527 1 3
0.245211 0.127048 -0.961109 0 -0.0490614 0.991732 0.118579 0 0.968228 0.0180764 0.249417 0 -106.451 127.11 -590.406 1 3
0.24224 0.125043 -0.962125 0 -0.0506384 0.991938 0.116168 0 0.968894 0.0205799 0.246619 0 -110.623 104.557 -598.715 1 3
0.238795 0.117505 -0.963934 0 -0.0479412 0.992868 0.109155 0 0.969886 0.0201465 0.242725 0 -116.825 82.1718 -605.833 1 3
0.234658 0.102977 -0.966608 0 -0.0426897 0.994505 0.0955856 0 0.97114 0.0188342 0.237765 0 -123.347 58.3481 -611.53 1 3
0.230094 0.0863791 -0.969327 0 -0.0363684 0.99612 0.0801337 0 0.972489 0.0168145 0.232343 0 -130.311 40.0544 -616.198 1 3
0.224931 0.07056 -0.971816 0 -0.0298 0.997406 0.0655207 0 0.973919 0.0142225 0.226451 0 -137.599 27.7835 -620.665 1 3
0.219303 0.0564028 -0.974025 0 -0.0233325 0.998345 0.0525578 0 0.975378 0.0112004 0.220256 0 -144.894 19.6311 -625.458 1 3
0.213534 0.0446714 -0.975914 0 -0.0177809 0.998966 0.041836 0 0.976774 0.0084192 0.214107 0 -151.786 14.2962 -630.771 1 3
0.208384 0.0356861 -0.977396 0 -0.0130129 0.999347 0.0337132 0 0.977961 0.00569347 0.208712 0 -158.347 11.0297 -636.353 1 3
0.203955 0.028729 -0.978559 0 -0.00921066 0.999581 0.0274265 0 0.978937 0.0034194 0.204134 0 -164.115 9.16266 -641.819 1 3
0.200014 0.0237563 -0.979505 0 -0.00614656 0.999717 0.0229914 0 0.979774 0.00142199 0.200103 0 -169.5 8.10502 -647.362 1 3
0.195955 0.0197972 -0.980413 0 -0.00392733 0.999804 0.0194038 0 0.980605 4.81436e-05 0.195994 0 -174.534 7.41638 -652.887 1 3
0.191831 0.0168318 -0.981284 0 -0.00206783 0.999858 0.0167462 0 0.981426 -0.00118331 0.191839 0 -179.233 7.06846 -658.249 1 3
0.187731 0.0143801 -0.982115 0 -0.000551596 0.999894 0.014535 0 0.98222 -0.00218693 0.187719 0 -183.522 6.68338 -663.4 1 3
0.183914 0.0126527 -0.982861 0 0.000576393 0.999916 0.0129801 0 0.982942 -0.00295375 0.183892 0 -187.17 6.464 -668.075 1 3
0.180298 0.011431 -0.983546 0 0.00160549 0.999928 0.0119157 0 0.983611 -0.00372746 0.180267 0 -190.533 6.20802 -672.326 1 3
0.17695 0.0104471 -0.984164 0 0.00245853 0.999936 0.0110565 0 0.984217 -0.00437606 0.176913 0 -193.512 5.90304 -676.289 1 3
0.173955 0.00949461 -0.984708 0 0.00307338 0.999943 0.0101844 0 0.984749 -0.00479802 0.173916 0 -196.119 5.65176 -679.991 1 3
0.17155 0.00885446 -0.985136 0 0.00353388 0.999948 0.00960297 0 0.985169 -0.00512874 0.171509 0 -198.425 5.42639 -683.471 1 3
0.169362 0.00842467 -0.985518 0 0.00396014 0.99995 0.0092286 0 0.985546 -0.00546577 0.16932 0 -200.648 5.38311 -686.747 1 3
0.167799 0.00813177 -0.985788 0 0.00426189 0.999951 0.00897405 0 0.985812 -0.00570716 0.167756 0 -202.509 5.3094 -689.762 1 3
0.166451 0.00791199 -0.986018 0 0.00457333 0.999951 0.00879582 0 0.986039 -0.00597346 0.166407 0 -204.12 5.21013 -692.689 1 3
0.165238 0.00782951 -0.986223 0 0.00495359 0.999949 0.00876844 0 0.986241 -0.00633422 0.16519 0 -205.657 5.11919 -695.665 1 3
0.164213 0.0077093 -0.986395 0 0.00530655 0.999948 0.00869865 0 0.986411 -0.00666278 0.164163 0 -207.2 5.02054 -698.543 1 3
0.163221 0.00762759 -0.98656 0 0.00566644 0.999946 0.00866857 0 0.986573 -0.00700518 0.163169 0 -208.668 4.89951 -701.387 1 3
0.162162 0.00760154 -0.986735 0 0.00597174 0.999944 0.00868471 0 0.986746 -0.00730086 0.162108 0 -210 4.81783 -704.132 1 3
0.16116 0.00777387 -0.986898 0 0.00591034 0.999943 0.00884179 0 0.986911 -0.00725785 0.161105 0 -211.056 4.7227 -707.146 1 3
0.160257 0.00792604 -0.987044 0 0.00589874 0.999942 0.00898734 0 0.987058 -0.00726259 0.160201 0 -212.082 4.64297 -710.031 1 3
0.159449 0.00806154 -0.987173 0 0.00595273 0.999941 0.00912729 0 0.987188 -0.00733172 0.159392 0 -213.077 4.42814 -712.884 1 3
0.158819 0.00818197 -0.987274 0 0.00596586 0.999939 0.00924663 0 0.98729 -0.00735848 0.15876 0 -214.034 4.22858 -715.62 1 3
0.158292 0.00823601 -0.987358 0 0.00596843 0.999939 0.00929781 0 0.987374 -0.00736475 0.158234 0 -214.916 3.99109 -718.228 1 3
0.157841 0.00826055 -0.98743 0 0.00602482 0.999938 0.00932826 0 0.987446 -0.00742147 0.157782 0 -215.741 3.78074 -720.659 1 3
0.158488 0.0101927 -0.987308 0 0.00551566 0.999922 0.0112083 0 0.987345 -0.00722205 0.15842 0 -218.42 4.84373 -723.535 1 3
0.158824 0.0114688 -0.98724 0 0.00541533 0.999907 0.0124872 0 0.987292 -0.00732949 0.158747 0 -220.501 5.27687 -726.201 1 3
0.15889 0.0123596 -0.987219 0 0.00536682 0.999896 0.0133821 0 0.987282 -0.00742451 0.158807 0 -222.218 5.45573 -728.646 1 3
0.158719 0.0127837 -0.987241 0 0.0054522 0.99989 0.013824 0 0.987309 -0.00757677 0.158632 0 -223.651 5.5006 -730.898 1 3
0.158349 0.0130864 -0.987297 0 0.00555233 0.999885 0.0141437 0 0.987368 -0.00772143 0.158258 0 -224.862 5.51427 -732.768 1 3
0.15792 0.0133667 -0.987361 0 0.00559076 0.99988 0.0144303 0 0.987436 -0.00779894 0.157826 0 -225.832 5.52279 -734.474 1 3
0.157549 0.0135586 -0.987418 0 0.0056086 0.999877 0.0146246 0 0.987495 -0.00784211 0.157454 0 -226.717 5.46214 -736.031 1 3
0.157098 0.0136894 -0.987488 0 0.00559677 0.999876 0.0147516 0 0.987567 -0.00784419 0.157002 0 -227.469 5.36376 -737.384 1 3
0.156752 0.013793 -0.987542 0 0.0056027 0.999874 0.0148545 0 0.987622 -0.00786138 0.156655 0 -228.09 5.274 -738.579 1 3
0.156483 0.0138605 -0.987583 0 0.00558446 0.999873 0.0149179 0 0.987665 -0.00784952 0.156386 0 -228.586 5.18771 -739.611 1 3
