0.0967196 0 0.995312 0 0 1 0 0 -0.995312 0 0.0967196 0 -3054.55 0 179.311 1 0
0.0967196 0 0.995312 0 0 1 0 0 -0.995312 0 0.0967196 0 -3054.55 0 179.311 1 0
0.0967196 0 0.995312 0 0 1 0 0 -0.995312 0 0.0967196 0 -3054.55 0 179.311 1 0
0.0967196 0 0.995312 0 0 1 0 0 -0.995312 0 0.0967196 0 -3054.55 0 179.311 1 0
0.0967196 0 0.995312 0 0 1 0 0 -0.995312 0 0.0967196 0 -3054.55 0 179.311 1 0
0.0967196 0 0.995312 0 0 1 0 0 -0.995312 0 0.0967196 0 -3054.55 0 179.311 1 0
0.0967196 0 0.995312 0 0 1 0 0 -0.995312 0 0.0967196 0 -3054.55 0 179.311 1 0
0.0967196 0 0.995312 0 0 1 0 0 -0.995312 0 0.0967196 0 -3054.55 0 179.311 1 0
0.0967196 0 0.995312 0 0 1 0 0 -0.995312 0 0.0967196 0 -3054.55 0 179.311 1 0
0.0967196 0 0.995312 0 0 1 0 0 -0.995312 0 0.0967196 0 -3054.55 0 179.311 1 0
0.0967196 0 0.995312 0 0 1 0 0 -0.995312 0 0.0967196 0 -3054.55 0 179.311 1 0
0.0967196 0 0.995312 0 0 1 0 0 -0.995312 0 0.0967196 0 -3054.55 0 179.311 1 0
0.0967196 0 0.995312 0 0 1 0 0 -0.995312 0 0.0967196 0 -3054.55 0 179.311 1 0
0.0967196 0 0.995312 0 0 1 0 0 -0.995312 0 0.0967196 0 -3054.55 0 179.311 1 0
0.0967196 0 0.995312 0 0 1 0 0 -0.995312 0 0.0967196 0 -3054.55 0 179.311 1 0
0.0967196 0 0.995312 0 0 1 0 0 -0.995312 0 0.0967196 0 -3054.55 0 179.311 1 0
0.0967196 0 0.995312 0 0 1 0 0 -0.995312 0 0.0967196 0 -3054.55 0 179.311 1 0
0.0967196 0 0.995312 0 0 1 0 0 -0.995312 0 0.0967196 0 -3054.55 0 179.311 1 0
0.0967196 0 0.995312 0 0 1 0 0 -0.995312 0 0.0967196 0 -3054.55 0 179.311 1 0
0.0967196 0 0.995312 0 0 1 0 0 -0.995312 0 0.0967196 0 -3054.55 0 179.311 1 0
0.0967196 0 0.995312 0 0 1 0 0 -0.995312 0 0.0967196 0 -3054.55 0 179.311 1 0
0.0967196 0 0.995312 0 0 1 0 0 -0.995312 0 0.0967196 0 -3054.55 0 179.311 1 0
0.0967196 0 0.995312 0 0 1 0 0 -0.995312 0 0.0967196 0 -3054.55 0 179.311 1 0
0.0967196 0 0.995312 0 0 1 0 0 -0.995312 0 0.0967196 0 -3054.55 0 179.311 1 0
0.0967196 0 0.995312 0 0 1 0 0 -0.995312 0 0.0967196 0 -3054.55 0 179.311 1 0
0.0967196 0 0.995312 0 0 1 0 0 -0.995312 0 0.0967196 0 -3054.55 0 179.311 1 0
0.0967196 0 0.995312 0 0 1 0 0 -0.995312 0 0.0967196 0 -3054.55 0 179.311 1 0
0.0967196 0 0.995312 0 0 1 0 0 -0.995312 0 0.0967196 0 -3054.55 0 179.311 1 0
0.0967196 0 0.995312 0 0 1 0 0 -0.995312 0 0.0967196 0 -3054.55 0 179.311 1 0
0.0967196 0 0.995312 0 0 1 0 0 -0.995312 0 0.0967196 0 -3054.55 0 179.311 1 0
0.0967196 0 0.995312 0 0 1 0 0 -0.995312 0 0.0967196 0 -3054.55 0 179.311 1 0
0.0967196 0 0.995312 0 0 1 0 0 -0.995312 0 0.0967196 0 -3054.55 0 179.311 1 0
0.0967196 0 0.995312 0 0 1 0 0 -0.995312 0 0.0967196 0 -3054.55 0 179.311 1 0
0.0967196 0 0.995312 0 0 1 0 0 -0.995312 0 0.0967196 0 -3054.55 0 179.311 1 0
0.0967196 0 0.995312 0 0 1 0 0 -0.995312 0 0.0967196 0 -3054.55 0 179.311 1 0
0.0967196 0 0.995312 0 0 1 0 0 -0.995312 0 0.0967196 0 -3054.55 0 179.311 1 0
0.0967196 0 0.995312 0 0 1 0 0 -0.995312 0 0.0967196 0 -3054.55 0 179.311 1 0
0.0967196 0 0.995312 0 0 1 0 0 -0.995312 0 0.0967196 0 -3054.55 0 179.311 1 0
0.0967196 0 0.995312 0 0 1 0 0 -0.995312 0 0.0967196 0 -3054.55 0 179.311 1 0
0.0967196 0 0.995312 0 0 1 0 0 -0.995312 0 0.0967196 0 -3054.55 0 179.311 1 0
0.113128 -0.0632897 0.991563 0 0.0151716 0.997963 0.0619673 0 -0.993465 0.00803335 0.113857 0 -2792.74 -57.6347 1245.23 1 1
0.120685 -0.0562711 0.991095 0 0.0175965 0.998356 0.0545407 0 -0.992535 0.0108576 0.121476 0 -2802.31 -61.885 1316.03 1 1
0.120685 -0.0562711 0.991095 0 0.0175965 0.998356 0.0545407 0 -0.992535 0.0108576 0.121476 0 -2802.31 -61.885 1316.03 1 2
0.120685 -0.0562711 0.991095 0 0.0175965 0.998356 0.0545407 0 -0.992535 0.0108576 0.121476 0 -2802.31 -61.885 1316.03 1 2
0.120685 -0.0562711 0.991095 0 0.0175965 0.998356 0.0545407 0 -0.992535 0.0108576 0.121476 0 -2802.31 -61.885 1316.03 1 2
0.120685 -0.0562711 0.991095 0 0.0175965 0.998356 0.0545407 0 -0.992535 0.0108576 0.121476 0 -2802.31 -61.885 1316.03 1 2
0.120685 -0.0562711 0.991095 0 0.0175965 0.998356 0.0545407 0 -0.992535 0.0108576 0.121476 0 -2802.31 -61.885 1316.03 1 2
0.120685 -0.0562711 0.991095 0 0.0175965 0.998356 0.0545407 0 -0.992535 0.0108576 0.121476 0 -2802.31 -61.885 1316.03 1 2
0.120685 -0.0562711 0.991095 0 0.0175965 0.998356 0.0545407 0 -0.992535 0.0108576 0.121476 0 -2802.31 -61.885 1316.03 1 2
0.120685 -0.0562711 0.991095 0 0.0175965 0.998356 0.0545407 0 -0.992535 0.0108576 0.121476 0 -2802.31 -61.885 1316.03 1 2
0.120685 -0.0562711 0.991095 0 0.0175965 0.998356 0.0545407 0 -0.992535 0.0108576 0.121476 0 -2802.31 -61.885 1316.03 1 2
0.120685 -0.0562711 0.991095 0 0.0175965 0.998356 0.0545407 0 -0.992535 0.0108576 0.121476 0 -2802.31 -61.885 1316.03 1 2
0.120685 -0.0562711 0.991095 0 0.0175965 0.998356 0.0545407 0 -0.992535 0.0108576 0.121476 0 -2802.31 -61.885 1316.03 1 2
0.120685 -0.0562711 0.991095 0 0.0175965 0.998356 0.0545407 0 -0.992535 0.0108576 0.121476 0 -2802.31 -61.885 1316.03 1 2
0.120685 -0.0562711 0.991095 0 0.0175965 0.998356 0.0545407 0 -0.992535 0.0108576 0.121476 0 -2802.31 -61.885 1316.03 1 2
0.120685 -0.0562711 0.991095 0 0.0175965 0.998356 0.0545407 0 -0.992535 0.0108576 0.121476 0 -2802.31 -61.885 1316.03 1 2
0.120685 -0.0562711 0.991095 0 0.0175965 0.998356 0.0545407 0 -0.992535 0.0108576 0.121476 0 -2802.31 -61.885 1316.03 1 2
0.120685 -0.0562711 0.991095 0 0.0175965 0.998356 0.0545407 0 -0.992535 0.0108576 0.121476 0 -2802.31 -61.885 1316.03 1 2
0.120685 -0.0562711 0.991095 0 0.0175965 0.998356 0.0545407 0 -0.992535 0.0108576 0.121476 0 -2802.31 -61.885 1316.03 1 2
0.120685 -0.0562711 0.991095 0 0.0175965 0.998356 0.0545407 0 -0.992535 0.0108576 0.121476 0 -2802.31 -61.885 1316.03 1 2
0.120685 -0.0562711 0.991095 0 0.0175965 0.998356 0.0545407 0 -0.992535 0.0108576 0.121476 0 -2802.31 -61.885 1316.03 1 2
0.120685 -0.0562711 0.991095 0 0.0175965 0.998356 0.0545407 0 -0.992535 0.0108576 0.121476 0 -2802.31 -61.885 1316.03 1 2
0.120685 -0.0562711 0.991095 0 0.0175965 0.998356 0.0545407 0 -0.992535 0.0108576 0.121476 0 -2802.31 -61.885 1316.03 1 2
0.120685 -0.0562711 0.991095 0 0.0175965 0.998356 0.0545407 0 -0.992535 0.0108576 0.121476 0 -2802.31 -61.885 1316.03 1 2
0.120685 -0.0562711 0.991095 0 0.0175965 0.998356 0.0545407 0 -0.992535 0.0108576 0.121476 0 -2802.31 -61.885 1316.03 1 2
0.120685 -0.0562711 0.991095 0 0.0175965 0.998356 0.0545407 0 -0.992535 0.0108576 0.121476 0 -2802.31 -61.885 1316.03 1 2
0.120685 -0.0562711 0.991095 0 0.0175965 0.998356 0.0545407 0 -0.992535 0.0108576 0.121476 0 -2802.31 -61.885 1316.03 1 2
0.120685 -0.0562711 0.991095 0 0.0175965 0.998356 0.0545407 0 -0.992535 0.0108576 0.121476 0 -2802.31 -61.885 1316.03 1 2
0.120685 -0.0562711 0.991095 0 0.0175965 0.998356 0.0545407 0 -0.992535 0.0108576 0.121476 0 -2802.31 -61.885 1316.03 1 2
0.120685 -0.0562711 0.991095 0 0.0175965 0.998356 0.0545407 0 -0.992535 0.0108576 0.121476 0 -2802.31 -61.885 1316.03 1 2
0.120685 -0.0562711 0.991095 0 0.0175965 0.998356 0.0545407 0 -0.992535 0.0108576 0.121476 0 -2802.31 -61.885 1316.03 1 2
0.120685 -0.0562711 0.991095 0 0.0175965 0.998356 0.0545407 0 -0.992535 0.0108576 0.121476 0 -2802.31 -61.885 1316.03 1 2
0.120685 -0.0562711 0.991095 0 0.0175965 0.998356 0.0545407 0 -0.992535 0.0108576 0.121476 0 -2802.31 -61.885 1316.03 1 2
0.120685 -0.0562711 0.991095 0 0.0175965 0.998356 0.0545407 0 -0.992535 0.0108576 0.121476 0 -2802.31 -61.885 1316.03 1 2
0.120685 -0.0562711 0.991095 0 0.0175965 0.998356 0.0545407 0 -0.992535 0.0108576 0.121476 0 -2802.31 -61.885 1316.03 1 2
0.120685 -0.0562711 0.991095 0 0.0175965 0.998356 0.0545407 0 -0.992535 0.0108576 0.121476 0 -2802.31 -61.885 1316.03 1 2
0.120685 -0.0562711 0.991095 0 0.0175965 0.998356 0.0545407 0 -0.992535 0.0108576 0.121476 0 -2802.31 -61.885 1316.03 1 2
0.120685 -0.0562711 0.991095 0 0.0175965 0.998356 0.0545407 0 -0.992535 0.0108576 0.121476 0 -2802.31 -61.885 1316.03 1 2
0.120685 -0.0562711 0.991095 0 0.0175965 0.998356 0.0545407 0 -0.992535 0.0108576 0.121476 0 -2802.31 -61.885 1316.03 1 2
0.120685 -0.0562711 0.991095 0 0.0175965 0.998356 0.0545407 0 -0.992535 0.0108576 0.121476 0 -2802.31 -61.885 1316.03 1 2
0.120685 -0.0562711 0.991095 0 0.0175965 0.998356 0.0545407 0 -0.992535 0.0108576 0.121476 0 -2802.31 -61.885 1316.03 1 2
0.120685 -0.0562711 0.991095 0 0.0175965 0.998356 0.0545407 0 -0.992535 0.0108576 0.121476 0 -2802.31 -61.885 1316.03 1 2
0.120685 -0.0562711 0.991095 0 0.0175965 0.998356 0.0545407 0 -0.992535 0.0108576 0.121476 0 -2802.31 -61.885 1316.03 1 2
0.120685 -0.0562711 0.991095 0 0.0175965 0.998356 0.0545407 0 -0.992535 0.0108576 0.121476 0 -2802.31 -61.885 1316.03 1 2
0.120685 -0.0562711 0.991095 0 0.0175965 0.998356 0.0545407 0 -0.992535 0.0108576 0.121476 0 -2802.31 -61.885 1316.03 1 2
0.120685 -0.0562711 0.991095 0 0.0175965 0.998356 0.0545407 0 -0.992535 0.0108576 0.121476 0 -2802.31 -61.885 1316.03 1 2
0.120685 -0.0562711 0.991095 0 0.0175965 0.998356 0.0545407 0 -0.992535 0.0108576 0.121476 0 -2802.31 -61.885 1316.03 1 2
0.120685 -0.0562711 0.991095 0 0.0175965 0.998356 0.0545407 0 -0.992535 0.0108576 0.121476 0 -2802.31 -61.885 1316.03 1 2
0.120685 -0.0562711 0.991095 0 0.0175965 0.998356 0.0545407 0 -0.992535 0.0108576 0.121476 0 -2802.31 -61.885 1316.03 1 2
0.120685 -0.0562711 0.991095 0 0.0175965 0.998356 0.0545407 0 -0.992535 0.0108576 0.121476 0 -2802.31 -61.885 1316.03 1 2
0.120685 -0.0562711 0.991095 0 0.0175965 0.998356 0.0545407 0 -0.992535 0.0108576 0.121476 0 -2802.31 -61.885 1316.03 1 2
0.120685 -0.0562711 0.991095 0 0.0175965 0.998356 0.0545407 0 -0.992535 0.0108576 0.121476 0 -2802.31 -61.885 1316.03 1 2
0.120685 -0.0562711 0.991095 0 0.0175965 0.998356 0.0545407 0 -0.992535 0.0108576 0.121476 0 -2802.31 -61.885 1316.03 1 2
0.120685 -0.0562711 0.991095 0 0.0175965 0.998356 0.0545407 0 -0.992535 0.0108576 0.121476 0 -2802.31 -61.885 1316.03 1 2
0.120685 -0.0562711 0.991095 0 0.0175965 0.998356 0.0545407 0 -0.992535 0.0108576 0.121476 0 -2802.31 -61.885 1316.03 1 2
0.120685 -0.0562711 0.991095 0 0.0175965 0.998356 0.0545407 0 -0.992535 0.0108576 0.121476 0 -2802.31 -61.885 1316.03 1 2
0.120685 -0.0562711 0.991095 0 0.0175965 0.998356 0.0545407 0 -0.992535 0.0108576 0.121476 0 -2802.31 -61.885 1316.03 1 2
0.120685 -0.0562711 0.991095 0 0.0175965 0.998356 0.0545407 0 -0.992535 0.0108576 0.121476 0 -2802.31 -61.885 1316.03 1 2
0.120685 -0.0562711 0.991095 0 0.0175965 0.998356 0.0545407 0 -0.992535 0.0108576 0.121476 0 -2802.31 -61.885 1316.03 1 2
0.120685 -0.0562711 0.991095 0 0.0175965 0.998356 0.0545407 0 -0.992535 0.0108576 0.121476 0 -2802.31 -61.885 1316.03 1 2
0.120685 -0.0562711 0.991095 0 0.0175965 0.998356 0.0545407 0 -0.992535 0.0108576 0.121476 0 -2802.31 -61.885 1316.03 1 2
0.120685 -0.0562711 0.991095 0 0.0175965 0.998356 0.0545407 0 -0.992535 0.0108576 0.121476 0 -2802.31 -61.885 1316.03 1 2
0.120685 -0.0562711 0.991095 0 0.0175965 0.998356 0.0545407 0 -0.992535 0.0108576 0.121476 0 -2802.31 -61.885 1316.03 1 2
0.120685 -0.0562711 0.991095 0 0.0175965 0.998356 0.0545407 0 -0.992535 0.0108576 0.121476 0 -2802.31 -61.885 1316.03 1 2
0.120685 -0.0562711 0.991095 0 0.0175965 0.998356 0.0545407 0 -0.992535 0.0108576 0.121476 0 -2802.31 -61.885 1316.03 1 2
0.120685 -0.0562711 0.991095 0 0.0175965 0.998356 0.0545407 0 -0.992535 0.0108576 0.121476 0 -2802.31 -61.885 1316.03 1 2
0.120685 -0.0562711 0.991095 0 0.0175965 0.998356 0.0545407 0 -0.992535 0.0108576 0.121476 0 -2802.31 -61.885 1316.03 1 2
0.120685 -0.0562711 0.991095 0 0.0175965 0.998356 0.0545407 0 -0.992535 0.0108576 0.121476 0 -2802.31 -61.885 1316.03 1 2
0.120685 -0.0562711 0.991095 0 0.0175965 0.998356 0.0545407 0 -0.992535 0.0108576 0.121476 0 -2802.31 -61.885 1316.03 1 2
0.120685 -0.0562711 0.991095 0 0.0175965 0.998356 0.0545407 0 -0.992535 0.0108576 0.121476 0 -2802.31 -61.885 1316.03 1 2
0.120685 -0.0562711 0.991095 0 0.0175965 0.998356 0.0545407 0 -0.992535 0.0108576 0.121476 0 -2802.31 -61.885 1316.03 1 2
0.120685 -0.0562711 0.991095 0 0.0175965 0.998356 0.0545407 0 -0.992535 0.0108576 0.121476 0 -2802.31 -61.885 1316.03 1 2
0.120685 -0.0562711 0.991095 0 0.0175965 0.998356 0.0545407 0 -0.992535 0.0108576 0.121476 0 -2802.31 -61.885 1316.03 1 2
0.120685 -0.0562711 0.991095 0 0.0175965 0.998356 0.0545407 0 -0.992535 0.0108576 0.121476 0 -2802.31 -61.885 1316.03 1 2
0.120685 -0.0562711 0.991095 0 0.0175965 0.998356 0.0545407 0 -0.992535 0.0108576 0.121476 0 -2802.31 -61.885 1316.03 1 2
0.120685 -0.0562711 0.991095 0 0.0175965 0.998356 0.0545407 0 -0.992535 0.0108576 0.121476 0 -2802.31 -61.885 1316.03 1 2
0.120685 -0.0562711 0.991095 0 0.0175965 0.998356 0.0545407 0 -0.992535 0.0108576 0.121476 0 -2802.31 -61.885 1316.03 1 2
0.120685 -0.0562711 0.991095 0 0.0175965 0.998356 0.0545407 0 -0.992535 0.0108576 0.121476 0 -2802.31 -61.885 1316.03 1 2
0.120685 -0.0562711 0.991095 0 0.0175965 0.998356 0.0545407 0 -0.992535 0.0108576 0.121476 0 -2802.31 -61.885 1316.03 1 2
0.120685 -0.0562711 0.991095 0 0.0175965 0.998356 0.0545407 0 -0.992535 0.0108576 0.121476 0 -2802.31 -61.885 1316.03 1 2
0.120685 -0.0562711 0.991095 0 0.0175965 0.998356 0.0545407 0 -0.992535 0.0108576 0.121476 0 -2802.31 -61.885 1316.03 1 2
0.120685 -0.0562711 0.991095 0 0.0175965 0.998356 0.0545407 0 -0.992535 0.0108576 0.121476 0 -2802.31 -61.885 1316.03 1 2
0.120685 -0.0562711 0.991095 0 0.0175965 0.998356 0.0545407 0 -0.992535 0.0108576 0.121476 0 -2802.31 -61.885 1316.03 1 2
0.120685 -0.0562711 0.991095 0 0.0175965 0.998356 0.0545407 0 -0.992535 0.0108576 0.121476 0 -2802.31 -61.885 1316.03 1 2
0.120685 -0.0562711 0.991095 0 0.0175965 0.998356 0.0545407 0 -0.992535 0.0108576 0.121476 0 -2802.31 -61.885 1316.03 1 2
0.120685 -0.0562711 0.991095 0 0.0175965 0.998356 0.0545407 0 -0.992535 0.0108576 0.121476 0 -2802.31 -61.885 1316.03 1 2
0.120685 -0.0562711 0.991095 0 0.0175965 0.998356 0.0545407 0 -0.992535 0.0108576 0.121476 0 -2802.31 -61.885 1316.03 1 2
0.120685 -0.0562711 0.991095 0 0.0175965 0.998356 0.0545407 0 -0.992535 0.0108576 0.121476 0 -2802.31 -61.885 1316.03 1 2
0.124367 -0.0588125 0.990492 0 0.00563808 0.998268 0.0585663 0 -0.99222 -0.00169925 0.124483 0 -2797.75 -94.3578 1324.82 1 3
0.127811 -0.0588111 0.990053 0 -0.00473207 0.998193 0.0599055 0 -0.991787 -0.0123416 0.127302 0 -2793.73 -119.007 1332.03 1 3
0.130585 -0.0578821 0.989746 0 -0.0130571 0.998107 0.0600938 0 -0.991351 -0.0207706 0.129582 0 -2790.48 -137.4 1337.35 1 3
0.133098 -0.0555537 0.989545 0 -0.0193176 0.998093 0.0586319 0 -0.990915 -0.0269194 0.131771 0 -2787.9 -150.496 1342.59 1 3
0.135512 -0.0529412 0.98936 0 -0.0225401 0.998148 0.0564988 0 -0.990519 -0.0299565 0.134068 0 -2786.46 -157.473 1347.92 1 3
0.138309 -0.0512178 0.989064 0 -0.0216216 0.998268 0.0547179 0 -0.990153 -0.0289532 0.136962 0 -2786.4 -155.73 1353.91 1 3
0.141124 -0.0483586 0.98881 0 -0.0192968 0.998482 0.0515857 0 -0.989804 -0.0263609 0.139976 0 -2786.53 -150.597 1360.93 1 3
0.143695 -0.0462222 0.988542 0 -0.0158173 0.998674 0.0489952 0 -0.989496 -0.0226765 0.142774 0 -2787.35 -143.681 1367.83 1 3
0.146313 -0.0438511 0.988266 0 -0.0112349 0.998879 0.0459854 0 -0.989174 -0.0178313 0.145657 0 -2787.98 -134.278 1375.44 1 3
0.149092 -0.04218 0.987923 0 -0.00637619 0.999028 0.0436164 0 -0.988803 -0.012802 0.148678 0 -2788.52 -124.48 1383.03 1 3
0.151598 -0.0410863 0.987588 0 -0.00198942 0.999121 0.0418715 0 -0.98844 -0.00831237 0.151383 0 -2789.49 -115.886 1389.29 1 3
0.153778 -0.0405155 0.987274 0 0.00160167 0.999168 0.0407541 0 -0.988104 -0.00468582 0.153715 0 -2790.6 -109.165 1394.44 1 3
0.155372 -0.0402519 0.987036 0 0.00450993 0.999188 0.0400375 0 -0.987846 -0.00176924 0.155427 0 -2791.78 -103.511 1397.99 1 3
0.156799 -0.0404577 0.986802 0 0.00656563 0.999181 0.039922 0 -0.987609 0.000219264 0.156936 0 -2792.64 -99.8705 1400.76 1 3
0.158547 -0.0405275 0.986519 0 0.00801181 0.999177 0.0397599 0 -0.987319 0.00160001 0.158741 0 -2793 -97.4296 1403.95 1 3
0.160409 -0.0406518 0.986213 0 0.0091 0.99917 0.0397057 0 -0.987009 0.00260538 0.160646 0 -2792.96 -95.4841 1407.56 1 3
0.162511 -0.0407987 0.985863 0 0.0102456 0.999161 0.0396601 0 -0.986654 0.00365561 0.162793 0 -2792.4 -93.487 1411.68 1 3
0.164766 -0.0403486 0.985507 0 0.011052 0.999176 0.0390605 0 -0.986271 0.00445596 0.165076 0 -2792.9 -91.6592 1417.09 1 3
0.166844 -0.0401662 0.985165 0 0.0119482 0.999179 0.0387141 0 -0.985911 0.00531172 0.167187 0 -2793.03 -89.6332 1421.9 1 3
0.168596 -0.0399743 0.984874 0 0.0127442 0.999182 0.0383734 0 -0.985603 0.00608187 0.168968 0 -2793.24 -87.764 1425.77 1 3
0.170026 -0.0398833 0.984632 0 0.0135151 0.999181 0.0381389 0 -0.985347 0.00682275 0.170426 0 -2793.39 -86.1842 1428.89 1 3
0.171133 -0.0398468 0.984442 0 0.0139478 0.99918 0.0380186 0 -0.985149 0.00722458 0.171548 0 -2793.61 -85.2793 1430.98 1 3
0.172065 -0.0399468 0.984275 0 0.0143609 0.999173 0.0380409 0 -0.984981 0.00758959 0.172496 0 -2793.76 -84.6788 1432.58 1 3
0.17261 -0.0400951 0.984174 0 0.0146768 0.999165 0.0381317 0 -0.984881 0.00786263 0.173054 0 -2794.17 -84.2382 1433.27 1 3
0.173056 -0.0402122 0.984091 0 0.0149887 0.999158 0.038192 0 -0.984798 0.00814086 0.173513 0 -2794.46 -83.7651 1433.69 1 3
0.173447 -0.0403395 0.984017 0 0.0153493 0.99915 0.0382544 0 -0.984724 0.00846886 0.173919 0 -2794.8 -83.0583 1433.87 1 3
0.173762 -0.0404852 0.983955 0 0.0156499 0.999142 0.0383464 0 -0.984663 0.00873568 0.174247 0 -2795.1 -82.5174 1433.9 1 3
0.17406 -0.0405683 0.983899 0 0.0160306 0.999135 0.0383606 0 -0.984605 0.00909544 0.17456 0 -2795.37 -81.7934 1433.94 1 3
0.174471 -0.0407553 0.983819 0 0.0162507 0.999126 0.0385076 0 -0.984528 0.00926924 0.174981 0 -2795.39 -81.354 1434.16 1 3
0.174683 -0.040651 0.983785 0 0.0162583 0.99913 0.0383983 0 -0.984491 0.00928712 0.175192 0 -2795.51 -80.7601 1434.82 1 3
0.174837 -0.0406251 0.983759 0 0.0162184 0.999132 0.0383775 0 -0.984464 0.00924517 0.175344 0 -2795.73 -80.4661 1435.02 1 3
0.17489 -0.0406581 0.983748 0 0.0162181 0.99913 0.0384106 0 -0.984454 0.00923687 0.175397 0 -2795.98 -80.3262 1434.88 1 3
0.174933 -0.0406807 0.98374 0 0.0161756 0.99913 0.0384407 0 -0.984447 0.00918798 0.175439 0 -2796.1 -80.3607 1434.64 1 3
0.174931 -0.0406557 0.983741 0 0.0161019 0.999132 0.0384285 0 -0.984449 0.00911773 0.175434 0 -2796.21 -80.4977 1434.41 1 3
0.174905 -0.0406589 0.983745 0 0.0160583 0.999132 0.0384397 0 -0.984454 0.00907399 0.175406 0 -2796.35 -80.6131 1434.02 1 3
0.174557 -0.0412032 0.983785 0 0.0156316 0.999114 0.0390717 0 -0.984523 0.0085579 0.175046 0 -2797.04 -81.9778 1432.64 1 3
0.174247 -0.0416261 0.983822 0 0.015393 0.999099 0.0395462 0 -0.984582 0.00825317 0.174731 0 -2797.63 -82.7212 1431.4 1 3
0.174095 -0.0418923 0.983837 0 0.0151982 0.99909 0.0398524 0 -0.984612 0.00801446 0.174573 0 -2797.98 -83.2578 1430.71 1 3
0.174083 -0.0420367 0.983833 0 0.0150888 0.999085 0.0400185 0 -0.984615 0.00787835 0.174558 0 -2798.18 -83.5677 1430.35 1 3
0.174192 -0.0421345 0.98381 0 0.0150404 0.999081 0.0401255 0 -0.984597 0.00780737 0.174665 0 -2798.28 -83.6614 1430.24 1 3
0.174291 -0.042274 0.983786 0 0.0149995 0.999076 0.0402736 0 -0.98458 0.00773701 0.174764 0 -2798.23 -83.887 1430.2 1 3
0.174365 -0.0423142 0.983772 0 0.0149643 0.999075 0.0403201 0 -0.984567 0.00769108 0.174837 0 -2798.18 -84.0079 1430.14 1 3
0.174475 -0.0423406 0.983751 0 0.0149246 0.999074 0.0403532 0 -0.984549 0.00764145 0.174945 0 -2798.03 -84.142 1430.25 1 3
0.174539 -0.0423769 0.983738 0 0.0149053 0.999073 0.0403929 0 -0.984538 0.00761274 0.175008 0 -2797.97 -84.2646 1430.27 1 3
0.174549 -0.0424221 0.983734 0 0.0148696 0.999071 0.040445 0 -0.984536 0.00756805 0.175018 0 -2797.96 -84.4269 1430.22 1 3
