0.622341 0 0.782746 0 0 1 0 0 -0.782746 0 0.622341 0 -378.724 0 196.176 1 0
0.622341 0 0.782746 0 0 1 0 0 -0.782746 0 0.622341 0 -378.724 0 196.176 1 0
0.622341 0 0.782746 0 0 1 0 0 -0.782746 0 0.622341 0 -378.724 0 196.176 1 0
0.622341 0 0.782746 0 0 1 0 0 -0.782746 0 0.622341 0 -378.724 0 196.176 1 0
0.622341 0 0.782746 0 0 1 0 0 -0.782746 0 0.622341 0 -378.724 0 196.176 1 0
0.622341 0 0.782746 0 0 1 0 0 -0.782746 0 0.622341 0 -378.724 0 196.176 1 0
0.622341 0 0.782746 0 0 1 0 0 -0.782746 0 0.622341 0 -378.724 0 196.176 1 0
0.622341 0 0.782746 0 0 1 0 0 -0.782746 0 0.622341 0 -378.724 0 196.176 1 0
0.617798 -0.0233343 0.78599 0 0.0142907 0.999728 0.018447 0 -0.786207 -0.000164161 0.617964 0 -302.935 -4.35202 275.117 1 1
0.623287 -0.0130675 0.781884 0 0.0114808 0.999906 0.00755925 0 -0.781909 0.00426509 0.623378 0 -279.586 1.1309 323.555 1 1
0.623287 -0.0130675 0.781884 0 0.0114808 0.999906 0.00755925 0 -0.781909 0.00426509 0.623378 0 -279.586 1.1309 323.555 1 2
0.623287 -0.0130675 0.781884 0 0.0114808 0.999906 0.00755925 0 -0.781909 0.00426509 0.623378 0 -279.586 1.1309 323.555 1 2
0.623287 -0.0130675 0.781884 0 0.0114808 0.999906 0.00755925 0 -0.781909 0.00426509 0.623378 0 -279.586 1.1309 323.555 1 2
0.623287 -0.0130675 0.781884 0 0.0114808 0.999906 0.00755925 0 -0.781909 0.00426509 0.623378 0 -279.586 1.1309 323.555 1 2
0.623287 -0.0130675 0.781884 0 0.0114808 0.999906 0.00755925 0 -0.781909 0.00426509 0.623378 0 -279.586 1.1309 323.555 1 2
0.623287 -0.0130675 0.781884 0 0.0114808 0.999906 0.00755925 0 -0.781909 0.00426509 0.623378 0 -279.586 1.1309 323.555 1 2
0.623287 -0.0130675 0.781884 0 0.0114808 0.999906 0.00755925 0 -0.781909 0.00426509 0.623378 0 -279.586 1.1309 323.555 1 2
0.623287 -0.0130675 0.781884 0 0.0114808 0.999906 0.00755925 0 -0.781909 0.00426509 0.623378 0 -279.586 1.1309 323.555 1 2
0.623287 -0.0130675 0.781884 0 0.0114808 0.999906 0.00755925 0 -0.781909 0.00426509 0.623378 0 -279.586 1.1309 323.555 1 2
0.623287 -0.0130675 0.781884 0 0.0114808 0.999906 0.00755925 0 -0.781909 0.00426509 0.623378 0 -279.586 1.1309 323.555 1 2
0.623287 -0.0130675 0.781884 0 0.0114808 0.999906 0.00755925 0 -0.781909 0.00426509 0.623378 0 -279.586 1.1309 323.555 1 2
0.623287 -0.0130675 0.781884 0 0.0114808 0.999906 0.00755925 0 -0.781909 0.00426509 0.623378 0 -279.586 1.1309 323.555 1 2
0.623287 -0.0130675 0.781884 0 0.0114808 0.999906 0.00755925 0 -0.781909 0.00426509 0.623378 0 -279.586 1.1309 323.555 1 2
0.623287 -0.0130675 0.781884 0 0.0114808 0.999906 0.00755925 0 -0.781909 0.00426509 0.623378 0 -279.586 1.1309 323.555 1 2
0.623287 -0.0130675 0.781884 0 0.0114808 0.999906 0.00755925 0 -0.781909 0.00426509 0.623378 0 -279.586 1.1309 323.555 1 2
0.623287 -0.0130675 0.781884 0 0.0114808 0.999906 0.00755925 0 -0.781909 0.00426509 0.623378 0 -279.586 1.1309 323.555 1 2
0.623287 -0.0130675 0.781884 0 0.0114808 0.999906 0.00755925 0 -0.781909 0.00426509 0.623378 0 -279.586 1.1309 323.555 1 2
0.623287 -0.0130675 0.781884 0 0.0114808 0.999906 0.00755925 0 -0.781909 0.00426509 0.623378 0 -279.586 1.1309 323.555 1 2
0.623287 -0.0130675 0.781884 0 0.0114808 0.999906 0.00755925 0 -0.781909 0.00426509 0.623378 0 -279.586 1.1309 323.555 1 2
0.623287 -0.0130675 0.781884 0 0.0114808 0.999906 0.00755925 0 -0.781909 0.00426509 0.623378 0 -279.586 1.1309 323.555 1 2
0.623287 -0.0130675 0.781884 0 0.0114808 0.999906 0.00755925 0 -0.781909 0.00426509 0.623378 0 -279.586 1.1309 323.555 1 2
0.623287 -0.0130675 0.781884 0 0.0114808 0.999906 0.00755925 0 -0.781909 0.00426509 0.623378 0 -279.586 1.1309 323.555 1 2
0.623287 -0.0130675 0.781884 0 0.0114808 0.999906 0.00755925 0 -0.781909 0.00426509 0.623378 0 -279.586 1.1309 323.555 1 2
0.623287 -0.0130675 0.781884 0 0.0114808 0.999906 0.00755925 0 -0.781909 0.00426509 0.623378 0 -279.586 1.1309 323.555 1 2
0.623287 -0.0130675 0.781884 0 0.0114808 0.999906 0.00755925 0 -0.781909 0.00426509 0.623378 0 -279.586 1.1309 323.555 1 2
0.623287 -0.0130675 0.781884 0 0.0114808 0.999906 0.00755925 0 -0.781909 0.00426509 0.623378 0 -279.586 1.1309 323.555 1 2
0.623287 -0.0130675 0.781884 0 0.0114808 0.999906 0.00755925 0 -0.781909 0.00426509 0.623378 0 -279.586 1.1309 323.555 1 2
0.623287 -0.0130675 0.781884 0 0.0114808 0.999906 0.00755925 0 -0.781909 0.00426509 0.623378 0 -279.586 1.1309 323.555 1 2
0.623287 -0.0130675 0.781884 0 0.0114808 0.999906 0.00755925 0 -0.781909 0.00426509 0.623378 0 -279.586 1.1309 323.555 1 2
0.623287 -0.0130675 0.781884 0 0.0114808 0.999906 0.00755925 0 -0.781909 0.00426509 0.623378 0 -279.586 1.1309 323.555 1 2
0.623287 -0.0130675 0.781884 0 0.0114808 0.999906 0.00755925 0 -0.781909 0.00426509 0.623378 0 -279.586 1.1309 323.555 1 2
0.623287 -0.0130675 0.781884 0 0.0114808 0.999906 0.00755925 0 -0.781909 0.00426509 0.623378 0 -279.586 1.1309 323.555 1 2
0.623287 -0.0130675 0.781884 0 0.0114808 0.999906 0.00755925 0 -0.781909 0.00426509 0.623378 0 -279.586 1.1309 323.555 1 2
0.623287 -0.0130675 0.781884 0 0.0114808 0.999906 0.00755925 0 -0.781909 0.00426509 0.623378 0 -279.586 1.1309 323.555 1 2
0.623287 -0.0130675 0.781884 0 0.0114808 0.999906 0.00755925 0 -0.781909 0.00426509 0.623378 0 -279.586 1.1309 323.555 1 2
0.623287 -0.0130675 0.781884 0 0.0114808 0.999906 0.00755925 0 -0.781909 0.00426509 0.623378 0 -279.586 1.1309 323.555 1 2
0.623287 -0.0130675 0.781884 0 0.0114808 0.999906 0.00755925 0 -0.781909 0.00426509 0.623378 0 -279.586 1.1309 323.555 1 2
0.623287 -0.0130675 0.781884 0 0.0114808 0.999906 0.00755925 0 -0.781909 0.00426509 0.623378 0 -279.586 1.1309 323.555 1 2
0.623287 -0.0130675 0.781884 0 0.0114808 0.999906 0.00755925 0 -0.781909 0.00426509 0.623378 0 -279.586 1.1309 323.555 1 2
0.623287 -0.0130675 0.781884 0 0.0114808 0.999906 0.00755925 0 -0.781909 0.00426509 0.623378 0 -279.586 1.1309 323.555 1 2
0.623287 -0.0130675 0.781884 0 0.0114808 0.999906 0.00755925 0 -0.781909 0.00426509 0.623378 0 -279.586 1.1309 323.555 1 2
0.623287 -0.0130675 0.781884 0 0.0114808 0.999906 0.00755925 0 -0.781909 0.00426509 0.623378 0 -279.586 1.1309 323.555 1 2
0.623287 -0.0130675 0.781884 0 0.0114808 0.999906 0.00755925 0 -0.781909 0.00426509 0.623378 0 -279.586 1.1309 323.555 1 2
0.623287 -0.0130675 0.781884 0 0.0114808 0.999906 0.00755925 0 -0.781909 0.00426509 0.623378 0 -279.586 1.1309 323.555 1 2
0.623287 -0.0130675 0.781884 0 0.0114808 0.999906 0.00755925 0 -0.781909 0.00426509 0.623378 0 -279.586 1.1309 323.555 1 2
0.623287 -0.0130675 0.781884 0 0.0114808 0.999906 0.00755925 0 -0.781909 0.00426509 0.623378 0 -279.586 1.1309 323.555 1 2
0.623287 -0.0130675 0.781884 0 0.0114808 0.999906 0.00755925 0 -0.781909 0.00426509 0.623378 0 -279.586 1.1309 323.555 1 2
0.623287 -0.0130675 0.781884 0 0.0114808 0.999906 0.00755925 0 -0.781909 0.00426509 0.623378 0 -279.586 1.1309 323.555 1 2
0.623287 -0.0130675 0.781884 0 0.0114808 0.999906 0.00755925 0 -0.781909 0.00426509 0.623378 0 -279.586 1.1309 323.555 1 2
0.623287 -0.0130675 0.781884 0 0.0114808 0.999906 0.00755925 0 -0.781909 0.00426509 0.623378 0 -279.586 1.1309 323.555 1 2
0.623287 -0.0130675 0.781884 0 0.0114808 0.999906 0.00755925 0 -0.781909 0.00426509 0.623378 0 -279.586 1.1309 323.555 1 2
0.623287 -0.0130675 0.781884 0 0.0114808 0.999906 0.00755925 0 -0.781909 0.00426509 0.623378 0 -279.586 1.1309 323.555 1 2
0.623287 -0.0130675 0.781884 0 0.0114808 0.999906 0.00755925 0 -0.781909 0.00426509 0.623378 0 -279.586 1.1309 323.555 1 2
0.623287 -0.0130675 0.781884 0 0.0114808 0.999906 0.00755925 0 -0.781909 0.00426509 0.623378 0 -279.586 1.1309 323.555 1 2
0.623287 -0.0130675 0.781884 0 0.0114808 0.999906 0.00755925 0 -0.781909 0.00426509 0.623378 0 -279.586 1.1309 323.555 1 2
0.623287 -0.0130675 0.781884 0 0.0114808 0.999906 0.00755925 0 -0.781909 0.00426509 0.623378 0 -279.586 1.1309 323.555 1 2
0.623287 -0.0130675 0.781884 0 0.0114808 0.999906 0.00755925 0 -0.781909 0.00426509 0.623378 0 -279.586 1.1309 323.555 1 2
0.623287 -0.0130675 0.781884 0 0.0114808 0.999906 0.00755925 0 -0.781909 0.00426509 0.623378 0 -279.586 1.1309 323.555 1 2
0.623287 -0.0130675 0.781884 0 0.0114808 0.999906 0.00755925 0 -0.781909 0.00426509 0.623378 0 -279.586 1.1309 323.555 1 2
0.623287 -0.0130675 0.781884 0 0.0114808 0.999906 0.00755925 0 -0.781909 0.00426509 0.623378 0 -279.586 1.1309 323.555 1 2
0.623287 -0.0130675 0.781884 0 0.0114808 0.999906 0.00755925 0 -0.781909 0.00426509 0.623378 0 -279.586 1.1309 323.555 1 2
0.623287 -0.0130675 0.781884 0 0.0114808 0.999906 0.00755925 0 -0.781909 0.00426509 0.623378 0 -279.586 1.1309 323.555 1 2
0.623287 -0.0130675 0.781884 0 0.0114808 0.999906 0.00755925 0 -0.781909 0.00426509 0.623378 0 -279.586 1.1309 323.555 1 2
0.623287 -0.0130675 0.781884 0 0.0114808 0.999906 0.00755925 0 -0.781909 0.00426509 0.623378 0 -279.586 1.1309 323.555 1 2
0.623287 -0.0130675 0.781884 0 0.0114808 0.999906 0.00755925 0 -0.781909 0.00426509 0.623378 0 -279.586 1.1309 323.555 1 2
0.623287 -0.0130675 0.781884 0 0.0114808 0.999906 0.00755925 0 -0.781909 0.00426509 0.623378 0 -279.586 1.1309 323.555 1 2
0.623287 -0.0130675 0.781884 0 0.0114808 0.999906 0.00755925 0 -0.781909 0.00426509 0.623378 0 -279.586 1.1309 323.555 1 2
0.623287 -0.0130675 0.781884 0 0.0114808 0.999906 0.00755925 0 -0.781909 0.00426509 0.623378 0 -279.586 1.1309 323.555 1 2
0.623287 -0.0130675 0.781884 0 0.0114808 0.999906 0.00755925 0 -0.781909 0.00426509 0.623378 0 -279.586 1.1309 323.555 1 2
0.623287 -0.0130675 0.781884 0 0.0114808 0.999906 0.00755925 0 -0.781909 0.00426509 0.623378 0 -279.586 1.1309 323.555 1 2
0.623287 -0.0130675 0.781884 0 0.0114808 0.999906 0.00755925 0 -0.781909 0.00426509 0.623378 0 -279.586 1.1309 323.555 1 2
0.623287 -0.0130675 0.781884 0 0.0114808 0.999906 0.00755925 0 -0.781909 0.00426509 0.623378 0 -279.586 1.1309 323.555 1 2
0.623287 -0.0130675 0.781884 0 0.0114808 0.999906 0.00755925 0 -0.781909 0.00426509 0.623378 0 -279.586 1.1309 323.555 1 2
0.623287 -0.0130675 0.781884 0 0.0114808 0.999906 0.00755925 0 -0.781909 0.00426509 0.623378 0 -279.586 1.1309 323.555 1 2
0.623287 -0.0130675 0.781884 0 0.0114808 0.999906 0.00755925 0 -0.781909 0.00426509 0.623378 0 -279.586 1.1309 323.555 1 2
0.623287 -0.0130675 0.781884 0 0.0114808 0.999906 0.00755925 0 -0.781909 0.00426509 0.623378 0 -279.586 1.1309 323.555 1 2
0.623287 -0.0130675 0.781884 0 0.0114808 0.999906 0.00755925 0 -0.781909 0.00426509 0.623378 0 -279.586 1.1309 323.555 1 2
0.623287 -0.0130675 0.781884 0 0.0114808 0.999906 0.00755925 0 -0.781909 0.00426509 0.623378 0 -279.586 1.1309 323.555 1 2
0.623287 -0.0130675 0.781884 0 0.0114808 0.999906 0.00755925 0 -0.781909 0.00426509 0.623378 0 -279.586 1.1309 323.555 1 2
0.623287 -0.0130675 0.781884 0 0.0114808 0.999906 0.00755925 0 -0.781909 0.00426509 0.623378 0 -279.586 1.1309 323.555 1 2
0.623287 -0.0130675 0.781884 0 0.0114808 0.999906 0.00755925 0 -0.781909 0.00426509 0.623378 0 -279.586 1.1309 323.555 1 2
0.623287 -0.0130675 0.781884 0 0.0114808 0.999906 0.00755925 0 -0.781909 0.00426509 0.623378 0 -279.586 1.1309 323.555 1 2
0.623287 -0.0130675 0.781884 0 0.0114808 0.999906 0.00755925 0 -0.781909 0.00426509 0.623378 0 -279.586 1.1309 323.555 1 2
0.623287 -0.0130675 0.781884 0 0.0114808 0.999906 0.00755925 0 -0.781909 0.00426509 0.623378 0 -279.586 1.1309 323.555 1 2
0.623287 -0.0130675 0.781884 0 0.0114808 0.999906 0.00755925 0 -0.781909 0.00426509 0.623378 0 -279.586 1.1309 323.555 1 2
0.623287 -0.0130675 0.781884 0 0.0114808 0.999906 0.00755925 0 -0.781909 0.00426509 0.623378 0 -279.586 1.1309 323.555 1 2
0.623287 -0.0130675 0.781884 0 0.0114808 0.999906 0.00755925 0 -0.781909 0.00426509 0.623378 0 -279.586 1.1309 323.555 1 2
0.623287 -0.0130675 0.781884 0 0.0114808 0.999906 0.00755925 0 -0.781909 0.00426509 0.623378 0 -279.586 1.1309 323.555 1 2
0.623287 -0.0130675 0.781884 0 0.0114808 0.999906 0.00755925 0 -0.781909 0.00426509 0.623378 0 -279.586 1.1309 323.555 1 2
0.623287 -0.0130675 0.781884 0 0.0114808 0.999906 0.00755925 0 -0.781909 0.00426509 0.623378 0 -279.586 1.1309 323.555 1 2
0.623287 -0.0130675 0.781884 0 0.0114808 0.999906 0.00755925 0 -0.781909 0.00426509 0.623378 0 -279.586 1.1309 323.555 1 2
0.623287 -0.0130675 0.781884 0 0.0114808 0.999906 0.00755925 0 -0.781909 0.00426509 0.623378 0 -279.586 1.1309 323.555 1 2
0.623287 -0.0130675 0.781884 0 0.0114808 0.999906 0.00755925 0 -0.781909 0.00426509 0.623378 0 -279.586 1.1309 323.555 1 2
0.623287 -0.0130675 0.781884 0 0.0114808 0.999906 0.00755925 0 -0.781909 0.00426509 0.623378 0 -279.586 1.1309 323.555 1 2
0.623287 -0.0130675 0.781884 0 0.0114808 0.999906 0.00755925 0 -0.781909 0.00426509 0.623378 0 -279.586 1.1309 323.555 1 2
0.623287 -0.0130675 0.781884 0 0.0114808 0.999906 0.00755925 0 -0.781909 0.00426509 0.623378 0 -279.586 1.1309 323.555 1 2
0.623287 -0.0130675 0.781884 0 0.0114808 0.999906 0.00755925 0 -0.781909 0.00426509 0.623378 0 -279.586 1.1309 323.555 1 2
0.623287 -0.0130675 0.781884 0 0.0114808 0.999906 0.00755925 0 -0.781909 0.00426509 0.623378 0 -279.586 1.1309 323.555 1 2
0.623287 -0.0130675 0.781884 0 0.0114808 0.999906 0.00755925 0 -0.781909 0.00426509 0.623378 0 -279.586 1.1309 323.555 1 2
0.623287 -0.0130675 0.781884 0 0.0114808 0.999906 0.00755925 0 -0.781909 0.00426509 0.623378 0 -279.586 1.1309 323.555 1 2
0.623287 -0.0130675 0.781884 0 0.0114808 0.999906 0.00755925 0 -0.781909 0.00426509 0.623378 0 -279.586 1.1309 323.555 1 2
0.623287 -0.0130675 0.781884 0 0.0114808 0.999906 0.00755925 0 -0.781909 0.00426509 0.623378 0 -279.586 1.1309 323.555 1 2
0.623287 -0.0130675 0.781884 0 0.0114808 0.999906 0.00755925 0 -0.781909 0.00426509 0.623378 0 -279.586 1.1309 323.555 1 2
0.623287 -0.0130675 0.781884 0 0.0114808 0.999906 0.00755925 0 -0.781909 0.00426509 0.623378 0 -279.586 1.1309 323.555 1 2
0.623287 -0.0130675 0.781884 0 0.0114808 0.999906 0.00755925 0 -0.781909 0.00426509 0.623378 0 -279.586 1.1309 323.555 1 2
0.623287 -0.0130675 0.781884 0 0.0114808 0.999906 0.00755925 0 -0.781909 0.00426509 0.623378 0 -279.586 1.1309 323.555 1 2
0.623287 -0.0130675 0.781884 0 0.0114808 0.999906 0.00755925 0 -0.781909 0.00426509 0.623378 0 -279.586 1.1309 323.555 1 2
0.623287 -0.0130675 0.781884 0 0.0114808 0.999906 0.00755925 0 -0.781909 0.00426509 0.623378 0 -279.586 1.1309 323.555 1 2
0.623287 -0.0130675 0.781884 0 0.0114808 0.999906 0.00755925 0 -0.781909 0.00426509 0.623378 0 -279.586 1.1309 323.555 1 2
0.623287 -0.0130675 0.781884 0 0.0114808 0.999906 0.00755925 0 -0.781909 0.00426509 0.623378 0 -279.586 1.1309 323.555 1 2
0.623287 -0.0130675 0.781884 0 0.0114808 0.999906 0.00755925 0 -0.781909 0.00426509 0.623378 0 -279.586 1.1309 323.555 1 2
0.623287 -0.0130675 0.781884 0 0.0114808 0.999906 0.00755925 0 -0.781909 0.00426509 0.623378 0 -279.586 1.1309 323.555 1 2
0.623287 -0.0130675 0.781884 0 0.0114808 0.999906 0.00755925 0 -0.781909 0.00426509 0.623378 0 -279.586 1.1309 323.555 1 2
0.623287 -0.0130675 0.781884 0 0.0114808 0.999906 0.00755925 0 -0.781909 0.00426509 0.623378 0 -279.586 1.1309 323.555 1 2
0.623287 -0.0130675 0.781884 0 0.0114808 0.999906 0.00755925 0 -0.781909 0.00426509 0.623378 0 -279.586 1.1309 323.555 1 2
0.623287 -0.0130675 0.781884 0 0.0114808 0.999906 0.00755925 0 -0.781909 0.00426509 0.623378 0 -279.586 1.1309 323.555 1 2
0.623287 -0.0130675 0.781884 0 0.0114808 0.999906 0.00755925 0 -0.781909 0.00426509 0.623378 0 -279.586 1.1309 323.555 1 2
0.623287 -0.0130675 0.781884 0 0.0114808 0.999906 0.00755925 0 -0.781909 0.00426509 0.623378 0 -279.586 1.1309 323.555 1 2
0.623185 -0.0116472 0.781988 0 0.00889587 0.99993 0.00780404 0 -0.782024 0.0020931 0.623245 0 -278.904 -0.58409 324.71 1 3
0.62332 -0.0102826 0.781899 0 0.00675074 0.999947 0.00776854 0 -0.781938 0.000436113 0.623356 0 -277.789 -1.6667 325.709 1 3
0.623484 -0.00898721 0.781785 0 0.00494775 0.999959 0.0075494 0 -0.781821 -0.000838852 0.623503 0 -276.681 -2.44656 326.72 1 3
0.623762 -0.00775157 0.781576 0 0.00349636 0.999968 0.00712718 0 -0.781606 -0.00171299 0.62377 0 -275.706 -2.98754 327.575 1 3
0.624134 -0.00674664 0.781288 0 0.00245624 0.999975 0.00667289 0 -0.781313 -0.00224574 0.624135 0 -274.945 -3.27455 328.272 1 3
0.62474 -0.00729055 0.780799 0 0.00318582 0.999972 0.00678796 0 -0.780826 -0.00175323 0.624745 0 -274.862 -2.74728 328.5 1 3
0.625407 -0.00760267 0.780262 0 0.00370328 0.99997 0.00677515 0 -0.78029 -0.0013477 0.625416 0 -274.634 -1.82708 328.637 1 3
0.625953 -0.00846817 0.779815 0 0.00426205 0.999963 0.00743768 0 -0.779849 -0.00133202 0.625966 0 -274.595 -0.789345 328.884 1 3
0.626306 -0.00903294 0.779525 0 0.00553908 0.999959 0.00713692 0 -0.779558 -0.000152041 0.62633 0 -274.151 -0.640305 329.831 1 3
0.626696 -0.00984124 0.779202 0 0.00688291 0.999951 0.00709351 0 -0.779234 0.000917706 0.626733 0 -273.788 -0.258473 330.829 1 3
0.626751 -0.0106899 0.779146 0 0.00800389 0.999941 0.0072808 0 -0.779179 0.00167296 0.6268 0 -273.64 -0.176497 331.519 1 3
0.626751 -0.0114674 0.779135 0 0.00885129 0.999932 0.00759692 0 -0.779169 0.00213498 0.62681 0 -273.681 -0.28701 332.115 1 3
0.62647 -0.0120734 0.779352 0 0.00962122 0.999924 0.00775651 0 -0.779386 0.00263909 0.626539 0 -273.642 -0.303908 332.634 1 3
0.626138 -0.0124712 0.779613 0 0.00995103 0.999918 0.00800335 0 -0.779649 0.00274675 0.626211 0 -273.518 -0.333126 333.067 1 3
0.626042 -0.012536 0.779688 0 0.00999904 0.999918 0.00804824 0 -0.779725 0.0027576 0.626116 0 -273.378 -0.354489 333.451 1 3
0.626088 -0.01266 0.779649 0 0.0101121 0.999916 0.00811635 0 -0.779687 0.00280231 0.626164 0 -273.089 -0.296535 333.789 1 3
0.626357 -0.0130328 0.779427 0 0.0105555 0.99991 0.00823703 0 -0.779465 0.00306792 0.626438 0 -272.775 -0.366531 333.996 1 3
0.62793 -0.0125299 0.778169 0 0.0108047 0.999914 0.0073818 0 -0.778195 0.00377262 0.628012 0 -275.421 -0.791853 333.958 1 3
0.629131 -0.012332 0.777202 0 0.0111628 0.999914 0.00682968 0 -0.777219 0.00437899 0.629215 0 -277.293 -0.939156 333.942 1 3
0.630004 -0.0122791 0.776495 0 0.0115521 0.999913 0.00643942 0 -0.776506 0.00491327 0.630091 0 -278.851 -1.01505 333.83 1 3
0.630632 -0.0124995 0.775981 0 0.0120023 0.999908 0.00635231 0 -0.775989 0.0053076 0.630724 0 -279.935 -1.04259 333.7 1 3
0.630968 -0.0126769 0.775705 0 0.0123238 0.999904 0.00631651 0 -0.775711 0.00557413 0.631064 0 -280.743 -1.05691 333.583 1 3
0.631243 -0.0129168 0.775478 0 0.0125852 0.9999 0.00641045 0 -0.775483 0.00571299 0.631343 0 -281.299 -1.08968 333.373 1 3
0.631263 -0.0131364 0.775458 0 0.012785 0.999897 0.00653073 0 -0.775464 0.00579166 0.631366 0 -281.673 -1.0984 333.164 1 3
0.631235 -0.0133266 0.775477 0 0.0129913 0.999894 0.00660831 0 -0.775483 0.00590307 0.631341 0 -281.824 -1.10621 332.972 1 3
0.631164 -0.0135694 0.775531 0 0.013235 0.99989 0.00672372 0 -0.775536 0.00602038 0.631274 0 -281.974 -1.1014 332.758 1 3
0.631083 -0.0137485 0.775593 0 0.0134181 0.999887 0.0068064 0 -0.775599 0.0061116 0.631196 0 -282.031 -1.09442 332.52 1 3
0.630988 -0.013871 0.775669 0 0.0135514 0.999885 0.00685685 0 -0.775674 0.00618483 0.631103 0 -282.003 -1.11163 332.298 1 3
0.630953 -0.0139931 0.775695 0 0.0136287 0.999883 0.0069517 0 -0.775701 0.00618553 0.63107 0 -281.87 -1.12728 332.093 1 3
0.630918 -0.0140537 0.775722 0 0.0139229 0.99988 0.00679087 0 -0.775724 0.00651582 0.631038 0 -281.932 -1.09475 332.647 1 3
0.630811 -0.0140749 0.775809 0 0.0140975 0.999878 0.00667736 0 -0.775808 0.00672482 0.630933 0 -281.99 -1.02388 332.973 1 3
0.630665 -0.014161 0.775926 0 0.0142252 0.999876 0.00668613 0 -0.775925 0.00682095 0.630789 0 -281.952 -1.0259 333.167 1 3
0.630572 -0.014155 0.776002 0 0.014224 0.999877 0.0066804 0 -0.776 0.0068254 0.630695 0 -281.836 -1.00425 333.255 1 3
0.630475 -0.0141156 0.776081 0 0.0141948 0.999877 0.00665436 0 -0.77608 0.00682095 0.630598 0 -281.702 -1.00456 333.325 1 3
0.630359 -0.0141309 0.776175 0 0.0141977 0.999877 0.00667313 0 -0.776174 0.00681343 0.630482 0 -281.582 -1.04263 333.3 1 3
0.630255 -0.0142678 0.776257 0 0.0140086 0.999877 0.00700415 0 -0.776261 0.00645989 0.630378 0 -281.666 -1.07114 333.239 1 3
0.630091 -0.0143465 0.776388 0 0.0139152 0.999877 0.00718311 0 -0.776396 0.00627758 0.630214 0 -281.713 -1.10237 333.143 1 3
0.62997 -0.0143363 0.776487 0 0.0138186 0.999878 0.0072496 0 -0.776496 0.00616296 0.630092 0 -281.725 -1.10427 333.139 1 3
0.629864 -0.014289 0.776574 0 0.0137234 0.999879 0.00726701 0 -0.776584 0.00607999 0.629984 0 -281.682 -1.11192 333.138 1 3
0.629798 -0.0142025 0.776629 0 0.0136232 0.999881 0.00723758 0 -0.77664 0.00602197 0.629916 0 -281.568 -1.11978 333.112 1 3
0.629787 -0.0142047 0.776638 0 0.0135582 0.999881 0.00729327 0 -0.776649 0.00593657 0.629905 0 -281.427 -1.16541 333.045 1 3
0.629782 -0.0141794 0.776642 0 0.0135094 0.999882 0.00730033 0 -0.776654 0.00589436 0.6299 0 -281.319 -1.175 332.978 1 3
0.629789 -0.014139 0.776638 0 0.0134613 0.999883 0.00728733 0 -0.77665 0.00586504 0.629906 0 -281.158 -1.19137 332.949 1 3
0.629779 -0.0141362 0.776646 0 0.0134171 0.999883 0.00731966 0 -0.776658 0.00581054 0.629895 0 -281.045 -1.2078 332.912 1 3
0.629752 -0.0141114 0.776668 0 0.0133671 0.999884 0.0073285 0 -0.776682 0.00576667 0.629867 0 -280.938 -1.21647 332.925 1 3
