0.221651 0 -0.975126 0 0 1 0 0 0.975126 0 0.221651 0 -1153.94 0 -980.474 1 0
0.221651 0 -0.975126 0 0 1 0 0 0.975126 0 0.221651 0 -1153.94 0 -980.474 1 0
0.221651 0 -0.975126 0 0 1 0 0 0.975126 0 0.221651 0 -1153.94 0 -980.474 1 0
0.221651 0 -0.975126 0 0 1 0 0 0.975126 0 0.221651 0 -1153.94 0 -980.474 1 0
0.221651 0 -0.975126 0 0 1 0 0 0.975126 0 0.221651 0 -1153.94 0 -980.474 1 0
0.221651 0 -0.975126 0 0 1 0 0 0.975126 0 0.221651 0 -1153.94 0 -980.474 1 0
0.221651 0 -0.975126 0 0 1 0 0 0.975126 0 0.221651 0 -1153.94 0 -980.474 1 0
0.221651 0 -0.975126 0 0 1 0 0 0.975126 0 0.221651 0 -1153.94 0 -980.474 1 0
0.221651 0 -0.975126 0 0 1 0 0 0.975126 0 0.221651 0 -1153.94 0 -980.474 1 0
0.221651 0 -0.975126 0 0 1 0 0 0.975126 0 0.221651 0 -1153.94 0 -980.474 1 0
0.221651 0 -0.975126 0 0 1 0 0 0.975126 0 0.221651 0 -1153.94 0 -980.474 1 0
0.221651 0 -0.975126 0 0 1 0 0 0.975126 0 0.221651 0 -1153.94 0 -980.474 1 0
0.221651 0 -0.975126 0 0 1 0 0 0.975126 0 0.221651 0 -1153.94 0 -980.474 1 0
0.221651 0 -0.975126 0 0 1 0 0 0.975126 0 0.221651 0 -1153.94 0 -980.474 1 0
0.221651 0 -0.975126 0 0 1 0 0 0.975126 0 0.221651 0 -1153.94 0 -980.474 1 0
0.221651 0 -0.975126 0 0 1 0 0 0.975126 0 0.221651 0 -1153.94 0 -980.474 1 0
0.221651 0 -0.975126 0 0 1 0 0 0.975126 0 0.221651 0 -1153.94 0 -980.474 1 0
0.221651 0 -0.975126 0 0 1 0 0 0.975126 0 0.221651 0 -1153.94 0 -980.474 1 0
0.221651 0 -0.975126 0 0 1 0 0 0.975126 0 0.221651 0 -1153.94 0 -980.474 1 0
0.221651 0 -0.975126 0 0 1 0 0 0.975126 0 0.221651 0 -1153.94 0 -980.474 1 0
0.221651 0 -0.975126 0 0 1 0 0 0.975126 0 0.221651 0 -1153.94 0 -980.474 1 0
0.221651 0 -0.975126 0 0 1 0 0 0.975126 0 0.221651 0 -1153.94 0 -980.474 1 0
0.221651 0 -0.975126 0 0 1 0 0 0.975126 0 0.221651 0 -1153.94 0 -980.474 1 0
0.221651 0 -0.975126 0 0 1 0 0 0.975126 0 0.221651 0 -1153.94 0 -980.474 1 0
0.221651 0 -0.975126 0 0 1 0 0 0.975126 0 0.221651 0 -1153.94 0 -980.474 1 0
0.221651 0 -0.975126 0 0 1 0 0 0.975126 0 0.221651 0 -1153.94 0 -980.474 1 0
0.221651 0 -0.975126 0 0 1 0 0 0.975126 0 0.221651 0 -1153.94 0 -980.474 1 0
0.221651 0 -0.975126 0 0 1 0 0 0.975126 0 0.221651 0 -1153.94 0 -980.474 1 0
0.221651 0 -0.975126 0 0 1 0 0 0.975126 0 0.221651 0 -1153.94 0 -980.474 1 0
0.221651 0 -0.975126 0 0 1 0 0 0.975126 0 0.221651 0 -1153.94 0 -980.474 1 0
0.221651 0 -0.975126 0 0 1 0 0 0.975126 0 0.221651 0 -1153.94 0 -980.474 1 0
0.221651 0 -0.975126 0 0 1 0 0 0.975126 0 0.221651 0 -1153.94 0 -980.474 1 0
0.221651 0 -0.975126 0 0 1 0 0 0.975126 0 0.221651 0 -1153.94 0 -980.474 1 0
0.221651 0 -0.975126 0 0 1 0 0 0.975126 0 0.221651 0 -1153.94 0 -980.474 1 0
0.221651 0 -0.975126 0 0 1 0 0 0.975126 0 0.221651 0 -1153.94 0 -980.474 1 0
0.221651 0 -0.975126 0 0 1 0 0 0.975126 0 0.221651 0 -1153.94 0 -980.474 1 0
0.221651 0 -0.975126 0 0 1 0 0 0.975126 0 0.221651 0 -1153.94 0 -980.474 1 0
0.221651 0 -0.975126 0 0 1 0 0 0.975126 0 0.221651 0 -1153.94 0 -980.474 1 0
0.221651 0 -0.975126 0 0 1 0 0 0.975126 0 0.221651 0 -1153.94 0 -980.474 1 0
0.221651 0 -0.975126 0 0 1 0 0 0.975126 0 0.221651 0 -1153.94 0 -980.474 1 0
0.221651 0 -0.975126 0 0 1 0 0 0.975126 0 0.221651 0 -1153.94 0 -980.474 1 0
0.221651 0 -0.975126 0 0 1 0 0 0.975126 0 0.221651 0 -1153.94 0 -980.474 1 0
0.221651 0 -0.975126 0 0 1 0 0 0.975126 0 0.221651 0 -1153.94 0 -980.474 1 0
0.221651 0 -0.975126 0 0 1 0 0 0.975126 0 0.221651 0 -1153.94 0 -980.474 1 0
0.221651 0 -0.975126 0 0 1 0 0 0.975126 0 0.221651 0 -1153.94 0 -980.474 1 0
0.221651 0 -0.975126 0 0 1 0 0 0.975126 0 0.221651 0 -1153.94 0 -980.474 1 0
0.221651 0 -0.975126 0 0 1 0 0 0.975126 0 0.221651 0 -1153.94 0 -980.474 1 0
0.221651 0 -0.975126 0 0 1 0 0 0.975126 0 0.221651 0 -1153.94 0 -980.474 1 0
0.221651 0 -0.975126 0 0 1 0 0 0.975126 0 0.221651 0 -1153.94 0 -980.474 1 0
0.221651 0 -0.975126 0 0 1 0 0 0.975126 0 0.221651 0 -1153.94 0 -980.474 1 0
0.221651 0 -0.975126 0 0 1 0 0 0.975126 0 0.221651 0 -1153.94 0 -980.474 1 0
0.221651 0 -0.975126 0 0 1 0 0 0.975126 0 0.221651 0 -1153.94 0 -980.474 1 0
0.221651 0 -0.975126 0 0 1 0 0 0.975126 0 0.221651 0 -1153.94 0 -980.474 1 0
0.221651 0 -0.975126 0 0 1 0 0 0.975126 0 0.221651 0 -1153.94 0 -980.474 1 0
0.221651 0 -0.975126 0 0 1 0 0 0.975126 0 0.221651 0 -1153.94 0 -980.474 1 0
0.221651 0 -0.975126 0 0 1 0 0 0.975126 0 0.221651 0 -1153.94 0 -980.474 1 0
0.221651 0 -0.975126 0 0 1 0 0 0.975126 0 0.221651 0 -1153.94 0 -980.474 1 0
0.221651 0 -0.975126 0 0 1 0 0 0.975126 0 0.221651 0 -1153.94 0 -980.474 1 0
0.221651 0 -0.975126 0 0 1 0 0 0.975126 0 0.221651 0 -1153.94 0 -980.474 1 0
0.221651 0 -0.975126 0 0 1 0 0 0.975126 0 0.221651 0 -1153.94 0 -980.474 1 0
0.221651 0 -0.975126 0 0 1 0 0 0.975126 0 0.221651 0 -1153.94 0 -980.474 1 0
0.221651 0 -0.975126 0 0 1 0 0 0.975126 0 0.221651 0 -1153.94 0 -980.474 1 0
0.221651 0 -0.975126 0 0 1 0 0 0.975126 0 0.221651 0 -1153.94 0 -980.474 1 0
0.221651 0 -0.975126 0 0 1 0 0 0.975126 0 0.221651 0 -1153.94 0 -980.474 1 0
0.221651 0 -0.975126 0 0 1 0 0 0.975126 0 0.221651 0 -1153.94 0 -980.474 1 0
0.221651 0 -0.975126 0 0 1 0 0 0.975126 0 0.221651 0 -1153.94 0 -980.474 1 0
0.221651 0 -0.975126 0 0 1 0 0 0.975126 0 0.221651 0 -1153.94 0 -980.474 1 0
0.221651 0 -0.975126 0 0 1 0 0 0.975126 0 0.221651 0 -1153.94 0 -980.474 1 0
0.221651 0 -0.975126 0 0 1 0 0 0.975126 0 0.221651 0 -1153.94 0 -980.474 1 0
0.221651 0 -0.975126 0 0 1 0 0 0.975126 0 0.221651 0 -1153.94 0 -980.474 1 0
0.221651 0 -0.975126 0 0 1 0 0 0.975126 0 0.221651 0 -1153.94 0 -980.474 1 0
0.221651 0 -0.975126 0 0 1 0 0 0.975126 0 0.221651 0 -1153.94 0 -980.474 1 0
0.221651 0 -0.975126 0 0 1 0 0 0.975126 0 0.221651 0 -1153.94 0 -980.474 1 0
0.221651 0 -0.975126 0 0 1 0 0 0.975126 0 0.221651 0 -1153.94 0 -980.474 1 0
0.221651 0 -0.975126 0 0 1 0 0 0.975126 0 0.221651 0 -1153.94 0 -980.474 1 0
0.221651 0 -0.975126 0 0 1 0 0 0.975126 0 0.221651 0 -1153.94 0 -980.474 1 0
0.221651 0 -0.975126 0 0 1 0 0 0.975126 0 0.221651 0 -1153.94 0 -980.474 1 0
0.221651 0 -0.975126 0 0 1 0 0 0.975126 0 0.221651 0 -1153.94 0 -980.474 1 0
0.221651 0 -0.975126 0 0 1 0 0 0.975126 0 0.221651 0 -1153.94 0 -980.474 1 0
0.221651 0 -0.975126 0 0 1 0 0 0.975126 0 0.221651 0 -1153.94 0 -980.474 1 0
0.221651 0 -0.975126 0 0 1 0 0 0.975126 0 0.221651 0 -1153.94 0 -980.474 1 0
0.221651 0 -0.975126 0 0 1 0 0 0.975126 0 0.221651 0 -1153.94 0 -980.474 1 0
0.221651 0 -0.975126 0 0 1 0 0 0.975126 0 0.221651 0 -1153.94 0 -980.474 1 0
0.221651 0 -0.975126 0 0 1 0 0 0.975126 0 0.221651 0 -1153.94 0 -980.474 1 0
0.221651 0 -0.975126 0 0 1 0 0 0.975126 0 0.221651 0 -1153.94 0 -980.474 1 0
0.221651 0 -0.975126 0 0 1 0 0 0.975126 0 0.221651 0 -1153.94 0 -980.474 1 0
0.221651 0 -0.975126 0 0 1 0 0 0.975126 0 0.221651 0 -1153.94 0 -980.474 1 0
0.221651 0 -0.975126 0 0 1 0 0 0.975126 0 0.221651 0 -1153.94 0 -980.474 1 0
0.221651 0 -0.975126 0 0 1 0 0 0.975126 0 0.221651 0 -1153.94 0 -980.474 1 0
0.221651 0 -0.975126 0 0 1 0 0 0.975126 0 0.221651 0 -1153.94 0 -980.474 1 0
0.221651 0 -0.975126 0 0 1 0 0 0.975126 0 0.221651 0 -1153.94 0 -980.474 1 0
0.221651 0 -0.975126 0 0 1 0 0 0.975126 0 0.221651 0 -1153.94 0 -980.474 1 0
0.221651 0 -0.975126 0 0 1 0 0 0.975126 0 0.221651 0 -1153.94 0 -980.474 1 0
0.221651 0 -0.975126 0 0 1 0 0 0.975126 0 0.221651 0 -1153.94 0 -980.474 1 0
0.221651 0 -0.975126 0 0 1 0 0 0.975126 0 0.221651 0 -1153.94 0 -980.474 1 0
0.221651 0 -0.975126 0 0 1 0 0 0.975126 0 0.221651 0 -1153.94 0 -980.474 1 0
0.221651 0 -0.975126 0 0 1 0 0 0.975126 0 0.221651 0 -1153.94 0 -980.474 1 0
0.221651 0 -0.975126 0 0 1 0 0 0.975126 0 0.221651 0 -1153.94 0 -980.474 1 0
0.221651 0 -0.975126 0 0 1 0 0 0.975126 0 0.221651 0 -1153.94 0 -980.474 1 0
0.221651 0 -0.975126 0 0 1 0 0 0.975126 0 0.221651 0 -1153.94 0 -980.474 1 0
0.221651 0 -0.975126 0 0 1 0 0 0.975126 0 0.221651 0 -1153.94 0 -980.474 1 0
0.221651 0 -0.975126 0 0 1 0 0 0.975126 0 0.221651 0 -1153.94 0 -980.474 1 0
0.221651 0 -0.975126 0 0 1 0 0 0.975126 0 0.221651 0 -1153.94 0 -980.474 1 0
0.221651 0 -0.975126 0 0 1 0 0 0.975126 0 0.221651 0 -1153.94 0 -980.474 1 0
0.221651 0 -0.975126 0 0 1 0 0 0.975126 0 0.221651 0 -1153.94 0 -980.474 1 0
0.221651 0 -0.975126 0 0 1 0 0 0.975126 0 0.221651 0 -1153.94 0 -980.474 1 0
0.221651 0 -0.975126 0 0 1 0 0 0.975126 0 0.221651 0 -1153.94 0 -980.474 1 0
0.221651 0 -0.975126 0 0 1 0 0 0.975126 0 0.221651 0 -1153.94 0 -980.474 1 0
0.221651 0 -0.975126 0 0 1 0 0 0.975126 0 0.221651 0 -1153.94 0 -980.474 1 0
0.221651 0 -0.975126 0 0 1 0 0 0.975126 0 0.221651 0 -1153.94 0 -980.474 1 0
0.221651 0 -0.975126 0 0 1 0 0 0.975126 0 0.221651 0 -1153.94 0 -980.474 1 0
0.221651 0 -0.975126 0 0 1 0 0 0.975126 0 0.221651 0 -1153.94 0 -980.474 1 0
0.0319112 0.0773101 -0.996496 0 -0.0351976 0.996473 0.0761811 0 0.998871 0.0326433 0.0345197 0 -1548.59 227.634 -820.597 1 1
0.0172317 0.0835794 -0.996352 0 -0.034857 0.995945 0.0829424 0 0.999244 0.0333006 0.0200752 0 -1532.03 233.959 -898.403 1 1
0.0172317 0.0835794 -0.996352 0 -0.034857 0.995945 0.0829424 0 0.999244 0.0333006 0.0200752 0 -1532.03 233.959 -898.403 1 2
0.0172317 0.0835794 -0.996352 0 -0.034857 0.995945 0.0829424 0 0.999244 0.0333006 0.0200752 0 -1532.03 233.959 -898.403 1 2
0.0172317 0.0835794 -0.996352 0 -0.034857 0.995945 0.0829424 0 0.999244 0.0333006 0.0200752 0 -1532.03 233.959 -898.403 1 2
0.0172317 0.0835794 -0.996352 0 -0.034857 0.995945 0.0829424 0 0.999244 0.0333006 0.0200752 0 -1532.03 233.959 -898.403 1 2
0.0172317 0.0835794 -0.996352 0 -0.034857 0.995945 0.0829424 0 0.999244 0.0333006 0.0200752 0 -1532.03 233.959 -898.403 1 2
0.0172317 0.0835794 -0.996352 0 -0.034857 0.995945 0.0829424 0 0.999244 0.0333006 0.0200752 0 -1532.03 233.959 -898.403 1 2
0.0172317 0.0835794 -0.996352 0 -0.034857 0.995945 0.0829424 0 0.999244 0.0333006 0.0200752 0 -1532.03 233.959 -898.403 1 2
0.0172317 0.0835794 -0.996352 0 -0.034857 0.995945 0.0829424 0 0.999244 0.0333006 0.0200752 0 -1532.03 233.959 -898.403 1 2
0.0172317 0.0835794 -0.996352 0 -0.034857 0.995945 0.0829424 0 0.999244 0.0333006 0.0200752 0 -1532.03 233.959 -898.403 1 2
0.0172317 0.0835794 -0.996352 0 -0.034857 0.995945 0.0829424 0 0.999244 0.0333006 0.0200752 0 -1532.03 233.959 -898.403 1 2
0.0172317 0.0835794 -0.996352 0 -0.034857 0.995945 0.0829424 0 0.999244 0.0333006 0.0200752 0 -1532.03 233.959 -898.403 1 2
0.0172317 0.0835794 -0.996352 0 -0.034857 0.995945 0.0829424 0 0.999244 0.0333006 0.0200752 0 -1532.03 233.959 -898.403 1 2
0.0172317 0.0835794 -0.996352 0 -0.034857 0.995945 0.0829424 0 0.999244 0.0333006 0.0200752 0 -1532.03 233.959 -898.403 1 2
0.0172317 0.0835794 -0.996352 0 -0.034857 0.995945 0.0829424 0 0.999244 0.0333006 0.0200752 0 -1532.03 233.959 -898.403 1 2
0.00839584 0.0953802 -0.995406 0 -0.0414027 0.99462 0.0949557 0 0.999107 0.0404153 0.0122997 0 -1535.27 197.335 -908.408 1 3
0.0017576 0.102477 -0.994734 0 -0.0474124 0.993625 0.102279 0 0.998874 0.046983 0.00660508 0 -1538.79 162.854 -915.942 1 3
-0.00290823 0.106402 -0.994319 0 -0.0518657 0.992969 0.106409 0 0.99865 0.0518805 0.00263083 0 -1543.1 131.973 -922.34 1 3
-0.00679345 0.106955 -0.994241 0 -0.0548372 0.992728 0.107166 0 0.998472 0.0552495 -0.000878952 0 -1548.7 103.769 -927.221 1 3
-0.010166 0.103815 -0.994545 0 -0.0549498 0.993035 0.104219 0 0.998437 0.0557096 -0.00439058 0 -1555.51 78.1998 -930.352 1 3
-0.0134391 0.0976872 -0.995126 0 -0.051076 0.99385 0.0982517 0 0.998604 0.0521475 -0.00836695 0 -1564.92 59.5368 -931.495 1 3
-0.0168998 0.086096 -0.996144 0 -0.0455632 0.995184 0.0867861 0 0.998818 0.0468541 -0.0128956 0 -1574.32 39.4998 -930.652 1 3
-0.0205524 0.0733045 -0.997098 0 -0.0396501 0.996464 0.0740752 0 0.999002 0.0410574 -0.0175732 0 -1583.79 25.2675 -928.683 1 3
-0.0246462 0.0611579 -0.997824 0 -0.0338946 0.997502 0.0619754 0 0.999121 0.0353483 -0.0225117 0 -1593.21 17.142 -926.133 1 3
-0.0293012 0.0504552 -0.998296 0 -0.0281991 0.998286 0.0512824 0 0.999173 0.0296537 -0.0278281 0 -1602.41 13.3158 -923.517 1 3
-0.0341373 0.041707 -0.998547 0 -0.0233606 0.998823 0.0425172 0 0.999144 0.024778 -0.0331228 0 -1611.04 11.6927 -921.585 1 3
-0.0387148 0.034941 -0.998639 0 -0.0195577 0.999171 0.0357178 0 0.999059 0.0209139 -0.0379993 0 -1619.04 11.6464 -920.793 1 3
-0.0427224 0.029737 -0.998644 0 -0.0165821 0.999398 0.0304689 0 0.998949 0.0178613 -0.0422036 0 -1625.98 12.5935 -920.834 1 3
-0.0463833 0.0261306 -0.998582 0 -0.0143559 0.999537 0.0268224 0 0.998821 0.0155796 -0.0459867 0 -1632.25 13.8962 -921.644 1 3
-0.0501046 0.0232689 -0.998473 0 -0.0129202 0.99963 0.0239442 0 0.99866 0.0141002 -0.0497854 0 -1638.2 14.7569 -922.265 1 3
-0.0538129 0.0214015 -0.998322 0 -0.0118196 0.999687 0.0220678 0 0.998481 0.0129873 -0.053543 0 -1643.69 15.7867 -922.685 1 3
-0.0574938 0.0198337 -0.998149 0 -0.0108335 0.999731 0.0204892 0 0.998287 0.0119915 -0.0572635 0 -1648.82 16.6021 -922.748 1 3
-0.0610578 0.018717 -0.997959 0 -0.0101602 0.999761 0.0193725 0 0.998083 0.0113223 -0.060853 0 -1653.42 17.2042 -922.394 1 3
-0.0644044 0.0180229 -0.997761 0 -0.00941693 0.999781 0.0186672 0 0.997879 0.0105981 -0.0642206 0 -1657.63 17.9149 -921.897 1 3
-0.0673622 0.0173825 -0.997577 0 -0.00885918 0.999798 0.0180195 0 0.997689 0.0100515 -0.0671946 0 -1661.32 18.3555 -921.506 1 3
-0.0699881 0.016777 -0.997407 0 -0.0084193 0.999813 0.0174083 0 0.997512 0.00961584 -0.0698338 0 -1664.54 18.5553 -921.412 1 3
-0.0720627 0.0163714 -0.997266 0 -0.00809435 0.999823 0.0169983 0 0.997367 0.00929716 -0.0719174 0 -1667.26 18.6816 -921.887 1 3
-0.0738826 0.0163376 -0.997133 0 -0.00777721 0.999826 0.0169579 0 0.997237 0.00900781 -0.0737426 0 -1669.78 19.0785 -922.567 1 3
-0.0752046 0.0164565 -0.997032 0 -0.00749351 0.999826 0.0170678 0 0.99714 0.00875485 -0.0750682 0 -1671.83 19.3762 -923.775 1 3
-0.0763743 0.0166319 -0.99694 0 -0.00716831 0.999826 0.0172292 0 0.997053 0.00846225 -0.0762418 0 -1673.63 19.7128 -925.16 1 3
-0.0774245 0.0168596 -0.996856 0 -0.00678181 0.999825 0.0174366 0 0.996975 0.0081105 -0.0772966 0 -1675.34 20.1753 -926.727 1 3
-0.0783547 0.017017 -0.99678 0 -0.00642464 0.999825 0.017574 0 0.996905 0.00778097 -0.0782317 0 -1677.05 20.583 -928.343 1 3
-0.0792291 0.017176 -0.996708 0 -0.00596881 0.999825 0.0177042 0 0.996839 0.00735185 -0.0791127 0 -1678.63 21.1547 -929.99 1 3
-0.0801765 0.0173522 -0.99663 0 -0.00562509 0.999825 0.0178603 0 0.996765 0.00703811 -0.0800649 0 -1680.11 21.5649 -931.421 1 3
-0.0811162 0.0175456 -0.99655 0 -0.005541 0.999822 0.0180543 0 0.996689 0.00698638 -0.0810045 0 -1681.36 21.5924 -933.104 1 3
-0.0819359 0.0177412 -0.99648 0 -0.00551763 0.999818 0.0182543 0 0.996622 0.00699389 -0.0818232 0 -1682.52 21.6033 -934.858 1 3
-0.0826232 0.0179969 -0.996418 0 -0.0054146 0.999814 0.0185072 0 0.996566 0.00692433 -0.0825104 0 -1683.61 21.5648 -936.759 1 3
-0.0832484 0.018173 -0.996363 0 -0.00539858 0.999811 0.0186869 0 0.996514 0.0069346 -0.0831345 0 -1684.65 21.407 -938.656 1 3
-0.0837705 0.0182838 -0.996317 0 -0.00540656 0.999809 0.0188024 0 0.99647 0.00696174 -0.0836556 0 -1685.61 21.1722 -940.558 1 3
-0.0842008 0.0183499 -0.99628 0 -0.00539277 0.999807 0.0188707 0 0.996434 0.00696163 -0.0840856 0 -1686.51 20.9739 -942.394 1 3
-0.0841124 0.0199303 -0.996257 0 -0.00578477 0.999773 0.020489 0 0.996439 0.0074865 -0.083978 0 -1688.95 21.7799 -945.615 1 3
-0.0841037 0.0210335 -0.996235 0 -0.00587583 0.999749 0.0216038 0 0.99644 0.00767067 -0.083959 0 -1690.84 22.3477 -948.372 1 3
-0.0842917 0.0218364 -0.996202 0 -0.0059249 0.999731 0.0224151 0 0.996424 0.0077918 -0.0841397 0 -1692.49 22.6226 -950.574 1 3
-0.0846135 0.0222068 -0.996166 0 -0.00589058 0.999723 0.0227864 0 0.996396 0.00779603 -0.0844592 0 -1693.92 22.8102 -952.32 1 3
-0.0850125 0.0225035 -0.996126 0 -0.00580062 0.999717 0.0230796 0 0.996363 0.0077402 -0.0848579 0 -1695.18 22.9995 -953.57 1 3
-0.0854325 0.0227544 -0.996084 0 -0.00576869 0.999711 0.023332 0 0.996327 0.00773941 -0.0852766 0 -1696.23 23.0997 -954.624 1 3
-0.0857953 0.0229357 -0.996049 0 -0.00575517 0.999707 0.0235156 0 0.996296 0.00774996 -0.0856381 0 -1697.19 23.0938 -955.618 1 3
-0.0861893 0.0230685 -0.996012 0 -0.0057614 0.999704 0.0236526 0 0.996262 0.00777702 -0.0860308 0 -1698.03 23.0008 -956.342 1 3
-0.0865099 0.0231723 -0.995981 0 -0.00576522 0.999701 0.0237596 0 0.996234 0.00779749 -0.0863504 0 -1698.71 22.9213 -957.044 1 3
-0.0867634 0.0232345 -0.995958 0 -0.00577941 0.999699 0.0238252 0 0.996212 0.0078232 -0.086603 0 -1699.26 22.8159 -957.69 1 3
