-0.973227 0 0.229846 0 0 1 0 0 -0.229846 0 -0.973227 0 -5108.47 0 -1312.18 1 0
-0.973227 0 0.229846 0 0 1 0 0 -0.229846 0 -0.973227 0 -5108.47 0 -1312.18 1 0
-0.973227 0 0.229846 0 0 1 0 0 -0.229846 0 -0.973227 0 -5108.47 0 -1312.18 1 0
-0.973227 0 0.229846 0 0 1 0 0 -0.229846 0 -0.973227 0 -5108.47 0 -1312.18 1 0
-0.973227 0 0.229846 0 0 1 0 0 -0.229846 0 -0.973227 0 -5108.47 0 -1312.18 1 0
-0.973227 0 0.229846 0 0 1 0 0 -0.229846 0 -0.973227 0 -5108.47 0 -1312.18 1 0
-0.973227 0 0.229846 0 0 1 0 0 -0.229846 0 -0.973227 0 -5108.47 0 -1312.18 1 0
-0.973227 0 0.229846 0 0 1 0 0 -0.229846 0 -0.973227 0 -5108.47 0 -1312.18 1 0
-0.973227 0 0.229846 0 0 1 0 0 -0.229846 0 -0.973227 0 -5108.47 0 -1312.18 1 0
-0.973227 0 0.229846 0 0 1 0 0 -0.229846 0 -0.973227 0 -5108.47 0 -1312.18 1 0
-0.973227 0 0.229846 0 0 1 0 0 -0.229846 0 -0.973227 0 -5108.47 0 -1312.18 1 0
-0.973227 0 0.229846 0 0 1 0 0 -0.229846 0 -0.973227 0 -5108.47 0 -1312.18 1 0
-0.973227 0 0.229846 0 0 1 0 0 -0.229846 0 -0.973227 0 -5108.47 0 -1312.18 1 0
-0.973227 0 0.229846 0 0 1 0 0 -0.229846 0 -0.973227 0 -5108.47 0 -1312.18 1 0
-0.973227 0 0.229846 0 0 1 0 0 -0.229846 0 -0.973227 0 -5108.47 0 -1312.18 1 0
-0.973227 0 0.229846 0 0 1 0 0 -0.229846 0 -0.973227 0 -5108.47 0 -1312.18 1 0
-0.973227 0 0.229846 0 0 1 0 0 -0.229846 0 -0.973227 0 -5108.47 0 -1312.18 1 0
-0.973227 0 0.229846 0 0 1 0 0 -0.229846 0 -0.973227 0 -5108.47 0 -1312.18 1 0
-0.973227 0 0.229846 0 0 1 0 0 -0.229846 0 -0.973227 0 -5108.47 0 -1312.18 1 0
-0.973227 0 0.229846 0 0 1 0 0 -0.229846 0 -0.973227 0 -5108.47 0 -1312.18 1 0
-0.973227 0 0.229846 0 0 1 0 0 -0.229846 0 -0.973227 0 -5108.47 0 -1312.18 1 0
-0.973227 0 0.229846 0 0 1 0 0 -0.229846 0 -0.973227 0 -5108.47 0 -1312.18 1 0
-0.973227 0 0.229846 0 0 1 0 0 -0.229846 0 -0.973227 0 -5108.47 0 -1312.18 1 0
-0.973227 0 0.229846 0 0 1 0 0 -0.229846 0 -0.973227 0 -5108.47 0 -1312.18 1 0
-0.973227 0 0.229846 0 0 1 0 0 -0.229846 0 -0.973227 0 -5108.47 0 -1312.18 1 0
-0.973227 0 0.229846 0 0 1 0 0 -0.229846 0 -0.973227 0 -5108.47 0 -1312.18 1 0
-0.973227 0 0.229846 0 0 1 0 0 -0.229846 0 -0.973227 0 -5108.47 0 -1312.18 1 0
-0.973227 0 0.229846 0 0 1 0 0 -0.229846 0 -0.973227 0 -5108.47 0 -1312.18 1 0
-0.973227 0 0.229846 0 0 1 0 0 -0.229846 0 -0.973227 0 -5108.47 0 -1312.18 1 0
-0.973227 0 0.229846 0 0 1 0 0 -0.229846 0 -0.973227 0 -5108.47 0 -1312.18 1 0
-0.973227 0 0.229846 0 0 1 0 0 -0.229846 0 -0.973227 0 -5108.47 0 -1312.18 1 0
-0.973227 0 0.229846 0 0 1 0 0 -0.229846 0 -0.973227 0 -5108.47 0 -1312.18 1 0
-0.973227 0 0.229846 0 0 1 0 0 -0.229846 0 -0.973227 0 -5108.47 0 -1312.18 1 0
-0.973227 0 0.229846 0 0 1 0 0 -0.229846 0 -0.973227 0 -5108.47 0 -1312.18 1 0
-0.973227 0 0.229846 0 0 1 0 0 -0.229846 0 -0.973227 0 -5108.47 0 -1312.18 1 0
-0.973227 0 0.229846 0 0 1 0 0 -0.229846 0 -0.973227 0 -5108.47 0 -1312.18 1 0
-0.973227 0 0.229846 0 0 1 0 0 -0.229846 0 -0.973227 0 -5108.47 0 -1312.18 1 0
-0.973227 0 0.229846 0 0 1 0 0 -0.229846 0 -0.973227 0 -5108.47 0 -1312.18 1 0
-0.973227 0 0.229846 0 0 1 0 0 -0.229846 0 -0.973227 0 -5108.47 0 -1312.18 1 0
-0.973227 0 0.229846 0 0 1 0 0 -0.229846 0 -0.973227 0 -5108.47 0 -1312.18 1 0
-0.973227 0 0.229846 0 0 1 0 0 -0.229846 0 -0.973227 0 -5108.47 0 -1312.18 1 0
-0.973227 0 0.229846 0 0 1 0 0 -0.229846 0 -0.973227 0 -5108.47 0 -1312.18 1 0
-0.973227 0 0.229846 0 0 1 0 0 -0.229846 0 -0.973227 0 -5108.47 0 -1312.18 1 0
-0.973227 0 0.229846 0 0 1 0 0 -0.229846 0 -0.973227 0 -5108.47 0 -1312.18 1 0
-0.973227 0 0.229846 0 0 1 0 0 -0.229846 0 -0.973227 0 -5108.47 0 -1312.18 1 0
-0.973227 0 0.229846 0 0 1 0 0 -0.229846 0 -0.973227 0 -5108.47 0 -1312.18 1 0
-0.973227 0 0.229846 0 0 1 0 0 -0.229846 0 -0.973227 0 -5108.47 0 -1312.18 1 0
-0.973227 0 0.229846 0 0 1 0 0 -0.229846 0 -0.973227 0 -5108.47 0 -1312.18 1 0
-0.973227 0 0.229846 0 0 1 0 0 -0.229846 0 -0.973227 0 -5108.47 0 -1312.18 1 0
-0.973227 0 0.229846 0 0 1 0 0 -0.229846 0 -0.973227 0 -5108.47 0 -1312.18 1 0
-0.973227 0 0.229846 0 0 1 0 0 -0.229846 0 -0.973227 0 -5108.47 0 -1312.18 1 0
-0.973227 0 0.229846 0 0 1 0 0 -0.229846 0 -0.973227 0 -5108.47 0 -1312.18 1 0
-0.973227 0 0.229846 0 0 1 0 0 -0.229846 0 -0.973227 0 -5108.47 0 -1312.18 1 0
-0.973227 0 0.229846 0 0 1 0 0 -0.229846 0 -0.973227 0 -5108.47 0 -1312.18 1 0
-0.973227 0 0.229846 0 0 1 0 0 -0.229846 0 -0.973227 0 -5108.47 0 -1312.18 1 0
-0.973227 0 0.229846 0 0 1 0 0 -0.229846 0 -0.973227 0 -5108.47 0 -1312.18 1 0
-0.973227 0 0.229846 0 0 1 0 0 -0.229846 0 -0.973227 0 -5108.47 0 -1312.18 1 0
-0.973227 0 0.229846 0 0 1 0 0 -0.229846 0 -0.973227 0 -5108.47 0 -1312.18 1 0
-0.973227 0 0.229846 0 0 1 0 0 -0.229846 0 -0.973227 0 -5108.47 0 -1312.18 1 0
-0.973227 0 0.229846 0 0 1 0 0 -0.229846 0 -0.973227 0 -5108.47 0 -1312.18 1 0
-0.973227 0 0.229846 0 0 1 0 0 -0.229846 0 -0.973227 0 -5108.47 0 -1312.18 1 0
-0.973227 0 0.229846 0 0 1 0 0 -0.229846 0 -0.973227 0 -5108.47 0 -1312.18 1 0
-0.973227 0 0.229846 0 0 1 0 0 -0.229846 0 -0.973227 0 -5108.47 0 -1312.18 1 0
-0.973227 0 0.229846 0 0 1 0 0 -0.229846 0 -0.973227 0 -5108.47 0 -1312.18 1 0
-0.957827 -0.0485914 0.283207 0 -0.0320937 0.997522 0.062607 0 -0.285548 0.0508774 -0.957013 0 -5246.99 -10.2211 736.649 1 1
-0.959327 -0.0814169 0.270302 0 -0.0619442 0.994883 0.0798202 0 -0.275417 0.0598301 -0.959461 0 -5323.83 -16.1738 741.005 1 1
-0.959327 -0.0814169 0.270302 0 -0.0619442 0.994883 0.0798202 0 -0.275417 0.0598301 -0.959461 0 -5323.83 -16.1738 741.005 1 2
-0.959327 -0.0814169 0.270302 0 -0.0619442 0.994883 0.0798202 0 -0.275417 0.0598301 -0.959461 0 -5323.83 -16.1738 741.005 1 2
-0.959327 -0.0814169 0.270302 0 -0.0619442 0.994883 0.0798202 0 -0.275417 0.0598301 -0.959461 0 -5323.83 -16.1738 741.005 1 2
-0.959327 -0.0814169 0.270302 0 -0.0619442 0.994883 0.0798202 0 -0.275417 0.0598301 -0.959461 0 -5323.83 -16.1738 741.005 1 2
-0.959327 -0.0814169 0.270302 0 -0.0619442 0.994883 0.0798202 0 -0.275417 0.0598301 -0.959461 0 -5323.83 -16.1738 741.005 1 2
-0.959327 -0.0814169 0.270302 0 -0.0619442 0.994883 0.0798202 0 -0.275417 0.0598301 -0.959461 0 -5323.83 -16.1738 741.005 1 2
-0.959327 -0.0814169 0.270302 0 -0.0619442 0.994883 0.0798202 0 -0.275417 0.0598301 -0.959461 0 -5323.83 -16.1738 741.005 1 2
-0.959327 -0.0814169 0.270302 0 -0.0619442 0.994883 0.0798202 0 -0.275417 0.0598301 -0.959461 0 -5323.83 -16.1738 741.005 1 2
-0.959327 -0.0814169 0.270302 0 -0.0619442 0.994883 0.0798202 0 -0.275417 0.0598301 -0.959461 0 -5323.83 -16.1738 741.005 1 2
-0.959327 -0.0814169 0.270302 0 -0.0619442 0.994883 0.0798202 0 -0.275417 0.0598301 -0.959461 0 -5323.83 -16.1738 741.005 1 2
-0.959327 -0.0814169 0.270302 0 -0.0619442 0.994883 0.0798202 0 -0.275417 0.0598301 -0.959461 0 -5323.83 -16.1738 741.005 1 2
-0.959327 -0.0814169 0.270302 0 -0.0619442 0.994883 0.0798202 0 -0.275417 0.0598301 -0.959461 0 -5323.83 -16.1738 741.005 1 2
-0.959327 -0.0814169 0.270302 0 -0.0619442 0.994883 0.0798202 0 -0.275417 0.0598301 -0.959461 0 -5323.83 -16.1738 741.005 1 2
-0.959327 -0.0814169 0.270302 0 -0.0619442 0.994883 0.0798202 0 -0.275417 0.0598301 -0.959461 0 -5323.83 -16.1738 741.005 1 2
-0.959327 -0.0814169 0.270302 0 -0.0619442 0.994883 0.0798202 0 -0.275417 0.0598301 -0.959461 0 -5323.83 -16.1738 741.005 1 2
-0.959327 -0.0814169 0.270302 0 -0.0619442 0.994883 0.0798202 0 -0.275417 0.0598301 -0.959461 0 -5323.83 -16.1738 741.005 1 2
-0.959327 -0.0814169 0.270302 0 -0.0619442 0.994883 0.0798202 0 -0.275417 0.0598301 -0.959461 0 -5323.83 -16.1738 741.005 1 2
-0.959327 -0.0814169 0.270302 0 -0.0619442 0.994883 0.0798202 0 -0.275417 0.0598301 -0.959461 0 -5323.83 -16.1738 741.005 1 2
-0.959327 -0.0814169 0.270302 0 -0.0619442 0.994883 0.0798202 0 -0.275417 0.0598301 -0.959461 0 -5323.83 -16.1738 741.005 1 2
-0.959327 -0.0814169 0.270302 0 -0.0619442 0.994883 0.0798202 0 -0.275417 0.0598301 -0.959461 0 -5323.83 -16.1738 741.005 1 2
-0.959327 -0.0814169 0.270302 0 -0.0619442 0.994883 0.0798202 0 -0.275417 0.0598301 -0.959461 0 -5323.83 -16.1738 741.005 1 2
-0.959327 -0.0814169 0.270302 0 -0.0619442 0.994883 0.0798202 0 -0.275417 0.0598301 -0.959461 0 -5323.83 -16.1738 741.005 1 2
-0.959327 -0.0814169 0.270302 0 -0.0619442 0.994883 0.0798202 0 -0.275417 0.0598301 -0.959461 0 -5323.83 -16.1738 741.005 1 2
-0.959327 -0.0814169 0.270302 0 -0.0619442 0.994883 0.0798202 0 -0.275417 0.0598301 -0.959461 0 -5323.83 -16.1738 741.005 1 2
-0.959327 -0.0814169 0.270302 0 -0.0619442 0.994883 0.0798202 0 -0.275417 0.0598301 -0.959461 0 -5323.83 -16.1738 741.005 1 2
-0.959327 -0.0814169 0.270302 0 -0.0619442 0.994883 0.0798202 0 -0.275417 0.0598301 -0.959461 0 -5323.83 -16.1738 741.005 1 2
-0.959327 -0.0814169 0.270302 0 -0.0619442 0.994883 0.0798202 0 -0.275417 0.0598301 -0.959461 0 -5323.83 -16.1738 741.005 1 2
-0.959327 -0.0814169 0.270302 0 -0.0619442 0.994883 0.0798202 0 -0.275417 0.0598301 -0.959461 0 -5323.83 -16.1738 741.005 1 2
-0.959327 -0.0814169 0.270302 0 -0.0619442 0.994883 0.0798202 0 -0.275417 0.0598301 -0.959461 0 -5323.83 -16.1738 741.005 1 2
-0.959327 -0.0814169 0.270302 0 -0.0619442 0.994883 0.0798202 0 -0.275417 0.0598301 -0.959461 0 -5323.83 -16.1738 741.005 1 2
-0.959327 -0.0814169 0.270302 0 -0.0619442 0.994883 0.0798202 0 -0.275417 0.0598301 -0.959461 0 -5323.83 -16.1738 741.005 1 2
-0.959327 -0.0814169 0.270302 0 -0.0619442 0.994883 0.0798202 0 -0.275417 0.0598301 -0.959461 0 -5323.83 -16.1738 741.005 1 2
-0.959327 -0.0814169 0.270302 0 -0.0619442 0.994883 0.0798202 0 -0.275417 0.0598301 -0.959461 0 -5323.83 -16.1738 741.005 1 2
-0.959327 -0.0814169 0.270302 0 -0.0619442 0.994883 0.0798202 0 -0.275417 0.0598301 -0.959461 0 -5323.83 -16.1738 741.005 1 2
-0.959327 -0.0814169 0.270302 0 -0.0619442 0.994883 0.0798202 0 -0.275417 0.0598301 -0.959461 0 -5323.83 -16.1738 741.005 1 2
-0.959327 -0.0814169 0.270302 0 -0.0619442 0.994883 0.0798202 0 -0.275417 0.0598301 -0.959461 0 -5323.83 -16.1738 741.005 1 2
-0.959327 -0.0814169 0.270302 0 -0.0619442 0.994883 0.0798202 0 -0.275417 0.0598301 -0.959461 0 -5323.83 -16.1738 741.005 1 2
-0.959327 -0.0814169 0.270302 0 -0.0619442 0.994883 0.0798202 0 -0.275417 0.0598301 -0.959461 0 -5323.83 -16.1738 741.005 1 2
-0.959327 -0.0814169 0.270302 0 -0.0619442 0.994883 0.0798202 0 -0.275417 0.0598301 -0.959461 0 -5323.83 -16.1738 741.005 1 2
-0.959327 -0.0814169 0.270302 0 -0.0619442 0.994883 0.0798202 0 -0.275417 0.0598301 -0.959461 0 -5323.83 -16.1738 741.005 1 2
-0.959327 -0.0814169 0.270302 0 -0.0619442 0.994883 0.0798202 0 -0.275417 0.0598301 -0.959461 0 -5323.83 -16.1738 741.005 1 2
-0.959327 -0.0814169 0.270302 0 -0.0619442 0.994883 0.0798202 0 -0.275417 0.0598301 -0.959461 0 -5323.83 -16.1738 741.005 1 2
-0.959327 -0.0814169 0.270302 0 -0.0619442 0.994883 0.0798202 0 -0.275417 0.0598301 -0.959461 0 -5323.83 -16.1738 741.005 1 2
-0.959327 -0.0814169 0.270302 0 -0.0619442 0.994883 0.0798202 0 -0.275417 0.0598301 -0.959461 0 -5323.83 -16.1738 741.005 1 2
-0.959327 -0.0814169 0.270302 0 -0.0619442 0.994883 0.0798202 0 -0.275417 0.0598301 -0.959461 0 -5323.83 -16.1738 741.005 1 2
-0.959327 -0.0814169 0.270302 0 -0.0619442 0.994883 0.0798202 0 -0.275417 0.0598301 -0.959461 0 -5323.83 -16.1738 741.005 1 2
-0.959327 -0.0814169 0.270302 0 -0.0619442 0.994883 0.0798202 0 -0.275417 0.0598301 -0.959461 0 -5323.83 -16.1738 741.005 1 2
-0.959327 -0.0814169 0.270302 0 -0.0619442 0.994883 0.0798202 0 -0.275417 0.0598301 -0.959461 0 -5323.83 -16.1738 741.005 1 2
-0.959327 -0.0814169 0.270302 0 -0.0619442 0.994883 0.0798202 0 -0.275417 0.0598301 -0.959461 0 -5323.83 -16.1738 741.005 1 2
-0.959327 -0.0814169 0.270302 0 -0.0619442 0.994883 0.0798202 0 -0.275417 0.0598301 -0.959461 0 -5323.83 -16.1738 741.005 1 2
-0.959327 -0.0814169 0.270302 0 -0.0619442 0.994883 0.0798202 0 -0.275417 0.0598301 -0.959461 0 -5323.83 -16.1738 741.005 1 2
-0.959327 -0.0814169 0.270302 0 -0.0619442 0.994883 0.0798202 0 -0.275417 0.0598301 -0.959461 0 -5323.83 -16.1738 741.005 1 2
-0.959327 -0.0814169 0.270302 0 -0.0619442 0.994883 0.0798202 0 -0.275417 0.0598301 -0.959461 0 -5323.83 -16.1738 741.005 1 2
-0.959327 -0.0814169 0.270302 0 -0.0619442 0.994883 0.0798202 0 -0.275417 0.0598301 -0.959461 0 -5323.83 -16.1738 741.005 1 2
-0.959327 -0.0814169 0.270302 0 -0.0619442 0.994883 0.0798202 0 -0.275417 0.0598301 -0.959461 0 -5323.83 -16.1738 741.005 1 2
-0.959327 -0.0814169 0.270302 0 -0.0619442 0.994883 0.0798202 0 -0.275417 0.0598301 -0.959461 0 -5323.83 -16.1738 741.005 1 2
-0.959327 -0.0814169 0.270302 0 -0.0619442 0.994883 0.0798202 0 -0.275417 0.0598301 -0.959461 0 -5323.83 -16.1738 741.005 1 2
-0.959327 -0.0814169 0.270302 0 -0.0619442 0.994883 0.0798202 0 -0.275417 0.0598301 -0.959461 0 -5323.83 -16.1738 741.005 1 2
-0.959327 -0.0814169 0.270302 0 -0.0619442 0.994883 0.0798202 0 -0.275417 0.0598301 -0.959461 0 -5323.83 -16.1738 741.005 1 2
-0.959327 -0.0814169 0.270302 0 -0.0619442 0.994883 0.0798202 0 -0.275417 0.0598301 -0.959461 0 -5323.83 -16.1738 741.005 1 2
-0.959327 -0.0814169 0.270302 0 -0.0619442 0.994883 0.0798202 0 -0.275417 0.0598301 -0.959461 0 -5323.83 -16.1738 741.005 1 2
-0.959327 -0.0814169 0.270302 0 -0.0619442 0.994883 0.0798202 0 -0.275417 0.0598301 -0.959461 0 -5323.83 -16.1738 741.005 1 2
-0.958779 -0.10013 0.265927 0 -0.0791172 0.992919 0.0886134 0 -0.272917 0.0639212 -0.959912 0 -5323.18 -93.7479 749.836 1 3
-0.95771 -0.113741 0.2643 0 -0.092487 0.991496 0.0915556 0 -0.272466 0.0632394 -0.960085 0 -5322.53 -155.687 758.469 1 3
-0.956578 -0.123129 0.264193 0 -0.102169 0.99053 0.0917137 0 -0.272984 0.0607389 -0.960099 0 -5322.49 -203.51 765.915 1 3
-0.95549 -0.12944 0.265113 0 -0.109153 0.989948 0.0899422 0 -0.27409 0.0570011 -0.960013 0 -5323 -239.821 774.401 1 3
-0.954696 -0.13154 0.266933 0 -0.112156 0.989903 0.0866774 0 -0.275639 0.0528126 -0.959809 0 -5325.01 -260.825 784.257 1 3
-0.954185 -0.129279 0.269849 0 -0.1106 0.990361 0.0833788 0 -0.278027 0.0497134 -0.959286 0 -5329.31 -261.158 797.714 1 3
-0.953801 -0.12456 0.273402 0 -0.107076 0.991184 0.0780268 0 -0.280711 0.0451473 -0.95873 0 -5333.73 -254.337 813.598 1 3
-0.953546 -0.118721 0.276866 0 -0.102248 0.992059 0.073246 0 -0.283363 0.0415343 -0.958113 0 -5338.64 -241.449 829.378 1 3
-0.953282 -0.112164 0.280486 0 -0.0966459 0.992952 0.0686036 0 -0.286204 0.0382907 -0.957403 0 -5343.16 -222.973 846.171 1 3
-0.952904 -0.105851 0.2842 0 -0.0909864 0.993726 0.065044 0 -0.289302 0.0361224 -0.956556 0 -5347.34 -202.675 863.189 1 3
-0.952474 -0.100522 0.287555 0 -0.0861455 0.994336 0.0622518 0 -0.292184 0.0345216 -0.955739 0 -5351.33 -184.595 878.121 1 3
-0.952039 -0.0963233 0.290421 0 -0.0822045 0.99478 0.0604591 0 -0.294729 0.0336855 -0.954987 0 -5354.84 -169.55 890.858 1 3
-0.951653 -0.092857 0.292802 0 -0.0788575 0.995121 0.0592856 0 -0.296879 0.0333297 -0.954333 0 -5358.03 -156.697 900.272 1 3
-0.951232 -0.0903928 0.294937 0 -0.0762928 0.995339 0.0589935 0 -0.298894 0.0336149 -0.953694 0 -5360.69 -147.459 908.365 1 3
-0.950712 -0.0886302 0.297139 0 -0.0744295 0.995492 0.0587926 0 -0.30101 0.0337789 -0.953022 0 -5362.73 -141.044 917.29 1 3
-0.950144 -0.0873778 0.299319 0 -0.0730106 0.995592 0.0588739 0 -0.303144 0.0340852 -0.952335 0 -5364.13 -136.101 926.745 1 3
-0.949515 -0.0861602 0.301657 0 -0.0716475 0.995691 0.0588699 0 -0.30543 0.0342849 -0.951597 0 -5364.96 -131.226 937.213 1 3
-0.948953 -0.0852131 0.303689 0 -0.0706727 0.995778 0.0585738 0 -0.307398 0.0341213 -0.950969 0 -5366.32 -127.498 948.425 1 3
-0.948414 -0.0842912 0.305623 0 -0.0696884 0.995858 0.0584005 0 -0.30928 0.0340895 -0.95036 0 -5367.34 -123.375 958.825 1 3
-0.94794 -0.0834611 0.307316 0 -0.068817 0.99593 0.0582039 0 -0.310923 0.0340252 -0.949826 0 -5368.36 -119.697 967.555 1 3
-0.94754 -0.0826512 0.308766 0 -0.0679751 0.995999 0.0580097 0 -0.312326 0.0339781 -0.949367 0 -5369.27 -116.38 974.723 1 3
-0.947213 -0.0821639 0.309898 0 -0.0674192 0.996037 0.0580125 0 -0.313436 0.0340571 -0.948998 0 -5370.15 -114.369 979.986 1 3
-0.946928 -0.081749 0.310876 0 -0.0668968 0.996063 0.0581604 0 -0.314407 0.0342771 -0.948669 0 -5370.95 -112.601 984.337 1 3
-0.94676 -0.081407 0.311478 0 -0.0664711 0.996084 0.0582898 0 -0.315004 0.0344821 -0.948464 0 -5371.87 -111.278 986.806 1 3
-0.946601 -0.0810994 0.31204 0 -0.0660696 0.996101 0.0584594 0 -0.315564 0.0347214 -0.948269 0 -5372.59 -109.845 988.677 1 3
-0.946466 -0.0807646 0.312537 0 -0.0656441 0.99612 0.0586211 0 -0.316059 0.0349667 -0.948095 0 -5373.3 -108.111 990.113 1 3
-0.946336 -0.0804662 0.313006 0 -0.065248 0.996134 0.0588124 0 -0.316528 0.0352333 -0.947928 0 -5373.99 -106.629 991.228 1 3
-0.946226 -0.0800887 0.313436 0 -0.0647865 0.996156 0.0589537 0 -0.316952 0.0354771 -0.947778 0 -5374.59 -104.727 992.235 1 3
-0.946079 -0.0798861 0.31393 0 -0.064477 0.996163 0.0591824 0 -0.317453 0.03575 -0.9476 0 -5374.96 -103.512 993.691 1 3
-0.945961 -0.0798166 0.314304 0 -0.0644136 0.996171 0.059109 0 -0.317819 0.0356694 -0.94748 0 -5375.35 -102.939 995.016 1 3
-0.945858 -0.0797894 0.314621 0 -0.0643754 0.996174 0.0591002 0 -0.318133 0.0356465 -0.947376 0 -5375.81 -102.753 995.892 1 3
-0.945773 -0.079783 0.314878 0 -0.0643267 0.996172 0.0591945 0 -0.318395 0.0357295 -0.947285 0 -5376.25 -102.564 996.239 1 3
-0.945685 -0.0798032 0.315137 0 -0.0643273 0.99617 0.0592256 0 -0.318656 0.0357369 -0.947196 0 -5376.58 -102.674 996.469 1 3
-0.945613 -0.0798261 0.315347 0 -0.0643433 0.996169 0.059225 0 -0.318867 0.0357135 -0.947127 0 -5376.94 -102.953 996.447 1 3
-0.945556 -0.0798627 0.31551 0 -0.0643653 0.996166 0.059255 0 -0.319032 0.0357211 -0.94707 0 -5377.28 -103.182 996.161 1 3
-0.945459 -0.0804983 0.315639 0 -0.0647649 0.996093 0.0600409 0 -0.319239 0.0363239 -0.946978 0 -5378.43 -105.317 994.135 1 3
-0.945432 -0.0808658 0.315626 0 -0.0649414 0.996043 0.0606675 0 -0.319283 0.0368598 -0.946942 0 -5379.37 -106.272 992.25 1 3
-0.945375 -0.0811772 0.315716 0 -0.0651082 0.996004 0.0611343 0 -0.319417 0.0372391 -0.946882 0 -5380.06 -107.045 991.355 1 3
-0.945313 -0.0812897 0.315874 0 -0.0651228 0.995985 0.0614228 0 -0.319599 0.0374931 -0.946811 0 -5380.59 -107.36 991.088 1 3
-0.945236 -0.0813314 0.316093 0 -0.0650838 0.995974 0.0616414 0 -0.319834 0.0376931 -0.946724 0 -5381 -107.385 991.309 1 3
-0.945147 -0.0814014 0.31634 0 -0.0650657 0.99596 0.0618824 0 -0.320099 0.037905 -0.946625 0 -5381.24 -107.593 991.738 1 3
-0.945049 -0.0814874 0.316609 0 -0.0651037 0.99595 0.0620046 0 -0.32038 0.037985 -0.946527 0 -5381.43 -107.827 992.13 1 3
-0.94494 -0.0814969 0.316934 0 -0.0650731 0.995947 0.0620837 0 -0.320709 0.0380415 -0.946413 0 -5381.53 -108.087 992.804 1 3
-0.944866 -0.0815705 0.317135 0 -0.0651133 0.995939 0.062169 0 -0.320919 0.0380917 -0.94634 0 -5381.71 -108.372 993.186 1 3
-0.944813 -0.0816506 0.317271 0 -0.0651675 0.995931 0.062241 0 -0.321062 0.0381304 -0.94629 0 -5381.88 -108.695 993.391 1 3
