0.472151 0 -0.881518 0 0 1 0 0 0.881518 0 0.472151 0 -3174.05 0 -2637.03 1 0
0.472151 0 -0.881518 0 0 1 0 0 0.881518 0 0.472151 0 -3174.05 0 -2637.03 1 0
0.472151 0 -0.881518 0 0 1 0 0 0.881518 0 0.472151 0 -3174.05 0 -2637.03 1 0
0.472151 0 -0.881518 0 0 1 0 0 0.881518 0 0.472151 0 -3174.05 0 -2637.03 1 0
0.472151 0 -0.881518 0 0 1 0 0 0.881518 0 0.472151 0 -3174.05 0 -2637.03 1 0
0.472151 0 -0.881518 0 0 1 0 0 0.881518 0 0.472151 0 -3174.05 0 -2637.03 1 0
0.472151 0 -0.881518 0 0 1 0 0 0.881518 0 0.472151 0 -3174.05 0 -2637.03 1 0
0.472151 0 -0.881518 0 0 1 0 0 0.881518 0 0.472151 0 -3174.05 0 -2637.03 1 0
0.472151 0 -0.881518 0 0 1 0 0 0.881518 0 0.472151 0 -3174.05 0 -2637.03 1 0
0.472151 0 -0.881518 0 0 1 0 0 0.881518 0 0.472151 0 -3174.05 0 -2637.03 1 0
0.472151 0 -0.881518 0 0 1 0 0 0.881518 0 0.472151 0 -3174.05 0 -2637.03 1 0
0.472151 0 -0.881518 0 0 1 0 0 0.881518 0 0.472151 0 -3174.05 0 -2637.03 1 0
0.472151 0 -0.881518 0 0 1 0 0 0.881518 0 0.472151 0 -3174.05 0 -2637.03 1 0
0.472151 0 -0.881518 0 0 1 0 0 0.881518 0 0.472151 0 -3174.05 0 -2637.03 1 0
0.472151 0 -0.881518 0 0 1 0 0 0.881518 0 0.472151 0 -3174.05 0 -2637.03 1 0
0.472151 0 -0.881518 0 0 1 0 0 0.881518 0 0.472151 0 -3174.05 0 -2637.03 1 0
0.472151 0 -0.881518 0 0 1 0 0 0.881518 0 0.472151 0 -3174.05 0 -2637.03 1 0
0.472151 0 -0.881518 0 0 1 0 0 0.881518 0 0.472151 0 -3174.05 0 -2637.03 1 0
0.472151 0 -0.881518 0 0 1 0 0 0.881518 0 0.472151 0 -3174.05 0 -2637.03 1 0
0.472151 0 -0.881518 0 0 1 0 0 0.881518 0 0.472151 0 -3174.05 0 -2637.03 1 0
0.472151 0 -0.881518 0 0 1 0 0 0.881518 0 0.472151 0 -3174.05 0 -2637.03 1 0
0.472151 0 -0.881518 0 0 1 0 0 0.881518 0 0.472151 0 -3174.05 0 -2637.03 1 0
0.472151 0 -0.881518 0 0 1 0 0 0.881518 0 0.472151 0 -3174.05 0 -2637.03 1 0
0.472151 0 -0.881518 0 0 1 0 0 0.881518 0 0.472151 0 -3174.05 0 -2637.03 1 0
0.472151 0 -0.881518 0 0 1 0 0 0.881518 0 0.472151 0 -3174.05 0 -2637.03 1 0
0.472151 0 -0.881518 0 0 1 0 0 0.881518 0 0.472151 0 -3174.05 0 -2637.03 1 0
0.472151 0 -0.881518 0 0 1 0 0 0.881518 0 0.472151 0 -3174.05 0 -2637.03 1 0
0.472151 0 -0.881518 0 0 1 0 0 0.881518 0 0.472151 0 -3174.05 0 -2637.03 1 0
0.472151 0 -0.881518 0 0 1 0 0 0.881518 0 0.472151 0 -3174.05 0 -2637.03 1 0
0.472151 0 -0.881518 0 0 1 0 0 0.881518 0 0.472151 0 -3174.05 0 -2637.03 1 0
0.472151 0 -0.881518 0 0 1 0 0 0.881518 0 0.472151 0 -3174.05 0 -2637.03 1 0
0.472151 0 -0.881518 0 0 1 0 0 0.881518 0 0.472151 0 -3174.05 0 -2637.03 1 0
0.472151 0 -0.881518 0 0 1 0 0 0.881518 0 0.472151 0 -3174.05 0 -2637.03 1 0
0.472151 0 -0.881518 0 0 1 0 0 0.881518 0 0.472151 0 -3174.05 0 -2637.03 1 0
0.472151 0 -0.881518 0 0 1 0 0 0.881518 0 0.472151 0 -3174.05 0 -2637.03 1 0
0.472151 0 -0.881518 0 0 1 0 0 0.881518 0 0.472151 0 -3174.05 0 -2637.03 1 0
0.472151 0 -0.881518 0 0 1 0 0 0.881518 0 0.472151 0 -3174.05 0 -2637.03 1 0
0.472151 0 -0.881518 0 0 1 0 0 0.881518 0 0.472151 0 -3174.05 0 -2637.03 1 0
0.472151 0 -0.881518 0 0 1 0 0 0.881518 0 0.472151 0 -3174.05 0 -2637.03 1 0
0.472151 0 -0.881518 0 0 1 0 0 0.881518 0 0.472151 0 -3174.05 0 -2637.03 1 0
0.472151 0 -0.881518 0 0 1 0 0 0.881518 0 0.472151 0 -3174.05 0 -2637.03 1 0
0.472151 0 -0.881518 0 0 1 0 0 0.881518 0 0.472151 0 -3174.05 0 -2637.03 1 0
0.472151 0 -0.881518 0 0 1 0 0 0.881518 0 0.472151 0 -3174.05 0 -2637.03 1 0
0.472151 0 -0.881518 0 0 1 0 0 0.881518 0 0.472151 0 -3174.05 0 -2637.03 1 0
0.472151 0 -0.881518 0 0 1 0 0 0.881518 0 0.472151 0 -3174.05 0 -2637.03 1 0
0.472151 0 -0.881518 0 0 1 0 0 0.881518 0 0.472151 0 -3174.05 0 -2637.03 1 0
0.472151 0 -0.881518 0 0 1 0 0 0.881518 0 0.472151 0 -3174.05 0 -2637.03 1 0
0.472151 0 -0.881518 0 0 1 0 0 0.881518 0 0.472151 0 -3174.05 0 -2637.03 1 0
0.472151 0 -0.881518 0 0 1 0 0 0.881518 0 0.472151 0 -3174.05 0 -2637.03 1 0
0.472151 0 -0.881518 0 0 1 0 0 0.881518 0 0.472151 0 -3174.05 0 -2637.03 1 0
0.472151 0 -0.881518 0 0 1 0 0 0.881518 0 0.472151 0 -3174.05 0 -2637.03 1 0
0.472151 0 -0.881518 0 0 1 0 0 0.881518 0 0.472151 0 -3174.05 0 -2637.03 1 0
0.472151 0 -0.881518 0 0 1 0 0 0.881518 0 0.472151 0 -3174.05 0 -2637.03 1 0
0.472151 0 -0.881518 0 0 1 0 0 0.881518 0 0.472151 0 -3174.05 0 -2637.03 1 0
0.472151 0 -0.881518 0 0 1 0 0 0.881518 0 0.472151 0 -3174.05 0 -2637.03 1 0
0.472151 0 -0.881518 0 0 1 0 0 0.881518 0 0.472151 0 -3174.05 0 -2637.03 1 0
0.472151 0 -0.881518 0 0 1 0 0 0.881518 0 0.472151 0 -3174.05 0 -2637.03 1 0
0.472151 0 -0.881518 0 0 1 0 0 0.881518 0 0.472151 0 -3174.05 0 -2637.03 1 0
0.472151 0 -0.881518 0 0 1 0 0 0.881518 0 0.472151 0 -3174.05 0 -2637.03 1 0
0.472151 0 -0.881518 0 0 1 0 0 0.881518 0 0.472151 0 -3174.05 0 -2637.03 1 0
0.472151 0 -0.881518 0 0 1 0 0 0.881518 0 0.472151 0 -3174.05 0 -2637.03 1 0
0.472151 0 -0.881518 0 0 1 0 0 0.881518 0 0.472151 0 -3174.05 0 -2637.03 1 0
0.472151 0 -0.881518 0 0 1 0 0 0.881518 0 0.472151 0 -3174.05 0 -2637.03 1 0
0.472151 0 -0.881518 0 0 1 0 0 0.881518 0 0.472151 0 -3174.05 0 -2637.03 1 0
0.472151 0 -0.881518 0 0 1 0 0 0.881518 0 0.472151 0 -3174.05 0 -2637.03 1 0
0.472151 0 -0.881518 0 0 1 0 0 0.881518 0 0.472151 0 -3174.05 0 -2637.03 1 0
0.472151 0 -0.881518 0 0 1 0 0 0.881518 0 0.472151 0 -3174.05 0 -2637.03 1 0
0.472151 0 -0.881518 0 0 1 0 0 0.881518 0 0.472151 0 -3174.05 0 -2637.03 1 0
0.472151 0 -0.881518 0 0 1 0 0 0.881518 0 0.472151 0 -3174.05 0 -2637.03 1 0
0.472151 0 -0.881518 0 0 1 0 0 0.881518 0 0.472151 0 -3174.05 0 -2637.03 1 0
0.472151 0 -0.881518 0 0 1 0 0 0.881518 0 0.472151 0 -3174.05 0 -2637.03 1 0
0.472151 0 -0.881518 0 0 1 0 0 0.881518 0 0.472151 0 -3174.05 0 -2637.03 1 0
0.472151 0 -0.881518 0 0 1 0 0 0.881518 0 0.472151 0 -3174.05 0 -2637.03 1 0
0.472151 0 -0.881518 0 0 1 0 0 0.881518 0 0.472151 0 -3174.05 0 -2637.03 1 0
0.472151 0 -0.881518 0 0 1 0 0 0.881518 0 0.472151 0 -3174.05 0 -2637.03 1 0
0.472151 0 -0.881518 0 0 1 0 0 0.881518 0 0.472151 0 -3174.05 0 -2637.03 1 0
0.472151 0 -0.881518 0 0 1 0 0 0.881518 0 0.472151 0 -3174.05 0 -2637.03 1 0
0.472151 0 -0.881518 0 0 1 0 0 0.881518 0 0.472151 0 -3174.05 0 -2637.03 1 0
0.472151 0 -0.881518 0 0 1 0 0 0.881518 0 0.472151 0 -3174.05 0 -2637.03 1 0
0.472151 0 -0.881518 0 0 1 0 0 0.881518 0 0.472151 0 -3174.05 0 -2637.03 1 0
0.472151 0 -0.881518 0 0 1 0 0 0.881518 0 0.472151 0 -3174.05 0 -2637.03 1 0
0.472151 0 -0.881518 0 0 1 0 0 0.881518 0 0.472151 0 -3174.05 0 -2637.03 1 0
0.472151 0 -0.881518 0 0 1 0 0 0.881518 0 0.472151 0 -3174.05 0 -2637.03 1 0
0.472151 0 -0.881518 0 0 1 0 0 0.881518 0 0.472151 0 -3174.05 0 -2637.03 1 0
0.472151 0 -0.881518 0 0 1 0 0 0.881518 0 0.472151 0 -3174.05 0 -2637.03 1 0
0.472151 0 -0.881518 0 0 1 0 0 0.881518 0 0.472151 0 -3174.05 0 -2637.03 1 0
0.472151 0 -0.881518 0 0 1 0 0 0.881518 0 0.472151 0 -3174.05 0 -2637.03 1 0
0.472151 0 -0.881518 0 0 1 0 0 0.881518 0 0.472151 0 -3174.05 0 -2637.03 1 0
0.472151 0 -0.881518 0 0 1 0 0 0.881518 0 0.472151 0 -3174.05 0 -2637.03 1 0
0.472151 0 -0.881518 0 0 1 0 0 0.881518 0 0.472151 0 -3174.05 0 -2637.03 1 0
0.374423 0.0882692 -0.923047 0 -0.0290749 0.996087 0.08346 0 0.926802 -0.0044118 0.375524 0 -4171.84 219.465 -1269.53 1 1
0.375629 0.0984561 -0.921525 0 -0.0294201 0.995107 0.0943254 0 0.926303 -0.00831998 0.376688 0 -4124.17 222.909 -1339.99 1 1
0.375629 0.0984561 -0.921525 0 -0.0294201 0.995107 0.0943254 0 0.926303 -0.00831998 0.376688 0 -4124.17 222.909 -1339.99 1 2
0.375629 0.0984561 -0.921525 0 -0.0294201 0.995107 0.0943254 0 0.926303 -0.00831998 0.376688 0 -4124.17 222.909 -1339.99 1 2
0.375629 0.0984561 -0.921525 0 -0.0294201 0.995107 0.0943254 0 0.926303 -0.00831998 0.376688 0 -4124.17 222.909 -1339.99 1 2
0.375629 0.0984561 -0.921525 0 -0.0294201 0.995107 0.0943254 0 0.926303 -0.00831998 0.376688 0 -4124.17 222.909 -1339.99 1 2
0.375629 0.0984561 -0.921525 0 -0.0294201 0.995107 0.0943254 0 0.926303 -0.00831998 0.376688 0 -4124.17 222.909 -1339.99 1 2
0.375629 0.0984561 -0.921525 0 -0.0294201 0.995107 0.0943254 0 0.926303 -0.00831998 0.376688 0 -4124.17 222.909 -1339.99 1 2
0.375629 0.0984561 -0.921525 0 -0.0294201 0.995107 0.0943254 0 0.926303 -0.00831998 0.376688 0 -4124.17 222.909 -1339.99 1 2
0.375629 0.0984561 -0.921525 0 -0.0294201 0.995107 0.0943254 0 0.926303 -0.00831998 0.376688 0 -4124.17 222.909 -1339.99 1 2
0.375629 0.0984561 -0.921525 0 -0.0294201 0.995107 0.0943254 0 0.926303 -0.00831998 0.376688 0 -4124.17 222.909 -1339.99 1 2
0.375629 0.0984561 -0.921525 0 -0.0294201 0.995107 0.0943254 0 0.926303 -0.00831998 0.376688 0 -4124.17 222.909 -1339.99 1 2
0.375629 0.0984561 -0.921525 0 -0.0294201 0.995107 0.0943254 0 0.926303 -0.00831998 0.376688 0 -4124.17 222.909 -1339.99 1 2
0.375629 0.0984561 -0.921525 0 -0.0294201 0.995107 0.0943254 0 0.926303 -0.00831998 0.376688 0 -4124.17 222.909 -1339.99 1 2
0.375629 0.0984561 -0.921525 0 -0.0294201 0.995107 0.0943254 0 0.926303 -0.00831998 0.376688 0 -4124.17 222.909 -1339.99 1 2
0.375629 0.0984561 -0.921525 0 -0.0294201 0.995107 0.0943254 0 0.926303 -0.00831998 0.376688 0 -4124.17 222.909 -1339.99 1 2
0.375629 0.0984561 -0.921525 0 -0.0294201 0.995107 0.0943254 0 0.926303 -0.00831998 0.376688 0 -4124.17 222.909 -1339.99 1 2
0.375629 0.0984561 -0.921525 0 -0.0294201 0.995107 0.0943254 0 0.926303 -0.00831998 0.376688 0 -4124.17 222.909 -1339.99 1 2
0.375629 0.0984561 -0.921525 0 -0.0294201 0.995107 0.0943254 0 0.926303 -0.00831998 0.376688 0 -4124.17 222.909 -1339.99 1 2
0.375629 0.0984561 -0.921525 0 -0.0294201 0.995107 0.0943254 0 0.926303 -0.00831998 0.376688 0 -4124.17 222.909 -1339.99 1 2
0.375629 0.0984561 -0.921525 0 -0.0294201 0.995107 0.0943254 0 0.926303 -0.00831998 0.376688 0 -4124.17 222.909 -1339.99 1 2
0.375629 0.0984561 -0.921525 0 -0.0294201 0.995107 0.0943254 0 0.926303 -0.00831998 0.376688 0 -4124.17 222.909 -1339.99 1 2
0.375629 0.0984561 -0.921525 0 -0.0294201 0.995107 0.0943254 0 0.926303 -0.00831998 0.376688 0 -4124.17 222.909 -1339.99 1 2
0.375629 0.0984561 -0.921525 0 -0.0294201 0.995107 0.0943254 0 0.926303 -0.00831998 0.376688 0 -4124.17 222.909 -1339.99 1 2
0.375629 0.0984561 -0.921525 0 -0.0294201 0.995107 0.0943254 0 0.926303 -0.00831998 0.376688 0 -4124.17 222.909 -1339.99 1 2
0.375629 0.0984561 -0.921525 0 -0.0294201 0.995107 0.0943254 0 0.926303 -0.00831998 0.376688 0 -4124.17 222.909 -1339.99 1 2
0.375629 0.0984561 -0.921525 0 -0.0294201 0.995107 0.0943254 0 0.926303 -0.00831998 0.376688 0 -4124.17 222.909 -1339.99 1 2
0.375629 0.0984561 -0.921525 0 -0.0294201 0.995107 0.0943254 0 0.926303 -0.00831998 0.376688 0 -4124.17 222.909 -1339.99 1 2
0.375629 0.0984561 -0.921525 0 -0.0294201 0.995107 0.0943254 0 0.926303 -0.00831998 0.376688 0 -4124.17 222.909 -1339.99 1 2
0.375629 0.0984561 -0.921525 0 -0.0294201 0.995107 0.0943254 0 0.926303 -0.00831998 0.376688 0 -4124.17 222.909 -1339.99 1 2
0.375629 0.0984561 -0.921525 0 -0.0294201 0.995107 0.0943254 0 0.926303 -0.00831998 0.376688 0 -4124.17 222.909 -1339.99 1 2
0.375629 0.0984561 -0.921525 0 -0.0294201 0.995107 0.0943254 0 0.926303 -0.00831998 0.376688 0 -4124.17 222.909 -1339.99 1 2
0.375629 0.0984561 -0.921525 0 -0.0294201 0.995107 0.0943254 0 0.926303 -0.00831998 0.376688 0 -4124.17 222.909 -1339.99 1 2
0.375629 0.0984561 -0.921525 0 -0.0294201 0.995107 0.0943254 0 0.926303 -0.00831998 0.376688 0 -4124.17 222.909 -1339.99 1 2
0.375629 0.0984561 -0.921525 0 -0.0294201 0.995107 0.0943254 0 0.926303 -0.00831998 0.376688 0 -4124.17 222.909 -1339.99 1 2
0.375629 0.0984561 -0.921525 0 -0.0294201 0.995107 0.0943254 0 0.926303 -0.00831998 0.376688 0 -4124.17 222.909 -1339.99 1 2
0.375629 0.0984561 -0.921525 0 -0.0294201 0.995107 0.0943254 0 0.926303 -0.00831998 0.376688 0 -4124.17 222.909 -1339.99 1 2
0.375629 0.0984561 -0.921525 0 -0.0294201 0.995107 0.0943254 0 0.926303 -0.00831998 0.376688 0 -4124.17 222.909 -1339.99 1 2
0.368686 0.114802 -0.922438 0 -0.0391674 0.993382 0.107976 0 0.928729 -0.00367983 0.370742 0 -4131.01 173.261 -1335.76 1 3
0.363049 0.124929 -0.923357 0 -0.0464047 0.992165 0.115993 0 0.930614 0.000736953 0.366001 0 -4137.8 126.201 -1331.53 1 3
0.358524 0.130503 -0.924354 0 -0.0513663 0.991438 0.120051 0 0.932106 0.00443963 0.362158 0 -4144.83 85.2172 -1328.28 1 3
0.354425 0.132489 -0.925651 0 -0.0545366 0.991155 0.120983 0 0.933493 0.00760253 0.358516 0 -4152.88 49.3023 -1324.37 1 3
0.350969 0.130251 -0.927284 0 -0.0549456 0.991437 0.118466 0 0.934774 0.00937235 0.35512 0 -4161.97 21.609 -1318.82 1 3
0.347526 0.124706 -0.929341 0 -0.0515842 0.992158 0.113845 0 0.93625 0.00837509 0.351234 0 -4173.86 9.58725 -1310.2 1 3
0.34412 0.114895 -0.93187 0 -0.0468357 0.99335 0.105179 0 0.937757 0.00745053 0.347212 0 -4185.57 -1.87626 -1299.19 1 3
0.340891 0.10437 -0.934291 0 -0.0416889 0.994519 0.0958874 0 0.939178 0.00626249 0.343373 0 -4197.06 -6.81042 -1287.47 1 3
0.337488 0.0942869 -0.936596 0 -0.0366639 0.995533 0.0870088 0 0.940616 0.00497485 0.339437 0 -4208.31 -5.81233 -1274.56 1 3
0.333959 0.0853679 -0.938714 0 -0.0316964 0.996344 0.0793325 0 0.942054 0.00326001 0.335444 0 -4219.27 -0.309872 -1261.12 1 3
0.330676 0.0781423 -0.940504 0 -0.0275827 0.996941 0.0731335 0 0.943341 0.0017581 0.33182 0 -4229.44 5.6851 -1249.05 1 3
0.327462 0.0727617 -0.942059 0 -0.024242 0.997349 0.0686056 0 0.944553 0.000371642 0.328358 0 -4238.79 12.0757 -1238.84 1 3
0.325027 0.0686899 -0.943207 0 -0.0215516 0.997638 0.0652272 0 0.945459 -0.000873018 0.32574 0 -4246.73 18.3831 -1231.25 1 3
0.322517 0.0659925 -0.94426 0 -0.0194799 0.997818 0.0630821 0 0.946363 -0.00195092 0.323099 0 -4254.02 23.8917 -1224.63 1 3
0.319846 0.0639294 -0.94531 0 -0.0180106 0.997951 0.0613955 0 0.947298 -0.00261152 0.320342 0 -4261.02 27.4375 -1217.34 1 3
0.317132 0.0625774 -0.946315 0 -0.01688 0.998035 0.0603407 0 0.948231 -0.00316216 0.317565 0 -4267.5 30.5804 -1209.66 1 3
0.314255 0.0613627 -0.947353 0 -0.0156552 0.998108 0.0594571 0 0.94921 -0.0038537 0.314621 0 -4273.72 33.5711 -1201.2 1 3
0.311426 0.0603189 -0.948354 0 -0.0147792 0.99817 0.0586341 0 0.950156 -0.00424421 0.311747 0 -4279.54 35.4804 -1192.17 1 3
0.308772 0.0595156 -0.949272 0 -0.0137519 0.998215 0.058111 0 0.951037 -0.00488876 0.309039 0 -4284.82 37.9303 -1183.53 1 3
0.306504 0.0588923 -0.950046 0 -0.0127291 0.998249 0.0577737 0 0.951784 -0.00561464 0.306717 0 -4289.48 40.022 -1176.13 1 3
0.304483 0.058289 -0.950733 0 -0.0118248 0.99828 0.057417 0 0.952444 -0.00624027 0.304649 0 -4293.55 41.6338 -1169.91 1 3
0.302763 0.0578969 -0.951306 0 -0.0111995 0.9983 0.0571927 0 0.953 -0.00666164 0.302896 0 -4296.99 42.7791 -1165.38 1 3
0.301212 0.0578517 -0.951801 0 -0.0106277 0.9983 0.0573147 0 0.953498 -0.00714842 0.301315 0 -4300.11 44.2038 -1161.64 1 3
0.300059 0.057932 -0.95216 0 -0.0102391 0.998292 0.0575121 0 0.953866 -0.00750781 0.30014 0 -4302.61 45.3398 -1159.57 1 3
0.299075 0.0580195 -0.952464 0 -0.00978776 0.998284 0.0577373 0 0.954179 -0.00794529 0.29913 0 -4304.82 46.6674 -1158.08 1 3
0.298219 0.058111 -0.952727 0 -0.00926724 0.998274 0.0579884 0 0.954452 -0.0084641 0.298243 0 -4306.89 48.2675 -1157.05 1 3
0.297404 0.0581523 -0.952979 0 -0.00883197 0.998268 0.0581596 0 0.954711 -0.00888024 0.297403 0 -4308.89 49.6476 -1156.29 1 3
0.296659 0.0581507 -0.953211 0 -0.00834636 0.998264 0.0583016 0 0.954947 -0.00933982 0.296629 0 -4310.69 51.3577 -1155.71 1 3
0.29589 0.0582157 -0.953446 0 -0.00798253 0.998257 0.0584745 0 0.955189 -0.00969109 0.295839 0 -4312.4 52.6258 -1154.79 1 3
0.295153 0.0582139 -0.953675 0 -0.0078261 0.998256 0.0585132 0 0.955418 -0.00980679 0.295094 0 -4313.88 52.9176 -1154.07 1 3
0.294481 0.05829 -0.953878 0 -0.00777987 0.998251 0.0585998 0 0.955626 -0.00983551 0.29442 0 -4315.22 52.9895 -1153.69 1 3
0.293895 0.0584492 -0.954049 0 -0.00765068 0.99824 0.0587998 0 0.955807 -0.00998182 0.293825 0 -4316.5 53.2582 -1153.79 1 3
0.293362 0.0585756 -0.954205 0 -0.00759878 0.998232 0.0589421 0 0.955971 -0.0100406 0.293288 0 -4317.66 53.1454 -1154.03 1 3
0.292901 0.0586205 -0.954344 0 -0.0075891 0.99823 0.058987 0 0.956113 -0.0100348 0.292828 0 -4318.74 52.8605 -1154.51 1 3
0.292527 0.0586773 -0.954455 0 -0.00758524 0.998227 0.0590434 0 0.956227 -0.010032 0.292453 0 -4319.68 52.6946 -1155.18 1 3
0.292201 0.0600216 -0.954472 0 -0.00794057 0.998146 0.0603372 0 0.956324 -0.0100515 0.292136 0 -4322.03 52.8217 -1157.78 1 3
0.292001 0.0609316 -0.954475 0 -0.00804328 0.99809 0.0612552 0 0.956384 -0.0102095 0.291933 0 -4323.76 53.3909 -1160.09 1 3
0.291706 0.0616294 -0.95452 0 -0.00806917 0.998045 0.0619736 0 0.956474 -0.0103759 0.291633 0 -4325.32 53.7263 -1161.48 1 3
0.291348 0.0619623 -0.954608 0 -0.0080452 0.998023 0.0623249 0 0.956583 -0.0104782 0.291271 0 -4326.69 54.0387 -1162.22 1 3
0.29101 0.0622067 -0.954696 0 -0.00797867 0.998007 0.0625968 0 0.956687 -0.0105991 0.290926 0 -4327.89 54.4438 -1162.4 1 3
0.29065 0.062433 -0.95479 0 -0.00792498 0.997992 0.0628454 0 0.956797 -0.0106994 0.290561 0 -4328.92 54.6572 -1162.36 1 3
0.290301 0.0625966 -0.954886 0 -0.00791355 0.997981 0.0630158 0 0.956903 -0.010737 0.29021 0 -4329.89 54.6875 -1162.35 1 3
0.289937 0.0627299 -0.954988 0 -0.00789679 0.997972 0.0631559 0 0.957013 -0.0107699 0.289845 0 -4330.79 54.5964 -1162.07 1 3
0.289645 0.0628377 -0.955069 0 -0.00791541 0.997966 0.0632596 0 0.957101 -0.0107631 0.289554 0 -4331.49 54.482 -1161.95 1 3
0.289424 0.062905 -0.955132 0 -0.00792602 0.997962 0.0633241 0 0.957168 -0.0107571 0.289332 0 -4332.06 54.335 -1161.94 1 3
