0.615854 0 0.78786 0 0 1 0 0 -0.78786 0 0.615854 0 -543.802 0 249.808 1 0
0.615854 0 0.78786 0 0 1 0 0 -0.78786 0 0.615854 0 -543.802 0 249.808 1 0
0.615854 0 0.78786 0 0 1 0 0 -0.78786 0 0.615854 0 -543.802 0 249.808 1 0
0.615854 0 0.78786 0 0 1 0 0 -0.78786 0 0.615854 0 -543.802 0 249.808 1 0
0.615854 0 0.78786 0 0 1 0 0 -0.78786 0 0.615854 0 -543.802 0 249.808 1 0
0.615854 0 0.78786 0 0 1 0 0 -0.78786 0 0.615854 0 -543.802 0 249.808 1 0
0.615854 0 0.78786 0 0 1 0 0 -0.78786 0 0.615854 0 -543.802 0 249.808 1 0
0.615854 0 0.78786 0 0 1 0 0 -0.78786 0 0.615854 0 -543.802 0 249.808 1 0
0.615854 0 0.78786 0 0 1 0 0 -0.78786 0 0.615854 0 -543.802 0 249.808 1 0
0.615854 0 0.78786 0 0 1 0 0 -0.78786 0 0.615854 0 -543.802 0 249.808 1 0
0.61635 -0.0163448 0.787302 0 0.0132894 0.999858 0.0103538 0 -0.78736 0.00408117 0.61648 0 -438.534 0.62834 382.298 1 1
0.622152 -0.0146684 0.782759 0 0.00889735 0.999892 0.0116656 0 -0.782846 -0.000293308 0.622216 0 -417.597 -1.77557 428.382 1 1
0.622152 -0.0146684 0.782759 0 0.00889735 0.999892 0.0116656 0 -0.782846 -0.000293308 0.622216 0 -417.597 -1.77557 428.382 1 2
0.622152 -0.0146684 0.782759 0 0.00889735 0.999892 0.0116656 0 -0.782846 -0.000293308 0.622216 0 -417.597 -1.77557 428.382 1 2
0.622152 -0.0146684 0.782759 0 0.00889735 0.999892 0.0116656 0 -0.782846 -0.000293308 0.622216 0 -417.597 -1.77557 428.382 1 2
0.622152 -0.0146684 0.782759 0 0.00889735 0.999892 0.0116656 0 -0.782846 -0.000293308 0.622216 0 -417.597 -1.77557 428.382 1 2
0.622152 -0.0146684 0.782759 0 0.00889735 0.999892 0.0116656 0 -0.782846 -0.000293308 0.622216 0 -417.597 -1.77557 428.382 1 2
0.622152 -0.0146684 0.782759 0 0.00889735 0.999892 0.0116656 0 -0.782846 -0.000293308 0.622216 0 -417.597 -1.77557 428.382 1 2
0.622152 -0.0146684 0.782759 0 0.00889735 0.999892 0.0116656 0 -0.782846 -0.000293308 0.622216 0 -417.597 -1.77557 428.382 1 2
0.622152 -0.0146684 0.782759 0 0.00889735 0.999892 0.0116656 0 -0.782846 -0.000293308 0.622216 0 -417.597 -1.77557 428.382 1 2
0.622152 -0.0146684 0.782759 0 0.00889735 0.999892 0.0116656 0 -0.782846 -0.000293308 0.622216 0 -417.597 -1.77557 428.382 1 2
0.622152 -0.0146684 0.782759 0 0.00889735 0.999892 0.0116656 0 -0.782846 -0.000293308 0.622216 0 -417.597 -1.77557 428.382 1 2
0.622152 -0.0146684 0.782759 0 0.00889735 0.999892 0.0116656 0 -0.782846 -0.000293308 0.622216 0 -417.597 -1.77557 428.382 1 2
0.622152 -0.0146684 0.782759 0 0.00889735 0.999892 0.0116656 0 -0.782846 -0.000293308 0.622216 0 -417.597 -1.77557 428.382 1 2
0.622152 -0.0146684 0.782759 0 0.00889735 0.999892 0.0116656 0 -0.782846 -0.000293308 0.622216 0 -417.597 -1.77557 428.382 1 2
0.622152 -0.0146684 0.782759 0 0.00889735 0.999892 0.0116656 0 -0.782846 -0.000293308 0.622216 0 -417.597 -1.77557 428.382 1 2
0.622152 -0.0146684 0.782759 0 0.00889735 0.999892 0.0116656 0 -0.782846 -0.000293308 0.622216 0 -417.597 -1.77557 428.382 1 2
0.622152 -0.0146684 0.782759 0 0.00889735 0.999892 0.0116656 0 -0.782846 -0.000293308 0.622216 0 -417.597 -1.77557 428.382 1 2
0.622152 -0.0146684 0.782759 0 0.00889735 0.999892 0.0116656 0 -0.782846 -0.000293308 0.622216 0 -417.597 -1.77557 428.382 1 2
0.622152 -0.0146684 0.782759 0 0.00889735 0.999892 0.0116656 0 -0.782846 -0.000293308 0.622216 0 -417.597 -1.77557 428.382 1 2
0.622152 -0.0146684 0.782759 0 0.00889735 0.999892 0.0116656 0 -0.782846 -0.000293308 0.622216 0 -417.597 -1.77557 428.382 1 2
0.622152 -0.0146684 0.782759 0 0.00889735 0.999892 0.0116656 0 -0.782846 -0.000293308 0.622216 0 -417.597 -1.77557 428.382 1 2
0.622152 -0.0146684 0.782759 0 0.00889735 0.999892 0.0116656 0 -0.782846 -0.000293308 0.622216 0 -417.597 -1.77557 428.382 1 2
0.622152 -0.0146684 0.782759 0 0.00889735 0.999892 0.0116656 0 -0.782846 -0.000293308 0.622216 0 -417.597 -1.77557 428.382 1 2
0.622152 -0.0146684 0.782759 0 0.00889735 0.999892 0.0116656 0 -0.782846 -0.000293308 0.622216 0 -417.597 -1.77557 428.382 1 2
0.622152 -0.0146684 0.782759 0 0.00889735 0.999892 0.0116656 0 -0.782846 -0.000293308 0.622216 0 -417.597 -1.77557 428.382 1 2
0.622152 -0.0146684 0.782759 0 0.00889735 0.999892 0.0116656 0 -0.782846 -0.000293308 0.622216 0 -417.597 -1.77557 428.382 1 2
0.622152 -0.0146684 0.782759 0 0.00889735 0.999892 0.0116656 0 -0.782846 -0.000293308 0.622216 0 -417.597 -1.77557 428.382 1 2
0.622152 -0.0146684 0.782759 0 0.00889735 0.999892 0.0116656 0 -0.782846 -0.000293308 0.622216 0 -417.597 -1.77557 428.382 1 2
0.622152 -0.0146684 0.782759 0 0.00889735 0.999892 0.0116656 0 -0.782846 -0.000293308 0.622216 0 -417.597 -1.77557 428.382 1 2
0.622152 -0.0146684 0.782759 0 0.00889735 0.999892 0.0116656 0 -0.782846 -0.000293308 0.622216 0 -417.597 -1.77557 428.382 1 2
0.622152 -0.0146684 0.782759 0 0.00889735 0.999892 0.0116656 0 -0.782846 -0.000293308 0.622216 0 -417.597 -1.77557 428.382 1 2
0.622152 -0.0146684 0.782759 0 0.00889735 0.999892 0.0116656 0 -0.782846 -0.000293308 0.622216 0 -417.597 -1.77557 428.382 1 2
0.622152 -0.0146684 0.782759 0 0.00889735 0.999892 0.0116656 0 -0.782846 -0.000293308 0.622216 0 -417.597 -1.77557 428.382 1 2
0.622152 -0.0146684 0.782759 0 0.00889735 0.999892 0.0116656 0 -0.782846 -0.000293308 0.622216 0 -417.597 -1.77557 428.382 1 2
0.622152 -0.0146684 0.782759 0 0.00889735 0.999892 0.0116656 0 -0.782846 -0.000293308 0.622216 0 -417.597 -1.77557 428.382 1 2
0.622152 -0.0146684 0.782759 0 0.00889735 0.999892 0.0116656 0 -0.782846 -0.000293308 0.622216 0 -417.597 -1.77557 428.382 1 2
0.622152 -0.0146684 0.782759 0 0.00889735 0.999892 0.0116656 0 -0.782846 -0.000293308 0.622216 0 -417.597 -1.77557 428.382 1 2
0.622152 -0.0146684 0.782759 0 0.00889735 0.999892 0.0116656 0 -0.782846 -0.000293308 0.622216 0 -417.597 -1.77557 428.382 1 2
0.622152 -0.0146684 0.782759 0 0.00889735 0.999892 0.0116656 0 -0.782846 -0.000293308 0.622216 0 -417.597 -1.77557 428.382 1 2
0.622152 -0.0146684 0.782759 0 0.00889735 0.999892 0.0116656 0 -0.782846 -0.000293308 0.622216 0 -417.597 -1.77557 428.382 1 2
0.622152 -0.0146684 0.782759 0 0.00889735 0.999892 0.0116656 0 -0.782846 -0.000293308 0.622216 0 -417.597 -1.77557 428.382 1 2
0.622152 -0.0146684 0.782759 0 0.00889735 0.999892 0.0116656 0 -0.782846 -0.000293308 0.622216 0 -417.597 -1.77557 428.382 1 2
0.622152 -0.0146684 0.782759 0 0.00889735 0.999892 0.0116656 0 -0.782846 -0.000293308 0.622216 0 -417.597 -1.77557 428.382 1 2
0.622152 -0.0146684 0.782759 0 0.00889735 0.999892 0.0116656 0 -0.782846 -0.000293308 0.622216 0 -417.597 -1.77557 428.382 1 2
0.622152 -0.0146684 0.782759 0 0.00889735 0.999892 0.0116656 0 -0.782846 -0.000293308 0.622216 0 -417.597 -1.77557 428.382 1 2
0.622152 -0.0146684 0.782759 0 0.00889735 0.999892 0.0116656 0 -0.782846 -0.000293308 0.622216 0 -417.597 -1.77557 428.382 1 2
0.622152 -0.0146684 0.782759 0 0.00889735 0.999892 0.0116656 0 -0.782846 -0.000293308 0.622216 0 -417.597 -1.77557 428.382 1 2
0.622152 -0.0146684 0.782759 0 0.00889735 0.999892 0.0116656 0 -0.782846 -0.000293308 0.622216 0 -417.597 -1.77557 428.382 1 2
0.622152 -0.0146684 0.782759 0 0.00889735 0.999892 0.0116656 0 -0.782846 -0.000293308 0.622216 0 -417.597 -1.77557 428.382 1 2
0.622152 -0.0146684 0.782759 0 0.00889735 0.999892 0.0116656 0 -0.782846 -0.000293308 0.622216 0 -417.597 -1.77557 428.382 1 2
0.622152 -0.0146684 0.782759 0 0.00889735 0.999892 0.0116656 0 -0.782846 -0.000293308 0.622216 0 -417.597 -1.77557 428.382 1 2
0.622152 -0.0146684 0.782759 0 0.00889735 0.999892 0.0116656 0 -0.782846 -0.000293308 0.622216 0 -417.597 -1.77557 428.382 1 2
0.622152 -0.0146684 0.782759 0 0.00889735 0.999892 0.0116656 0 -0.782846 -0.000293308 0.622216 0 -417.597 -1.77557 428.382 1 2
0.622152 -0.0146684 0.782759 0 0.00889735 0.999892 0.0116656 0 -0.782846 -0.000293308 0.622216 0 -417.597 -1.77557 428.382 1 2
0.622152 -0.0146684 0.782759 0 0.00889735 0.999892 0.0116656 0 -0.782846 -0.000293308 0.622216 0 -417.597 -1.77557 428.382 1 2
0.622152 -0.0146684 0.782759 0 0.00889735 0.999892 0.0116656 0 -0.782846 -0.000293308 0.622216 0 -417.597 -1.77557 428.382 1 2
0.622152 -0.0146684 0.782759 0 0.00889735 0.999892 0.0116656 0 -0.782846 -0.000293308 0.622216 0 -417.597 -1.77557 428.382 1 2
0.622152 -0.0146684 0.782759 0 0.00889735 0.999892 0.0116656 0 -0.782846 -0.000293308 0.622216 0 -417.597 -1.77557 428.382 1 2
0.622152 -0.0146684 0.782759 0 0.00889735 0.999892 0.0116656 0 -0.782846 -0.000293308 0.622216 0 -417.597 -1.77557 428.382 1 2
0.622152 -0.0146684 0.782759 0 0.00889735 0.999892 0.0116656 0 -0.782846 -0.000293308 0.622216 0 -417.597 -1.77557 428.382 1 2
0.622152 -0.0146684 0.782759 0 0.00889735 0.999892 0.0116656 0 -0.782846 -0.000293308 0.622216 0 -417.597 -1.77557 428.382 1 2
0.622152 -0.0146684 0.782759 0 0.00889735 0.999892 0.0116656 0 -0.782846 -0.000293308 0.622216 0 -417.597 -1.77557 428.382 1 2
0.622152 -0.0146684 0.782759 0 0.00889735 0.999892 0.0116656 0 -0.782846 -0.000293308 0.622216 0 -417.597 -1.77557 428.382 1 2
0.622152 -0.0146684 0.782759 0 0.00889735 0.999892 0.0116656 0 -0.782846 -0.000293308 0.622216 0 -417.597 -1.77557 428.382 1 2
0.622152 -0.0146684 0.782759 0 0.00889735 0.999892 0.0116656 0 -0.782846 -0.000293308 0.622216 0 -417.597 -1.77557 428.382 1 2
0.622152 -0.0146684 0.782759 0 0.00889735 0.999892 0.0116656 0 -0.782846 -0.000293308 0.622216 0 -417.597 -1.77557 428.382 1 2
0.622152 -0.0146684 0.782759 0 0.00889735 0.999892 0.0116656 0 -0.782846 -0.000293308 0.622216 0 -417.597 -1.77557 428.382 1 2
0.622152 -0.0146684 0.782759 0 0.00889735 0.999892 0.0116656 0 -0.782846 -0.000293308 0.622216 0 -417.597 -1.77557 428.382 1 2
0.622152 -0.0146684 0.782759 0 0.00889735 0.999892 0.0116656 0 -0.782846 -0.000293308 0.622216 0 -417.597 -1.77557 428.382 1 2
0.622152 -0.0146684 0.782759 0 0.00889735 0.999892 0.0116656 0 -0.782846 -0.000293308 0.622216 0 -417.597 -1.77557 428.382 1 2
0.622152 -0.0146684 0.782759 0 0.00889735 0.999892 0.0116656 0 -0.782846 -0.000293308 0.622216 0 -417.597 -1.77557 428.382 1 2
0.622152 -0.0146684 0.782759 0 0.00889735 0.999892 0.0116656 0 -0.782846 -0.000293308 0.622216 0 -417.597 -1.77557 428.382 1 2
0.622152 -0.0146684 0.782759 0 0.00889735 0.999892 0.0116656 0 -0.782846 -0.000293308 0.622216 0 -417.597 -1.77557 428.382 1 2
0.622152 -0.0146684 0.782759 0 0.00889735 0.999892 0.0116656 0 -0.782846 -0.000293308 0.622216 0 -417.597 -1.77557 428.382 1 2
0.622152 -0.0146684 0.782759 0 0.00889735 0.999892 0.0116656 0 -0.782846 -0.000293308 0.622216 0 -417.597 -1.77557 428.382 1 2
0.622152 -0.0146684 0.782759 0 0.00889735 0.999892 0.0116656 0 -0.782846 -0.000293308 0.622216 0 -417.597 -1.77557 428.382 1 2
0.622152 -0.0146684 0.782759 0 0.00889735 0.999892 0.0116656 0 -0.782846 -0.000293308 0.622216 0 -417.597 -1.77557 428.382 1 2
0.622152 -0.0146684 0.782759 0 0.00889735 0.999892 0.0116656 0 -0.782846 -0.000293308 0.622216 0 -417.597 -1.77557 428.382 1 2
0.622152 -0.0146684 0.782759 0 0.00889735 0.999892 0.0116656 0 -0.782846 -0.000293308 0.622216 0 -417.597 -1.77557 428.382 1 2
0.622152 -0.0146684 0.782759 0 0.00889735 0.999892 0.0116656 0 -0.782846 -0.000293308 0.622216 0 -417.597 -1.77557 428.382 1 2
0.622152 -0.0146684 0.782759 0 0.00889735 0.999892 0.0116656 0 -0.782846 -0.000293308 0.622216 0 -417.597 -1.77557 428.382 1 2
0.622152 -0.0146684 0.782759 0 0.00889735 0.999892 0.0116656 0 -0.782846 -0.000293308 0.622216 0 -417.597 -1.77557 428.382 1 2
0.622152 -0.0146684 0.782759 0 0.00889735 0.999892 0.0116656 0 -0.782846 -0.000293308 0.622216 0 -417.597 -1.77557 428.382 1 2
0.622152 -0.0146684 0.782759 0 0.00889735 0.999892 0.0116656 0 -0.782846 -0.000293308 0.622216 0 -417.597 -1.77557 428.382 1 2
0.622152 -0.0146684 0.782759 0 0.00889735 0.999892 0.0116656 0 -0.782846 -0.000293308 0.622216 0 -417.597 -1.77557 428.382 1 2
0.622152 -0.0146684 0.782759 0 0.00889735 0.999892 0.0116656 0 -0.782846 -0.000293308 0.622216 0 -417.597 -1.77557 428.382 1 2
0.622152 -0.0146684 0.782759 0 0.00889735 0.999892 0.0116656 0 -0.782846 -0.000293308 0.622216 0 -417.597 -1.77557 428.382 1 2
0.622152 -0.0146684 0.782759 0 0.00889735 0.999892 0.0116656 0 -0.782846 -0.000293308 0.622216 0 -417.597 -1.77557 428.382 1 2
0.622152 -0.0146684 0.782759 0 0.00889735 0.999892 0.0116656 0 -0.782846 -0.000293308 0.622216 0 -417.597 -1.77557 428.382 1 2
0.622152 -0.0146684 0.782759 0 0.00889735 0.999892 0.0116656 0 -0.782846 -0.000293308 0.622216 0 -417.597 -1.77557 428.382 1 2
0.622152 -0.0146684 0.782759 0 0.00889735 0.999892 0.0116656 0 -0.782846 -0.000293308 0.622216 0 -417.597 -1.77557 428.382 1 2
0.622152 -0.0146684 0.782759 0 0.00889735 0.999892 0.0116656 0 -0.782846 -0.000293308 0.622216 0 -417.597 -1.77557 428.382 1 2
0.622152 -0.0146684 0.782759 0 0.00889735 0.999892 0.0116656 0 -0.782846 -0.000293308 0.622216 0 -417.597 -1.77557 428.382 1 2
0.622152 -0.0146684 0.782759 0 0.00889735 0.999892 0.0116656 0 -0.782846 -0.000293308 0.622216 0 -417.597 -1.77557 428.382 1 2
0.622152 -0.0146684 0.782759 0 0.00889735 0.999892 0.0116656 0 -0.782846 -0.000293308 0.622216 0 -417.597 -1.77557 428.382 1 2
0.622152 -0.0146684 0.782759 0 0.00889735 0.999892 0.0116656 0 -0.782846 -0.000293308 0.622216 0 -417.597 -1.77557 428.382 1 2
0.622152 -0.0146684 0.782759 0 0.00889735 0.999892 0.0116656 0 -0.782846 -0.000293308 0.622216 0 -417.597 -1.77557 428.382 1 2
0.622152 -0.0146684 0.782759 0 0.00889735 0.999892 0.0116656 0 -0.782846 -0.000293308 0.622216 0 -417.597 -1.77557 428.382 1 2
0.622152 -0.0146684 0.782759 0 0.00889735 0.999892 0.0116656 0 -0.782846 -0.000293308 0.622216 0 -417.597 -1.77557 428.382 1 2
0.622152 -0.0146684 0.782759 0 0.00889735 0.999892 0.0116656 0 -0.782846 -0.000293308 0.622216 0 -417.597 -1.77557 428.382 1 2
0.622152 -0.0146684 0.782759 0 0.00889735 0.999892 0.0116656 0 -0.782846 -0.000293308 0.622216 0 -417.597 -1.77557 428.382 1 2
0.622152 -0.0146684 0.782759 0 0.00889735 0.999892 0.0116656 0 -0.782846 -0.000293308 0.622216 0 -417.597 -1.77557 428.382 1 2
0.622152 -0.0146684 0.782759 0 0.00889735 0.999892 0.0116656 0 -0.782846 -0.000293308 0.622216 0 -417.597 -1.77557 428.382 1 2
0.622152 -0.0146684 0.782759 0 0.00889735 0.999892 0.0116656 0 -0.782846 -0.000293308 0.622216 0 -417.597 -1.77557 428.382 1 2
0.622152 -0.0146684 0.782759 0 0.00889735 0.999892 0.0116656 0 -0.782846 -0.000293308 0.622216 0 -417.597 -1.77557 428.382 1 2
0.622152 -0.0146684 0.782759 0 0.00889735 0.999892 0.0116656 0 -0.782846 -0.000293308 0.622216 0 -417.597 -1.77557 428.382 1 2
0.622152 -0.0146684 0.782759 0 0.00889735 0.999892 0.0116656 0 -0.782846 -0.000293308 0.622216 0 -417.597 -1.77557 428.382 1 2
0.622152 -0.0146684 0.782759 0 0.00889735 0.999892 0.0116656 0 -0.782846 -0.000293308 0.622216 0 -417.597 -1.77557 428.382 1 2
0.622152 -0.0146684 0.782759 0 0.00889735 0.999892 0.0116656 0 -0.782846 -0.000293308 0.622216 0 -417.597 -1.77557 428.382 1 2
0.622152 -0.0146684 0.782759 0 0.00889735 0.999892 0.0116656 0 -0.782846 -0.000293308 0.622216 0 -417.597 -1.77557 428.382 1 2
0.622152 -0.0146684 0.782759 0 0.00889735 0.999892 0.0116656 0 -0.782846 -0.000293308 0.622216 0 -417.597 -1.77557 428.382 1 2
0.622152 -0.0146684 0.782759 0 0.00889735 0.999892 0.0116656 0 -0.782846 -0.000293308 0.622216 0 -417.597 -1.77557 428.382 1 2
0.622152 -0.0146684 0.782759 0 0.00889735 0.999892 0.0116656 0 -0.782846 -0.000293308 0.622216 0 -417.597 -1.77557 428.382 1 2
0.622152 -0.0146684 0.782759 0 0.00889735 0.999892 0.0116656 0 -0.782846 -0.000293308 0.622216 0 -417.597 -1.77557 428.382 1 2
0.622152 -0.0146684 0.782759 0 0.00889735 0.999892 0.0116656 0 -0.782846 -0.000293308 0.622216 0 -417.597 -1.77557 428.382 1 2
0.622152 -0.0146684 0.782759 0 0.00889735 0.999892 0.0116656 0 -0.782846 -0.000293308 0.622216 0 -417.597 -1.77557 428.382 1 2
0.622152 -0.0146684 0.782759 0 0.00889735 0.999892 0.0116656 0 -0.782846 -0.000293308 0.622216 0 -417.597 -1.77557 428.382 1 2
0.622172 -0.0136447 0.782762 0 0.00596033 0.999902 0.0126923 0 -0.782858 -0.00323128 0.622192 0 -416.915 -4.99997 429.327 1 3
0.622374 -0.012334 0.782623 0 0.00337363 0.999909 0.0130755 0 -0.782713 -0.00549759 0.622359 0 -415.744 -6.94119 430.196 1 3
0.622515 -0.0111628 0.782528 0 0.00134213 0.999912 0.013196 0 -0.782607 -0.00716448 0.622475 0 -414.549 -8.28434 431.139 1 3
0.622792 -0.00995987 0.782324 0 -0.000258273 0.999916 0.0129357 0 -0.782387 -0.00825829 0.622738 0 -413.504 -9.15045 431.988 1 3
0.623187 -0.00894054 0.782022 0 -0.00138379 0.99992 0.0125344 0 -0.782072 -0.00889344 0.623125 0 -412.666 -9.6382 432.73 1 3
0.623818 -0.00953785 0.781512 0 -0.000622431 0.999919 0.0127002 0 -0.78157 -0.00840906 0.623761 0 -412.518 -9.06801 433.047 1 3
0.624521 -0.00985878 0.780946 0 -1.01248e-05 0.99992 0.0126313 0 -0.781008 -0.00789639 0.624471 0 -412.241 -8.0874 433.327 1 3
0.625113 -0.0107588 0.78046 0 0.000716237 0.999912 0.0132104 0 -0.780534 -0.00769897 0.625066 0 -412.181 -7.02662 433.712 1 3
0.625553 -0.011383 0.780099 0 0.00218537 0.999915 0.0128381 0 -0.780179 -0.00632612 0.625524 0 -411.746 -6.63246 434.744 1 3
0.626001 -0.0122933 0.779725 0 0.00372681 0.999911 0.0127728 0 -0.779813 -0.00508988 0.625991 0 -411.365 -6.01634 435.836 1 3
0.626165 -0.013231 0.779579 0 0.00502264 0.999904 0.0129361 0 -0.779675 -0.0041846 0.626171 0 -411.223 -5.74909 436.582 1 3
0.626211 -0.0140566 0.779527 0 0.00598964 0.999895 0.0132187 0 -0.77963 -0.00360861 0.62623 0 -411.293 -5.71687 437.229 1 3
0.625974 -0.0147015 0.779706 0 0.0068531 0.999887 0.0133512 0 -0.779814 -0.00301408 0.626004 0 -411.314 -5.60925 437.741 1 3
0.625695 -0.0151383 0.779921 0 0.00725279 0.999881 0.0135891 0 -0.780034 -0.00284604 0.62573 0 -411.238 -5.60499 438.146 1 3
0.625641 -0.0152235 0.779963 0 0.00735388 0.99988 0.0136171 0 -0.780077 -0.00278364 0.625678 0 -411.124 -5.61816 438.544 1 3
0.625735 -0.015368 0.779885 0 0.00751296 0.999878 0.0136751 0 -0.78 -0.00269775 0.625774 0 -410.835 -5.54528 438.903 1 3
0.626042 -0.0157336 0.779631 0 0.00795671 0.999873 0.0137891 0 -0.779749 -0.00242927 0.626088 0 -410.489 -5.56626 439.181 1 3
0.627623 -0.0152542 0.778368 0 0.0082332 0.999882 0.0129567 0 -0.778474 -0.00172346 0.627675 0 -412.888 -5.87438 439.401 1 3
0.628859 -0.0150697 0.777373 0 0.00861582 0.999886 0.0124134 0 -0.777472 -0.00110858 0.628917 0 -414.574 -5.9098 439.578 1 3
0.629747 -0.0150169 0.776655 0 0.00901535 0.999887 0.0120231 0 -0.776748 -0.000569697 0.629811 0 -416.013 -5.88535 439.609 1 3
0.6304 -0.0152413 0.776121 0 0.00946998 0.999884 0.0119435 0 -0.776213 -0.000179341 0.630471 0 -417.011 -5.84789 439.587 1 3
0.630761 -0.0154043 0.775825 0 0.00978247 0.999881 0.0118997 0 -0.775916 8.36066e-05 0.630837 0 -417.772 -5.81975 439.547 1 3
0.631046 -0.0156449 0.775588 0 0.0100466 0.999878 0.011995 0 -0.77568 0.000222644 0.631126 0 -418.29 -5.8311 439.395 1 3
0.631076 -0.0158626 0.775559 0 0.0102426 0.999874 0.012116 0 -0.775653 0.000297619 0.631159 0 -418.671 -5.82584 439.196 1 3
0.631051 -0.0160526 0.775575 0 0.0104446 0.999871 0.0121967 0 -0.775671 0.000403871 0.631138 0 -418.828 -5.81377 439.002 1 3
0.630981 -0.0162936 0.775627 0 0.0106837 0.999867 0.0123129 0 -0.775725 0.000517406 0.631071 0 -418.988 -5.78957 438.775 1 3
0.630902 -0.0164762 0.775687 0 0.0108687 0.999864 0.0123978 0 -0.775786 0.000608951 0.630996 0 -419.06 -5.76801 438.522 1 3
0.630807 -0.0166049 0.775762 0 0.0110075 0.999862 0.0124511 0 -0.775861 0.000684951 0.630903 0 -419.048 -5.77106 438.281 1 3
0.630777 -0.0167301 0.775784 0 0.0110878 0.99986 0.012547 0 -0.775885 0.000687409 0.630874 0 -418.92 -5.78584 438.068 1 3
0.630747 -0.0167939 0.775807 0 0.0113781 0.999858 0.0123933 0 -0.775905 0.00101018 0.630849 0 -418.98 -5.70035 438.61 1 3
0.63064 -0.0168145 0.775893 0 0.0115489 0.999858 0.0122812 0 -0.775989 0.00121564 0.630745 0 -419.05 -5.59395 438.915 1 3
0.630496 -0.0168984 0.776009 0 0.0116709 0.999856 0.0122905 0 -0.776105 0.00130766 0.630603 0 -419.033 -5.57739 439.083 1 3
0.6304 -0.0168923 0.776087 0 0.0116693 0.999856 0.0122841 0 -0.776183 0.00131244 0.630507 0 -418.93 -5.55505 439.152 1 3
0.630301 -0.0168503 0.776168 0 0.0116369 0.999857 0.0122566 0 -0.776264 0.00130686 0.630407 0 -418.809 -5.55658 439.202 1 3
0.630182 -0.0168663 0.776264 0 0.0116404 0.999857 0.0122746 0 -0.77636 0.00130083 0.630288 0 -418.706 -5.59558 439.155 1 3
0.630054 -0.0170033 0.776365 0 0.0114382 0.999855 0.0126154 0 -0.776467 0.000931872 0.630157 0 -418.821 -5.68766 439.058 1 3
0.629873 -0.0170876 0.77651 0 0.0113356 0.999854 0.0128074 0 -0.776615 0.000735201 0.629975 0 -418.902 -5.74348 438.92 1 3
0.629748 -0.0170778 0.776612 0 0.0112329 0.999854 0.0128782 0 -0.776719 0.000613553 0.629848 0 -418.937 -5.76801 438.886 1 3
0.629641 -0.0170284 0.776699 0 0.0111319 0.999855 0.0128967 0 -0.776806 0.000525785 0.62974 0 -418.912 -5.79216 438.866 1 3
0.629581 -0.0169442 0.77675 0 0.0110333 0.999856 0.0128683 0 -0.776857 0.000468465 0.629677 0 -418.807 -5.81127 438.826 1 3
0.629573 -0.0169453 0.776757 0 0.0109673 0.999856 0.0129231 0 -0.776864 0.0003829 0.629668 0 -418.666 -5.87121 438.758 1 3
0.629572 -0.0169214 0.776758 0 0.0109233 0.999857 0.012928 0 -0.776866 0.000345686 0.629666 0 -418.555 -5.88719 438.689 1 3
0.629582 -0.0168803 0.776751 0 0.0108743 0.999857 0.0129148 0 -0.776858 0.00031568 0.629676 0 -418.39 -5.90867 438.663 1 3
0.629574 -0.0168772 0.776757 0 0.0108304 0.999858 0.0129465 0 -0.776865 0.000261871 0.629667 0 -418.279 -5.9347 438.624 1 3
0.629547 -0.0168521 0.77678 0 0.0107796 0.999858 0.0129553 0 -0.776888 0.00021739 0.629639 0 -418.175 -5.95108 438.632 1 3
