0.0161733 0 0.999869 0 0 1 0 0 -0.999869 0 0.0161733 0 -4676.67 0 -324.479 1 0
0.0161733 0 0.999869 0 0 1 0 0 -0.999869 0 0.0161733 0 -4676.67 0 -324.479 1 0
0.0161733 0 0.999869 0 0 1 0 0 -0.999869 0 0.0161733 0 -4676.67 0 -324.479 1 0
0.0161733 0 0.999869 0 0 1 0 0 -0.999869 0 0.0161733 0 -4676.67 0 -324.479 1 0
0.0161733 0 0.999869 0 0 1 0 0 -0.999869 0 0.0161733 0 -4676.67 0 -324.479 1 0
0.0161733 0 0.999869 0 0 1 0 0 -0.999869 0 0.0161733 0 -4676.67 0 -324.479 1 0
0.0161733 0 0.999869 0 0 1 0 0 -0.999869 0 0.0161733 0 -4676.67 0 -324.479 1 0
0.0161733 0 0.999869 0 0 1 0 0 -0.999869 0 0.0161733 0 -4676.67 0 -324.479 1 0
0.0161733 0 0.999869 0 0 1 0 0 -0.999869 0 0.0161733 0 -4676.67 0 -324.479 1 0
0.0161733 0 0.999869 0 0 1 0 0 -0.999869 0 0.0161733 0 -4676.67 0 -324.479 1 0
0.0161733 0 0.999869 0 0 1 0 0 -0.999869 0 0.0161733 0 -4676.67 0 -324.479 1 0
0.0161733 0 0.999869 0 0 1 0 0 -0.999869 0 0.0161733 0 -4676.67 0 -324.479 1 0
0.0161733 0 0.999869 0 0 1 0 0 -0.999869 0 0.0161733 0 -4676.67 0 -324.479 1 0
0.0161733 0 0.999869 0 0 1 0 0 -0.999869 0 0.0161733 0 -4676.67 0 -324.479 1 0
0.0161733 0 0.999869 0 0 1 0 0 -0.999869 0 0.0161733 0 -4676.67 0 -324.479 1 0
0.0161733 0 0.999869 0 0 1 0 0 -0.999869 0 0.0161733 0 -4676.67 0 -324.479 1 0
0.0161733 0 0.999869 0 0 1 0 0 -0.999869 0 0.0161733 0 -4676.67 0 -324.479 1 0
0.0161733 0 0.999869 0 0 1 0 0 -0.999869 0 0.0161733 0 -4676.67 0 -324.479 1 0
0.0161733 0 0.999869 0 0 1 0 0 -0.999869 0 0.0161733 0 -4676.67 0 -324.479 1 0
0.0161733 0 0.999869 0 0 1 0 0 -0.999869 0 0.0161733 0 -4676.67 0 -324.479 1 0
0.0161733 0 0.999869 0 0 1 0 0 -0.999869 0 0.0161733 0 -4676.67 0 -324.479 1 0
0.0161733 0 0.999869 0 0 1 0 0 -0.999869 0 0.0161733 0 -4676.67 0 -324.479 1 0
0.0161733 0 0.999869 0 0 1 0 0 -0.999869 0 0.0161733 0 -4676.67 0 -324.479 1 0
0.0161733 0 0.999869 0 0 1 0 0 -0.999869 0 0.0161733 0 -4676.67 0 -324.479 1 0
0.0161733 0 0.999869 0 0 1 0 0 -0.999869 0 0.0161733 0 -4676.67 0 -324.479 1 0
0.0161733 0 0.999869 0 0 1 0 0 -0.999869 0 0.0161733 0 -4676.67 0 -324.479 1 0
0.0161733 0 0.999869 0 0 1 0 0 -0.999869 0 0.0161733 0 -4676.67 0 -324.479 1 0
0.0161733 0 0.999869 0 0 1 0 0 -0.999869 0 0.0161733 0 -4676.67 0 -324.479 1 0
0.0161733 0 0.999869 0 0 1 0 0 -0.999869 0 0.0161733 0 -4676.67 0 -324.479 1 0
0.0161733 0 0.999869 0 0 1 0 0 -0.999869 0 0.0161733 0 -4676.67 0 -324.479 1 0
0.0161733 0 0.999869 0 0 1 0 0 -0.999869 0 0.0161733 0 -4676.67 0 -324.479 1 0
0.0161733 0 0.999869 0 0 1 0 0 -0.999869 0 0.0161733 0 -4676.67 0 -324.479 1 0
0.0161733 0 0.999869 0 0 1 0 0 -0.999869 0 0.0161733 0 -4676.67 0 -324.479 1 0
0.0161733 0 0.999869 0 0 1 0 0 -0.999869 0 0.0161733 0 -4676.67 0 -324.479 1 0
0.0161733 0 0.999869 0 0 1 0 0 -0.999869 0 0.0161733 0 -4676.67 0 -324.479 1 0
0.0161733 0 0.999869 0 0 1 0 0 -0.999869 0 0.0161733 0 -4676.67 0 -324.479 1 0
0.0161733 0 0.999869 0 0 1 0 0 -0.999869 0 0.0161733 0 -4676.67 0 -324.479 1 0
0.0161733 0 0.999869 0 0 1 0 0 -0.999869 0 0.0161733 0 -4676.67 0 -324.479 1 0
0.0161733 0 0.999869 0 0 1 0 0 -0.999869 0 0.0161733 0 -4676.67 0 -324.479 1 0
0.0161733 0 0.999869 0 0 1 0 0 -0.999869 0 0.0161733 0 -4676.67 0 -324.479 1 0
0.0161733 0 0.999869 0 0 1 0 0 -0.999869 0 0.0161733 0 -4676.67 0 -324.479 1 0
0.0161733 0 0.999869 0 0 1 0 0 -0.999869 0 0.0161733 0 -4676.67 0 -324.479 1 0
0.0161733 0 0.999869 0 0 1 0 0 -0.999869 0 0.0161733 0 -4676.67 0 -324.479 1 0
0.0161733 0 0.999869 0 0 1 0 0 -0.999869 0 0.0161733 0 -4676.67 0 -324.479 1 0
0.0161733 0 0.999869 0 0 1 0 0 -0.999869 0 0.0161733 0 -4676.67 0 -324.479 1 0
0.0161733 0 0.999869 0 0 1 0 0 -0.999869 0 0.0161733 0 -4676.67 0 -324.479 1 0
0.0161733 0 0.999869 0 0 1 0 0 -0.999869 0 0.0161733 0 -4676.67 0 -324.479 1 0
0.0161733 0 0.999869 0 0 1 0 0 -0.999869 0 0.0161733 0 -4676.67 0 -324.479 1 0
0.0161733 0 0.999869 0 0 1 0 0 -0.999869 0 0.0161733 0 -4676.67 0 -324.479 1 0
0.0161733 0 0.999869 0 0 1 0 0 -0.999869 0 0.0161733 0 -4676.67 0 -324.479 1 0
0.0161733 0 0.999869 0 0 1 0 0 -0.999869 0 0.0161733 0 -4676.67 0 -324.479 1 0
0.0161733 0 0.999869 0 0 1 0 0 -0.999869 0 0.0161733 0 -4676.67 0 -324.479 1 0
0.0161733 0 0.999869 0 0 1 0 0 -0.999869 0 0.0161733 0 -4676.67 0 -324.479 1 0
0.0161733 0 0.999869 0 0 1 0 0 -0.999869 0 0.0161733 0 -4676.67 0 -324.479 1 0
0.0652205 -0.0638458 0.995826 0 0.0344893 0.997499 0.0616942 0 -0.997275 0.0303216 0.0672594 0 -4507.84 -48.0921 1397.55 1 1
0.0688008 -0.0678234 0.995322 0 0.0334445 0.997282 0.0656451 0 -0.99707 0.0287716 0.0708822 0 -4518.71 -51.7968 1474.81 1 1
0.0688008 -0.0678234 0.995322 0 0.0334445 0.997282 0.0656451 0 -0.99707 0.0287716 0.0708822 0 -4518.71 -51.7968 1474.81 1 2
0.0688008 -0.0678234 0.995322 0 0.0334445 0.997282 0.0656451 0 -0.99707 0.0287716 0.0708822 0 -4518.71 -51.7968 1474.81 1 2
0.0688008 -0.0678234 0.995322 0 0.0334445 0.997282 0.0656451 0 -0.99707 0.0287716 0.0708822 0 -4518.71 -51.7968 1474.81 1 2
0.0688008 -0.0678234 0.995322 0 0.0334445 0.997282 0.0656451 0 -0.99707 0.0287716 0.0708822 0 -4518.71 -51.7968 1474.81 1 2
0.0688008 -0.0678234 0.995322 0 0.0334445 0.997282 0.0656451 0 -0.99707 0.0287716 0.0708822 0 -4518.71 -51.7968 1474.81 1 2
0.0688008 -0.0678234 0.995322 0 0.0334445 0.997282 0.0656451 0 -0.99707 0.0287716 0.0708822 0 -4518.71 -51.7968 1474.81 1 2
0.0688008 -0.0678234 0.995322 0 0.0334445 0.997282 0.0656451 0 -0.99707 0.0287716 0.0708822 0 -4518.71 -51.7968 1474.81 1 2
0.0688008 -0.0678234 0.995322 0 0.0334445 0.997282 0.0656451 0 -0.99707 0.0287716 0.0708822 0 -4518.71 -51.7968 1474.81 1 2
0.0688008 -0.0678234 0.995322 0 0.0334445 0.997282 0.0656451 0 -0.99707 0.0287716 0.0708822 0 -4518.71 -51.7968 1474.81 1 2
0.0688008 -0.0678234 0.995322 0 0.0334445 0.997282 0.0656451 0 -0.99707 0.0287716 0.0708822 0 -4518.71 -51.7968 1474.81 1 2
0.0688008 -0.0678234 0.995322 0 0.0334445 0.997282 0.0656451 0 -0.99707 0.0287716 0.0708822 0 -4518.71 -51.7968 1474.81 1 2
0.0688008 -0.0678234 0.995322 0 0.0334445 0.997282 0.0656451 0 -0.99707 0.0287716 0.0708822 0 -4518.71 -51.7968 1474.81 1 2
0.0688008 -0.0678234 0.995322 0 0.0334445 0.997282 0.0656451 0 -0.99707 0.0287716 0.0708822 0 -4518.71 -51.7968 1474.81 1 2
0.0688008 -0.0678234 0.995322 0 0.0334445 0.997282 0.0656451 0 -0.99707 0.0287716 0.0708822 0 -4518.71 -51.7968 1474.81 1 2
0.0688008 -0.0678234 0.995322 0 0.0334445 0.997282 0.0656451 0 -0.99707 0.0287716 0.0708822 0 -4518.71 -51.7968 1474.81 1 2
0.0688008 -0.0678234 0.995322 0 0.0334445 0.997282 0.0656451 0 -0.99707 0.0287716 0.0708822 0 -4518.71 -51.7968 1474.81 1 2
0.0688008 -0.0678234 0.995322 0 0.0334445 0.997282 0.0656451 0 -0.99707 0.0287716 0.0708822 0 -4518.71 -51.7968 1474.81 1 2
0.0688008 -0.0678234 0.995322 0 0.0334445 0.997282 0.0656451 0 -0.99707 0.0287716 0.0708822 0 -4518.71 -51.7968 1474.81 1 2
0.0688008 -0.0678234 0.995322 0 0.0334445 0.997282 0.0656451 0 -0.99707 0.0287716 0.0708822 0 -4518.71 -51.7968 1474.81 1 2
0.0688008 -0.0678234 0.995322 0 0.0334445 0.997282 0.0656451 0 -0.99707 0.0287716 0.0708822 0 -4518.71 -51.7968 1474.81 1 2
0.0688008 -0.0678234 0.995322 0 0.0334445 0.997282 0.0656451 0 -0.99707 0.0287716 0.0708822 0 -4518.71 -51.7968 1474.81 1 2
0.0688008 -0.0678234 0.995322 0 0.0334445 0.997282 0.0656451 0 -0.99707 0.0287716 0.0708822 0 -4518.71 -51.7968 1474.81 1 2
0.0688008 -0.0678234 0.995322 0 0.0334445 0.997282 0.0656451 0 -0.99707 0.0287716 0.0708822 0 -4518.71 -51.7968 1474.81 1 2
0.0688008 -0.0678234 0.995322 0 0.0334445 0.997282 0.0656451 0 -0.99707 0.0287716 0.0708822 0 -4518.71 -51.7968 1474.81 1 2
0.0688008 -0.0678234 0.995322 0 0.0334445 0.997282 0.0656451 0 -0.99707 0.0287716 0.0708822 0 -4518.71 -51.7968 1474.81 1 2
0.0688008 -0.0678234 0.995322 0 0.0334445 0.997282 0.0656451 0 -0.99707 0.0287716 0.0708822 0 -4518.71 -51.7968 1474.81 1 2
0.0688008 -0.0678234 0.995322 0 0.0334445 0.997282 0.0656451 0 -0.99707 0.0287716 0.0708822 0 -4518.71 -51.7968 1474.81 1 2
0.0688008 -0.0678234 0.995322 0 0.0334445 0.997282 0.0656451 0 -0.99707 0.0287716 0.0708822 0 -4518.71 -51.7968 1474.81 1 2
0.0688008 -0.0678234 0.995322 0 0.0334445 0.997282 0.0656451 0 -0.99707 0.0287716 0.0708822 0 -4518.71 -51.7968 1474.81 1 2
0.0688008 -0.0678234 0.995322 0 0.0334445 0.997282 0.0656451 0 -0.99707 0.0287716 0.0708822 0 -4518.71 -51.7968 1474.81 1 2
0.0688008 -0.0678234 0.995322 0 0.0334445 0.997282 0.0656451 0 -0.99707 0.0287716 0.0708822 0 -4518.71 -51.7968 1474.81 1 2
0.0688008 -0.0678234 0.995322 0 0.0334445 0.997282 0.0656451 0 -0.99707 0.0287716 0.0708822 0 -4518.71 -51.7968 1474.81 1 2
0.0688008 -0.0678234 0.995322 0 0.0334445 0.997282 0.0656451 0 -0.99707 0.0287716 0.0708822 0 -4518.71 -51.7968 1474.81 1 2
0.0688008 -0.0678234 0.995322 0 0.0334445 0.997282 0.0656451 0 -0.99707 0.0287716 0.0708822 0 -4518.71 -51.7968 1474.81 1 2
0.0688008 -0.0678234 0.995322 0 0.0334445 0.997282 0.0656451 0 -0.99707 0.0287716 0.0708822 0 -4518.71 -51.7968 1474.81 1 2
0.0688008 -0.0678234 0.995322 0 0.0334445 0.997282 0.0656451 0 -0.99707 0.0287716 0.0708822 0 -4518.71 -51.7968 1474.81 1 2
0.0688008 -0.0678234 0.995322 0 0.0334445 0.997282 0.0656451 0 -0.99707 0.0287716 0.0708822 0 -4518.71 -51.7968 1474.81 1 2
0.0688008 -0.0678234 0.995322 0 0.0334445 0.997282 0.0656451 0 -0.99707 0.0287716 0.0708822 0 -4518.71 -51.7968 1474.81 1 2
0.0688008 -0.0678234 0.995322 0 0.0334445 0.997282 0.0656451 0 -0.99707 0.0287716 0.0708822 0 -4518.71 -51.7968 1474.81 1 2
0.0688008 -0.0678234 0.995322 0 0.0334445 0.997282 0.0656451 0 -0.99707 0.0287716 0.0708822 0 -4518.71 -51.7968 1474.81 1 2
0.0688008 -0.0678234 0.995322 0 0.0334445 0.997282 0.0656451 0 -0.99707 0.0287716 0.0708822 0 -4518.71 -51.7968 1474.81 1 2
0.0688008 -0.0678234 0.995322 0 0.0334445 0.997282 0.0656451 0 -0.99707 0.0287716 0.0708822 0 -4518.71 -51.7968 1474.81 1 2
0.0688008 -0.0678234 0.995322 0 0.0334445 0.997282 0.0656451 0 -0.99707 0.0287716 0.0708822 0 -4518.71 -51.7968 1474.81 1 2
0.0688008 -0.0678234 0.995322 0 0.0334445 0.997282 0.0656451 0 -0.99707 0.0287716 0.0708822 0 -4518.71 -51.7968 1474.81 1 2
0.0688008 -0.0678234 0.995322 0 0.0334445 0.997282 0.0656451 0 -0.99707 0.0287716 0.0708822 0 -4518.71 -51.7968 1474.81 1 2
0.0688008 -0.0678234 0.995322 0 0.0334445 0.997282 0.0656451 0 -0.99707 0.0287716 0.0708822 0 -4518.71 -51.7968 1474.81 1 2
0.0688008 -0.0678234 0.995322 0 0.0334445 0.997282 0.0656451 0 -0.99707 0.0287716 0.0708822 0 -4518.71 -51.7968 1474.81 1 2
0.0688008 -0.0678234 0.995322 0 0.0334445 0.997282 0.0656451 0 -0.99707 0.0287716 0.0708822 0 -4518.71 -51.7968 1474.81 1 2
0.0688008 -0.0678234 0.995322 0 0.0334445 0.997282 0.0656451 0 -0.99707 0.0287716 0.0708822 0 -4518.71 -51.7968 1474.81 1 2
0.0688008 -0.0678234 0.995322 0 0.0334445 0.997282 0.0656451 0 -0.99707 0.0287716 0.0708822 0 -4518.71 -51.7968 1474.81 1 2
0.0688008 -0.0678234 0.995322 0 0.0334445 0.997282 0.0656451 0 -0.99707 0.0287716 0.0708822 0 -4518.71 -51.7968 1474.81 1 2
0.0688008 -0.0678234 0.995322 0 0.0334445 0.997282 0.0656451 0 -0.99707 0.0287716 0.0708822 0 -4518.71 -51.7968 1474.81 1 2
0.0688008 -0.0678234 0.995322 0 0.0334445 0.997282 0.0656451 0 -0.99707 0.0287716 0.0708822 0 -4518.71 -51.7968 1474.81 1 2
0.0688008 -0.0678234 0.995322 0 0.0334445 0.997282 0.0656451 0 -0.99707 0.0287716 0.0708822 0 -4518.71 -51.7968 1474.81 1 2
0.0688008 -0.0678234 0.995322 0 0.0334445 0.997282 0.0656451 0 -0.99707 0.0287716 0.0708822 0 -4518.71 -51.7968 1474.81 1 2
0.0688008 -0.0678234 0.995322 0 0.0334445 0.997282 0.0656451 0 -0.99707 0.0287716 0.0708822 0 -4518.71 -51.7968 1474.81 1 2
0.0688008 -0.0678234 0.995322 0 0.0334445 0.997282 0.0656451 0 -0.99707 0.0287716 0.0708822 0 -4518.71 -51.7968 1474.81 1 2
0.0688008 -0.0678234 0.995322 0 0.0334445 0.997282 0.0656451 0 -0.99707 0.0287716 0.0708822 0 -4518.71 -51.7968 1474.81 1 2
0.0688008 -0.0678234 0.995322 0 0.0334445 0.997282 0.0656451 0 -0.99707 0.0287716 0.0708822 0 -4518.71 -51.7968 1474.81 1 2
0.0688008 -0.0678234 0.995322 0 0.0334445 0.997282 0.0656451 0 -0.99707 0.0287716 0.0708822 0 -4518.71 -51.7968 1474.81 1 2
0.0688008 -0.0678234 0.995322 0 0.0334445 0.997282 0.0656451 0 -0.99707 0.0287716 0.0708822 0 -4518.71 -51.7968 1474.81 1 2
0.0688008 -0.0678234 0.995322 0 0.0334445 0.997282 0.0656451 0 -0.99707 0.0287716 0.0708822 0 -4518.71 -51.7968 1474.81 1 2
0.0688008 -0.0678234 0.995322 0 0.0334445 0.997282 0.0656451 0 -0.99707 0.0287716 0.0708822 0 -4518.71 -51.7968 1474.81 1 2
0.0688008 -0.0678234 0.995322 0 0.0334445 0.997282 0.0656451 0 -0.99707 0.0287716 0.0708822 0 -4518.71 -51.7968 1474.81 1 2
0.0688008 -0.0678234 0.995322 0 0.0334445 0.997282 0.0656451 0 -0.99707 0.0287716 0.0708822 0 -4518.71 -51.7968 1474.81 1 2
0.0688008 -0.0678234 0.995322 0 0.0334445 0.997282 0.0656451 0 -0.99707 0.0287716 0.0708822 0 -4518.71 -51.7968 1474.81 1 2
0.0688008 -0.0678234 0.995322 0 0.0334445 0.997282 0.0656451 0 -0.99707 0.0287716 0.0708822 0 -4518.71 -51.7968 1474.81 1 2
0.0688008 -0.0678234 0.995322 0 0.0334445 0.997282 0.0656451 0 -0.99707 0.0287716 0.0708822 0 -4518.71 -51.7968 1474.81 1 2
0.0688008 -0.0678234 0.995322 0 0.0334445 0.997282 0.0656451 0 -0.99707 0.0287716 0.0708822 0 -4518.71 -51.7968 1474.81 1 2
0.0688008 -0.0678234 0.995322 0 0.0334445 0.997282 0.0656451 0 -0.99707 0.0287716 0.0708822 0 -4518.71 -51.7968 1474.81 1 2
0.0688008 -0.0678234 0.995322 0 0.0334445 0.997282 0.0656451 0 -0.99707 0.0287716 0.0708822 0 -4518.71 -51.7968 1474.81 1 2
0.0688008 -0.0678234 0.995322 0 0.0334445 0.997282 0.0656451 0 -0.99707 0.0287716 0.0708822 0 -4518.71 -51.7968 1474.81 1 2
0.0677251 -0.0736838 0.994979 0 0.0167848 0.997212 0.0727067 0 -0.997563 0.0117765 0.0687731 0 -4515.67 -117.197 1481.83 1 3
0.0683817 -0.0748069 0.994851 0 0.00242957 0.997194 0.0748161 0 -0.997656 -0.002699 0.0683716 0 -4512.58 -167.259 1488.65 1 3
0.0699126 -0.073992 0.994805 0 -0.00895263 0.997159 0.0747963 0 -0.997513 -0.0141353 0.0690515 0 -4509.98 -204.732 1494.43 1 3
0.0719929 -0.0718993 0.99481 0 -0.0175195 0.997153 0.0733365 0 -0.997251 -0.0227083 0.0705284 0 -4507.88 -231.999 1501.06 1 3
0.0744514 -0.0690661 0.99483 0 -0.0218452 0.997246 0.0708688 0 -0.996985 -0.0270086 0.0727376 0 -4507.05 -246.575 1508.77 1 3
0.0775267 -0.066754 0.994753 0 -0.0212658 0.997418 0.0685903 0 -0.996763 -0.0264718 0.0759069 0 -4507.87 -244.588 1519.11 1 3
0.080649 -0.062744 0.994766 0 -0.0187101 0.997746 0.0644489 0 -0.996567 -0.0238099 0.0792933 0 -4508.8 -235.769 1531.53 1 3
0.0835725 -0.0593712 0.994731 0 -0.0146856 0.998042 0.0608026 0 -0.996393 -0.0196896 0.0825369 0 -4510.52 -222.699 1543.97 1 3
0.0864828 -0.0558898 0.994684 0 -0.0096482 0.998331 0.0569336 0 -0.996207 -0.0145207 0.0857992 0 -4511.93 -205.075 1557.38 1 3
0.0895121 -0.0533063 0.994558 0 -0.00440218 0.998536 0.0539157 0 -0.995976 -0.00920433 0.0891464 0 -4513.02 -186.569 1570.93 1 3
0.0923974 -0.0513637 0.994397 0 0.000160002 0.998669 0.0515696 0 -0.995722 -0.00460579 0.0922827 0 -4514.31 -170.263 1582.66 1 3
0.0950403 -0.0502782 0.994203 0 0.00397427 0.998735 0.0501274 0 -0.995465 -0.000812901 0.0951199 0 -4515.59 -157.101 1592.57 1 3
0.0971198 -0.0496843 0.994032 0 0.00718601 0.998762 0.0492186 0 -0.995247 0.00236302 0.0973566 0 -4516.95 -146.121 1599.71 1 3
0.0991205 -0.0498173 0.993828 0 0.00957735 0.998748 0.0491088 0 -0.995029 0.00465055 0.0994734 0 -4517.93 -138.654 1605.68 1 3
0.10127 -0.0498931 0.993607 0 0.0113175 0.998735 0.0489971 0 -0.994795 0.00628325 0.101706 0 -4518.27 -133.492 1612.44 1 3
0.103507 -0.0500432 0.993369 0 0.0126032 0.998719 0.0489995 0 -0.994549 0.00744783 0.104005 0 -4518.03 -129.607 1619.79 1 3
0.105862 -0.0500671 0.99312 0 0.0138684 0.998709 0.0488705 0 -0.994284 0.00859946 0.10642 0 -4517.15 -125.641 1628.03 1 3
0.108013 -0.0496629 0.992908 0 0.0147974 0.998721 0.0483439 0 -0.994039 0.00947067 0.10861 0 -4517.18 -122.338 1637.36 1 3
0.110087 -0.049455 0.992691 0 0.0157607 0.998723 0.0480076 0 -0.993797 0.0103605 0.110726 0 -4516.88 -118.765 1645.92 1 3
0.111904 -0.0492669 0.992497 0 0.016613 0.998723 0.0477029 0 -0.99358 0.0111502 0.112579 0 -4516.75 -115.517 1653.01 1 3
0.113412 -0.0491197 0.992333 0 0.0174339 0.998722 0.0474434 0 -0.993395 0.0119196 0.114124 0 -4516.65 -112.613 1658.8 1 3
0.11463 -0.0491019 0.992194 0 0.017938 0.998717 0.0473523 0 -0.993246 0.01237 0.115363 0 -4516.71 -110.929 1662.95 1 3
0.115676 -0.0492379 0.992066 0 0.0184404 0.998705 0.0474172 0 -0.993116 0.0128091 0.116434 0 -4516.77 -109.591 1666.31 1 3
0.116343 -0.0493947 0.99198 0 0.0188138 0.998693 0.0475224 0 -0.993031 0.013134 0.11712 0 -4517.18 -108.608 1668.1 1 3
0.116906 -0.0495959 0.991904 0 0.0192063 0.998678 0.047671 0 -0.992957 0.0134778 0.117704 0 -4517.45 -107.554 1669.38 1 3
0.117385 -0.0497814 0.991838 0 0.0196205 0.998664 0.0478019 0 -0.992893 0.0138491 0.118205 0 -4517.75 -106.219 1670.33 1 3
0.117818 -0.0499706 0.991777 0 0.0199973 0.99865 0.0479413 0 -0.992834 0.0141846 0.118658 0 -4518.06 -105.137 1671.01 1 3
0.1182 -0.0501007 0.991725 0 0.0204662 0.998637 0.0480106 0 -0.992779 0.014622 0.119065 0 -4518.33 -103.679 1671.66 1 3
0.118682 -0.0503336 0.991656 0 0.0207681 0.998622 0.0482016 0 -0.992715 0.0148741 0.119563 0 -4518.32 -102.837 1672.66 1 3
0.118978 -0.0502457 0.991625 0 0.020803 0.998626 0.0481044 0 -0.992679 0.0149054 0.11986 0 -4518.44 -102.213 1673.72 1 3
0.119263 -0.0502543 0.99159 0 0.0207895 0.998626 0.0481105 0 -0.992645 0.0148769 0.120144 0 -4518.64 -101.986 1674.34 1 3
0.119486 -0.050359 0.991558 0 0.0208142 0.99862 0.0482095 0 -0.992618 0.0148781 0.12037 0 -4518.89 -101.863 1674.48 1 3
0.119696 -0.0503882 0.991531 0 0.0207938 0.998619 0.0482382 0 -0.992593 0.0148437 0.120579 0 -4519.04 -101.966 1674.51 1 3
0.11982 -0.0503947 0.991516 0 0.0207532 0.99862 0.0482478 0 -0.992579 0.0147961 0.120701 0 -4519.23 -102.205 1674.37 1 3
0.119903 -0.0504135 0.991505 0 0.020712 0.99862 0.0482706 0 -0.99257 0.0147482 0.120782 0 -4519.43 -102.411 1674.02 1 3
0.119831 -0.0510703 0.99148 0 0.0202759 0.998594 0.0489861 0 -0.992587 0.0142331 0.120698 0 -4520.33 -104.683 1672.11 1 3
0.119681 -0.0516087 0.99147 0 0.020052 0.99857 0.0495578 0 -0.99261 0.0139498 0.120545 0 -4521.17 -105.902 1670.38 1 3
0.119702 -0.0520029 0.991447 0 0.0198692 0.998553 0.0499767 0 -0.992611 0.0137169 0.120562 0 -4521.7 -106.837 1669.5 1 3
0.119806 -0.0522325 0.991422 0 0.0198211 0.998542 0.0502124 0 -0.992599 0.0136354 0.120667 0 -4522.06 -107.308 1669.16 1 3
0.119993 -0.0523955 0.991391 0 0.0198365 0.998534 0.050372 0 -0.992577 0.0136215 0.120856 0 -4522.27 -107.474 1669.25 1 3
0.120239 -0.0526162 0.99135 0 0.0198239 0.998523 0.0505925 0 -0.992547 0.0135692 0.121105 0 -4522.3 -107.824 1669.49 1 3
0.120472 -0.0527117 0.991316 0 0.0197655 0.998519 0.0506926 0 -0.99252 0.0134869 0.121336 0 -4522.29 -108.072 1669.72 1 3
0.120725 -0.0527662 0.991283 0 0.0197229 0.998517 0.0507493 0 -0.99249 0.0134242 0.121586 0 -4522.19 -108.315 1670.23 1 3
0.120898 -0.0528181 0.991259 0 0.0196476 0.998515 0.0508084 0 -0.99247 0.0133332 0.121756 0 -4522.24 -108.575 1670.49 1 3
0.121015 -0.0528586 0.991242 0 0.0195609 0.998514 0.0508583 0 -0.992458 0.013235 0.121869 0 -4522.32 -108.86 1670.6 1 3
