0.673129 0 -0.739525 0 0 1 0 0 0.739525 0 0.673129 0 -2938.76 0 -2213.06 1 0
0.673129 0 -0.739525 0 0 1 0 0 0.739525 0 0.673129 0 -2938.76 0 -2213.06 1 0
0.673129 0 -0.739525 0 0 1 0 0 0.739525 0 0.673129 0 -2938.76 0 -2213.06 1 0
0.673129 0 -0.739525 0 0 1 0 0 0.739525 0 0.673129 0 -2938.76 0 -2213.06 1 0
0.673129 0 -0.739525 0 0 1 0 0 0.739525 0 0.673129 0 -2938.76 0 -2213.06 1 0
0.673129 0 -0.739525 0 0 1 0 0 0.739525 0 0.673129 0 -2938.76 0 -2213.06 1 0
0.673129 0 -0.739525 0 0 1 0 0 0.739525 0 0.673129 0 -2938.76 0 -2213.06 1 0
0.673129 0 -0.739525 0 0 1 0 0 0.739525 0 0.673129 0 -2938.76 0 -2213.06 1 0
0.673129 0 -0.739525 0 0 1 0 0 0.739525 0 0.673129 0 -2938.76 0 -2213.06 1 0
0.673129 0 -0.739525 0 0 1 0 0 0.739525 0 0.673129 0 -2938.76 0 -2213.06 1 0
0.673129 0 -0.739525 0 0 1 0 0 0.739525 0 0.673129 0 -2938.76 0 -2213.06 1 0
0.673129 0 -0.739525 0 0 1 0 0 0.739525 0 0.673129 0 -2938.76 0 -2213.06 1 0
0.673129 0 -0.739525 0 0 1 0 0 0.739525 0 0.673129 0 -2938.76 0 -2213.06 1 0
0.673129 0 -0.739525 0 0 1 0 0 0.739525 0 0.673129 0 -2938.76 0 -2213.06 1 0
0.673129 0 -0.739525 0 0 1 0 0 0.739525 0 0.673129 0 -2938.76 0 -2213.06 1 0
0.673129 0 -0.739525 0 0 1 0 0 0.739525 0 0.673129 0 -2938.76 0 -2213.06 1 0
0.673129 0 -0.739525 0 0 1 0 0 0.739525 0 0.673129 0 -2938.76 0 -2213.06 1 0
0.673129 0 -0.739525 0 0 1 0 0 0.739525 0 0.673129 0 -2938.76 0 -2213.06 1 0
0.673129 0 -0.739525 0 0 1 0 0 0.739525 0 0.673129 0 -2938.76 0 -2213.06 1 0
0.673129 0 -0.739525 0 0 1 0 0 0.739525 0 0.673129 0 -2938.76 0 -2213.06 1 0
0.673129 0 -0.739525 0 0 1 0 0 0.739525 0 0.673129 0 -2938.76 0 -2213.06 1 0
0.673129 0 -0.739525 0 0 1 0 0 0.739525 0 0.673129 0 -2938.76 0 -2213.06 1 0
0.673129 0 -0.739525 0 0 1 0 0 0.739525 0 0.673129 0 -2938.76 0 -2213.06 1 0
0.673129 0 -0.739525 0 0 1 0 0 0.739525 0 0.673129 0 -2938.76 0 -2213.06 1 0
0.673129 0 -0.739525 0 0 1 0 0 0.739525 0 0.673129 0 -2938.76 0 -2213.06 1 0
0.673129 0 -0.739525 0 0 1 0 0 0.739525 0 0.673129 0 -2938.76 0 -2213.06 1 0
0.673129 0 -0.739525 0 0 1 0 0 0.739525 0 0.673129 0 -2938.76 0 -2213.06 1 0
0.673129 0 -0.739525 0 0 1 0 0 0.739525 0 0.673129 0 -2938.76 0 -2213.06 1 0
0.673129 0 -0.739525 0 0 1 0 0 0.739525 0 0.673129 0 -2938.76 0 -2213.06 1 0
0.673129 0 -0.739525 0 0 1 0 0 0.739525 0 0.673129 0 -2938.76 0 -2213.06 1 0
0.673129 0 -0.739525 0 0 1 0 0 0.739525 0 0.673129 0 -2938.76 0 -2213.06 1 0
0.673129 0 -0.739525 0 0 1 0 0 0.739525 0 0.673129 0 -2938.76 0 -2213.06 1 0
0.673129 0 -0.739525 0 0 1 0 0 0.739525 0 0.673129 0 -2938.76 0 -2213.06 1 0
0.673129 0 -0.739525 0 0 1 0 0 0.739525 0 0.673129 0 -2938.76 0 -2213.06 1 0
0.673129 0 -0.739525 0 0 1 0 0 0.739525 0 0.673129 0 -2938.76 0 -2213.06 1 0
0.673129 0 -0.739525 0 0 1 0 0 0.739525 0 0.673129 0 -2938.76 0 -2213.06 1 0
0.673129 0 -0.739525 0 0 1 0 0 0.739525 0 0.673129 0 -2938.76 0 -2213.06 1 0
0.673129 0 -0.739525 0 0 1 0 0 0.739525 0 0.673129 0 -2938.76 0 -2213.06 1 0
0.673129 0 -0.739525 0 0 1 0 0 0.739525 0 0.673129 0 -2938.76 0 -2213.06 1 0
0.673129 0 -0.739525 0 0 1 0 0 0.739525 0 0.673129 0 -2938.76 0 -2213.06 1 0
0.673129 0 -0.739525 0 0 1 0 0 0.739525 0 0.673129 0 -2938.76 0 -2213.06 1 0
0.673129 0 -0.739525 0 0 1 0 0 0.739525 0 0.673129 0 -2938.76 0 -2213.06 1 0
0.673129 0 -0.739525 0 0 1 0 0 0.739525 0 0.673129 0 -2938.76 0 -2213.06 1 0
0.673129 0 -0.739525 0 0 1 0 0 0.739525 0 0.673129 0 -2938.76 0 -2213.06 1 0
0.673129 0 -0.739525 0 0 1 0 0 0.739525 0 0.673129 0 -2938.76 0 -2213.06 1 0
0.673129 0 -0.739525 0 0 1 0 0 0.739525 0 0.673129 0 -2938.76 0 -2213.06 1 0
0.673129 0 -0.739525 0 0 1 0 0 0.739525 0 0.673129 0 -2938.76 0 -2213.06 1 0
0.673129 0 -0.739525 0 0 1 0 0 0.739525 0 0.673129 0 -2938.76 0 -2213.06 1 0
0.673129 0 -0.739525 0 0 1 0 0 0.739525 0 0.673129 0 -2938.76 0 -2213.06 1 0
0.673129 0 -0.739525 0 0 1 0 0 0.739525 0 0.673129 0 -2938.76 0 -2213.06 1 0
0.673129 0 -0.739525 0 0 1 0 0 0.739525 0 0.673129 0 -2938.76 0 -2213.06 1 0
0.673129 0 -0.739525 0 0 1 0 0 0.739525 0 0.673129 0 -2938.76 0 -2213.06 1 0
0.673129 0 -0.739525 0 0 1 0 0 0.739525 0 0.673129 0 -2938.76 0 -2213.06 1 0
0.673129 0 -0.739525 0 0 1 0 0 0.739525 0 0.673129 0 -2938.76 0 -2213.06 1 0
0.673129 0 -0.739525 0 0 1 0 0 0.739525 0 0.673129 0 -2938.76 0 -2213.06 1 0
0.673129 0 -0.739525 0 0 1 0 0 0.739525 0 0.673129 0 -2938.76 0 -2213.06 1 0
0.673129 0 -0.739525 0 0 1 0 0 0.739525 0 0.673129 0 -2938.76 0 -2213.06 1 0
0.673129 0 -0.739525 0 0 1 0 0 0.739525 0 0.673129 0 -2938.76 0 -2213.06 1 0
0.673129 0 -0.739525 0 0 1 0 0 0.739525 0 0.673129 0 -2938.76 0 -2213.06 1 0
0.673129 0 -0.739525 0 0 1 0 0 0.739525 0 0.673129 0 -2938.76 0 -2213.06 1 0
0.673129 0 -0.739525 0 0 1 0 0 0.739525 0 0.673129 0 -2938.76 0 -2213.06 1 0
0.673129 0 -0.739525 0 0 1 0 0 0.739525 0 0.673129 0 -2938.76 0 -2213.06 1 0
0.673129 0 -0.739525 0 0 1 0 0 0.739525 0 0.673129 0 -2938.76 0 -2213.06 1 0
0.673129 0 -0.739525 0 0 1 0 0 0.739525 0 0.673129 0 -2938.76 0 -2213.06 1 0
0.673129 0 -0.739525 0 0 1 0 0 0.739525 0 0.673129 0 -2938.76 0 -2213.06 1 0
0.673129 0 -0.739525 0 0 1 0 0 0.739525 0 0.673129 0 -2938.76 0 -2213.06 1 0
0.673129 0 -0.739525 0 0 1 0 0 0.739525 0 0.673129 0 -2938.76 0 -2213.06 1 0
0.673129 0 -0.739525 0 0 1 0 0 0.739525 0 0.673129 0 -2938.76 0 -2213.06 1 0
0.673129 0 -0.739525 0 0 1 0 0 0.739525 0 0.673129 0 -2938.76 0 -2213.06 1 0
0.673129 0 -0.739525 0 0 1 0 0 0.739525 0 0.673129 0 -2938.76 0 -2213.06 1 0
0.673129 0 -0.739525 0 0 1 0 0 0.739525 0 0.673129 0 -2938.76 0 -2213.06 1 0
0.673129 0 -0.739525 0 0 1 0 0 0.739525 0 0.673129 0 -2938.76 0 -2213.06 1 0
0.673129 0 -0.739525 0 0 1 0 0 0.739525 0 0.673129 0 -2938.76 0 -2213.06 1 0
0.673129 0 -0.739525 0 0 1 0 0 0.739525 0 0.673129 0 -2938.76 0 -2213.06 1 0
0.673129 0 -0.739525 0 0 1 0 0 0.739525 0 0.673129 0 -2938.76 0 -2213.06 1 0
0.673129 0 -0.739525 0 0 1 0 0 0.739525 0 0.673129 0 -2938.76 0 -2213.06 1 0
0.673129 0 -0.739525 0 0 1 0 0 0.739525 0 0.673129 0 -2938.76 0 -2213.06 1 0
0.673129 0 -0.739525 0 0 1 0 0 0.739525 0 0.673129 0 -2938.76 0 -2213.06 1 0
0.673129 0 -0.739525 0 0 1 0 0 0.739525 0 0.673129 0 -2938.76 0 -2213.06 1 0
0.673129 0 -0.739525 0 0 1 0 0 0.739525 0 0.673129 0 -2938.76 0 -2213.06 1 0
0.673129 0 -0.739525 0 0 1 0 0 0.739525 0 0.673129 0 -2938.76 0 -2213.06 1 0
0.673129 0 -0.739525 0 0 1 0 0 0.739525 0 0.673129 0 -2938.76 0 -2213.06 1 0
0.673129 0 -0.739525 0 0 1 0 0 0.739525 0 0.673129 0 -2938.76 0 -2213.06 1 0
0.673129 0 -0.739525 0 0 1 0 0 0.739525 0 0.673129 0 -2938.76 0 -2213.06 1 0
0.673129 0 -0.739525 0 0 1 0 0 0.739525 0 0.673129 0 -2938.76 0 -2213.06 1 0
0.673129 0 -0.739525 0 0 1 0 0 0.739525 0 0.673129 0 -2938.76 0 -2213.06 1 0
0.673129 0 -0.739525 0 0 1 0 0 0.739525 0 0.673129 0 -2938.76 0 -2213.06 1 0
0.673129 0 -0.739525 0 0 1 0 0 0.739525 0 0.673129 0 -2938.76 0 -2213.06 1 0
0.673129 0 -0.739525 0 0 1 0 0 0.739525 0 0.673129 0 -2938.76 0 -2213.06 1 0
0.673129 0 -0.739525 0 0 1 0 0 0.739525 0 0.673129 0 -2938.76 0 -2213.06 1 0
0.673129 0 -0.739525 0 0 1 0 0 0.739525 0 0.673129 0 -2938.76 0 -2213.06 1 0
0.673129 0 -0.739525 0 0 1 0 0 0.739525 0 0.673129 0 -2938.76 0 -2213.06 1 0
0.673129 0 -0.739525 0 0 1 0 0 0.739525 0 0.673129 0 -2938.76 0 -2213.06 1 0
0.673129 0 -0.739525 0 0 1 0 0 0.739525 0 0.673129 0 -2938.76 0 -2213.06 1 0
0.584902 0.0778518 -0.807359 0 -0.0239894 0.996608 0.0787212 0 0.810749 -0.0266762 0.584786 0 -3778.74 203.085 -1014.7 1 1
0.571906 0.0766287 -0.816732 0 -0.0276026 0.996861 0.0742006 0 0.819854 -0.0198918 0.572226 0 -3716 204.29 -1064.49 1 1
0.571906 0.0766287 -0.816732 0 -0.0276026 0.996861 0.0742006 0 0.819854 -0.0198918 0.572226 0 -3716 204.29 -1064.49 1 2
0.571906 0.0766287 -0.816732 0 -0.0276026 0.996861 0.0742006 0 0.819854 -0.0198918 0.572226 0 -3716 204.29 -1064.49 1 2
0.571906 0.0766287 -0.816732 0 -0.0276026 0.996861 0.0742006 0 0.819854 -0.0198918 0.572226 0 -3716 204.29 -1064.49 1 2
0.571906 0.0766287 -0.816732 0 -0.0276026 0.996861 0.0742006 0 0.819854 -0.0198918 0.572226 0 -3716 204.29 -1064.49 1 2
0.571906 0.0766287 -0.816732 0 -0.0276026 0.996861 0.0742006 0 0.819854 -0.0198918 0.572226 0 -3716 204.29 -1064.49 1 2
0.571906 0.0766287 -0.816732 0 -0.0276026 0.996861 0.0742006 0 0.819854 -0.0198918 0.572226 0 -3716 204.29 -1064.49 1 2
0.571906 0.0766287 -0.816732 0 -0.0276026 0.996861 0.0742006 0 0.819854 -0.0198918 0.572226 0 -3716 204.29 -1064.49 1 2
0.571906 0.0766287 -0.816732 0 -0.0276026 0.996861 0.0742006 0 0.819854 -0.0198918 0.572226 0 -3716 204.29 -1064.49 1 2
0.571906 0.0766287 -0.816732 0 -0.0276026 0.996861 0.0742006 0 0.819854 -0.0198918 0.572226 0 -3716 204.29 -1064.49 1 2
0.571906 0.0766287 -0.816732 0 -0.0276026 0.996861 0.0742006 0 0.819854 -0.0198918 0.572226 0 -3716 204.29 -1064.49 1 2
0.571906 0.0766287 -0.816732 0 -0.0276026 0.996861 0.0742006 0 0.819854 -0.0198918 0.572226 0 -3716 204.29 -1064.49 1 2
0.571906 0.0766287 -0.816732 0 -0.0276026 0.996861 0.0742006 0 0.819854 -0.0198918 0.572226 0 -3716 204.29 -1064.49 1 2
0.571906 0.0766287 -0.816732 0 -0.0276026 0.996861 0.0742006 0 0.819854 -0.0198918 0.572226 0 -3716 204.29 -1064.49 1 2
0.571906 0.0766287 -0.816732 0 -0.0276026 0.996861 0.0742006 0 0.819854 -0.0198918 0.572226 0 -3716 204.29 -1064.49 1 2
0.571906 0.0766287 -0.816732 0 -0.0276026 0.996861 0.0742006 0 0.819854 -0.0198918 0.572226 0 -3716 204.29 -1064.49 1 2
0.571906 0.0766287 -0.816732 0 -0.0276026 0.996861 0.0742006 0 0.819854 -0.0198918 0.572226 0 -3716 204.29 -1064.49 1 2
0.571906 0.0766287 -0.816732 0 -0.0276026 0.996861 0.0742006 0 0.819854 -0.0198918 0.572226 0 -3716 204.29 -1064.49 1 2
0.571906 0.0766287 -0.816732 0 -0.0276026 0.996861 0.0742006 0 0.819854 -0.0198918 0.572226 0 -3716 204.29 -1064.49 1 2
0.571906 0.0766287 -0.816732 0 -0.0276026 0.996861 0.0742006 0 0.819854 -0.0198918 0.572226 0 -3716 204.29 -1064.49 1 2
0.571906 0.0766287 -0.816732 0 -0.0276026 0.996861 0.0742006 0 0.819854 -0.0198918 0.572226 0 -3716 204.29 -1064.49 1 2
0.571906 0.0766287 -0.816732 0 -0.0276026 0.996861 0.0742006 0 0.819854 -0.0198918 0.572226 0 -3716 204.29 -1064.49 1 2
0.571906 0.0766287 -0.816732 0 -0.0276026 0.996861 0.0742006 0 0.819854 -0.0198918 0.572226 0 -3716 204.29 -1064.49 1 2
0.571906 0.0766287 -0.816732 0 -0.0276026 0.996861 0.0742006 0 0.819854 -0.0198918 0.572226 0 -3716 204.29 -1064.49 1 2
0.571906 0.0766287 -0.816732 0 -0.0276026 0.996861 0.0742006 0 0.819854 -0.0198918 0.572226 0 -3716 204.29 -1064.49 1 2
0.571906 0.0766287 -0.816732 0 -0.0276026 0.996861 0.0742006 0 0.819854 -0.0198918 0.572226 0 -3716 204.29 -1064.49 1 2
0.571906 0.0766287 -0.816732 0 -0.0276026 0.996861 0.0742006 0 0.819854 -0.0198918 0.572226 0 -3716 204.29 -1064.49 1 2
0.571906 0.0766287 -0.816732 0 -0.0276026 0.996861 0.0742006 0 0.819854 -0.0198918 0.572226 0 -3716 204.29 -1064.49 1 2
0.571906 0.0766287 -0.816732 0 -0.0276026 0.996861 0.0742006 0 0.819854 -0.0198918 0.572226 0 -3716 204.29 -1064.49 1 2
0.571906 0.0766287 -0.816732 0 -0.0276026 0.996861 0.0742006 0 0.819854 -0.0198918 0.572226 0 -3716 204.29 -1064.49 1 2
0.571906 0.0766287 -0.816732 0 -0.0276026 0.996861 0.0742006 0 0.819854 -0.0198918 0.572226 0 -3716 204.29 -1064.49 1 2
0.571906 0.0766287 -0.816732 0 -0.0276026 0.996861 0.0742006 0 0.819854 -0.0198918 0.572226 0 -3716 204.29 -1064.49 1 2
0.571906 0.0766287 -0.816732 0 -0.0276026 0.996861 0.0742006 0 0.819854 -0.0198918 0.572226 0 -3716 204.29 -1064.49 1 2
0.566573 0.0993826 -0.817996 0 -0.0399131 0.994845 0.0932236 0 0.823044 -0.0201692 0.567619 0 -3719.76 154.717 -1062.93 1 3
0.562169 0.113752 -0.819162 0 -0.0488186 0.993333 0.104436 0 0.82558 -0.0187201 0.563974 0 -3723.99 108.448 -1060.72 1 3
0.558565 0.122307 -0.820394 0 -0.0546912 0.992347 0.110705 0 0.827656 -0.0169678 0.56098 0 -3729 68.5422 -1059.14 1 3
0.555307 0.126142 -0.822023 0 -0.0582154 0.991901 0.112883 0 0.829605 -0.0148303 0.558153 0 -3735.36 33.8867 -1056.78 1 3
0.552413 0.124801 -0.824175 0 -0.05871 0.992098 0.110877 0 0.831501 -0.0128627 0.555375 0 -3743.03 7.22797 -1052.58 1 3
0.549621 0.119231 -0.826862 0 -0.0553795 0.992786 0.106345 0 0.833577 -0.0126585 0.552259 0 -3753.51 -4.73202 -1045.48 1 3
0.546804 0.10904 -0.83013 0 -0.0506805 0.993976 0.0971782 0 0.835726 -0.011066 0.549036 0 -3763.84 -15.6306 -1035.88 1 3
0.544098 0.0978708 -0.833294 0 -0.0456181 0.995155 0.0870952 0 0.837781 -0.00937509 0.545927 0 -3774.05 -20.0215 -1025.43 1 3
0.541034 0.0872054 -0.836467 0 -0.0406825 0.996159 0.0775402 0 0.840016 -0.00792234 0.542504 0 -3784.06 -18.5243 -1013.87 1 3
0.537755 0.0776352 -0.839519 0 -0.0358176 0.996956 0.0692514 0 0.84234 -0.0071707 0.538898 0 -3793.8 -12.8602 -1001.84 1 3
0.534618 0.0698252 -0.842205 0 -0.0318906 0.997538 0.0624599 0 0.844492 -0.00653379 0.535528 0 -3802.82 -6.73379 -991.017 1 3
0.531593 0.0638649 -0.844589 0 -0.0287272 0.997939 0.0573795 0 0.846512 -0.00623992 0.532332 0 -3811.1 -0.410389 -982.026 1 3
0.529113 0.0593193 -0.846476 0 -0.0261593 0.99822 0.0536016 0 0.848148 -0.00621804 0.529722 0 -3818.21 5.78351 -975.356 1 3
0.526631 0.0561458 -0.848238 0 -0.0241575 0.998402 0.051087 0 0.84975 -0.00641272 0.527146 0 -3824.72 11.0365 -969.667 1 3
0.524082 0.0537918 -0.849967 0 -0.0227692 0.998532 0.0491547 0 0.851363 -0.00640802 0.524538 0 -3830.88 14.5215 -963.391 1 3
0.521462 0.0522048 -0.851676 0 -0.0216856 0.998615 0.0479341 0 0.852999 -0.00652673 0.521872 0 -3836.54 17.5632 -956.812 1 3
0.518691 0.0507446 -0.853455 0 -0.0204807 0.998688 0.0469326 0 0.854717 -0.00686417 0.519049 0 -3841.93 20.3423 -949.582 1 3
0.515976 0.0496189 -0.855165 0 -0.0196538 0.998744 0.0460913 0 0.856378 -0.00697476 0.516303 0 -3846.84 22.1897 -941.829 1 3
0.513344 0.0487596 -0.856797 0 -0.0187149 0.998783 0.045627 0 0.857979 -0.00738745 0.513631 0 -3851.28 24.4105 -934.384 1 3
0.511127 0.0480118 -0.858163 0 -0.0177353 0.998815 0.0453176 0 0.859322 -0.0079433 0.511373 0 -3855.23 26.2096 -927.969 1 3
0.509185 0.0472669 -0.859358 0 -0.0168877 0.998847 0.0449329 0 0.860492 -0.0083666 0.509396 0 -3858.68 27.5898 -922.59 1 3
0.507561 0.0467954 -0.860344 0 -0.0162949 0.998867 0.0447167 0 0.861462 -0.0086772 0.507748 0 -3861.61 28.572 -918.811 1 3
0.506112 0.0466429 -0.861206 0 -0.0157579 0.99887 0.0448383 0 0.862324 -0.00912237 0.506275 0 -3864.3 29.7644 -915.747 1 3
0.505034 0.0466416 -0.861839 0 -0.0153872 0.998867 0.0450405 0 0.862963 -0.00948568 0.505179 0 -3866.47 30.7159 -914.191 1 3
0.504106 0.0466484 -0.862381 0 -0.0149679 0.998862 0.0452815 0 0.863512 -0.00991868 0.504231 0 -3868.41 31.8203 -913.149 1 3
0.503309 0.0466439 -0.862847 0 -0.0144825 0.998857 0.0455485 0 0.863985 -0.0104287 0.503409 0 -3870.24 33.1565 -912.521 1 3
0.502562 0.0465851 -0.863285 0 -0.0140677 0.998856 0.0457113 0 0.864427 -0.0108284 0.502642 0 -3872.03 34.324 -912.14 1 3
0.501872 0.0464807 -0.863692 0 -0.013591 0.998856 0.0458573 0 0.864835 -0.0112761 0.501929 0 -3873.65 35.8104 -911.912 1 3
0.501148 0.0464651 -0.864113 0 -0.0132272 0.998852 0.0460391 0 0.86526 -0.0116427 0.501187 0 -3875.15 36.8969 -911.356 1 3
0.500441 0.046483 -0.864522 0 -0.0130682 0.998849 0.0461407 0 0.865672 -0.0117929 0.500472 0 -3876.44 37.1231 -911.004 1 3
0.499811 0.0465717 -0.864882 0 -0.013011 0.998844 0.0462663 0 0.866037 -0.0118715 0.499839 0 -3877.59 37.1656 -910.95 1 3
0.499263 0.0467039 -0.865191 0 -0.012864 0.998836 0.0464949 0 0.866355 -0.0120834 0.499283 0 -3878.71 37.3435 -911.341 1 3
0.498764 0.0468177 -0.865473 0 -0.012811 0.998829 0.0466488 0 0.866643 -0.0121792 0.498779 0 -3879.73 37.1888 -911.85 1 3
0.498333 0.0468645 -0.865718 0 -0.0128071 0.998827 0.046698 0 0.866891 -0.0121838 0.498348 0 -3880.69 36.9008 -912.556 1 3
0.497982 0.0469202 -0.865917 0 -0.0128041 0.998824 0.0467583 0 0.867093 -0.0121975 0.497997 0 -3881.53 36.73 -913.411 1 3
0.497749 0.0482903 -0.865976 0 -0.0131481 0.998754 0.0481373 0 0.867221 -0.0125744 0.497764 0 -3883.85 36.6996 -916.223 1 3
0.497602 0.0491875 -0.86601 0 -0.0132299 0.998705 0.0491225 0 0.867305 -0.0129862 0.497608 0 -3885.59 37.0711 -918.663 1 3
0.497342 0.0498588 -0.86612 0 -0.0132587 0.998667 0.0498755 0 0.867453 -0.0133215 0.497341 0 -3887.1 37.256 -920.214 1 3
0.49702 0.0501678 -0.866287 0 -0.0132366 0.99865 0.0502388 0 0.867638 -0.013503 0.497013 0 -3888.39 37.4883 -921.127 1 3
0.496707 0.0503762 -0.866455 0 -0.0131624 0.998637 0.0505158 0 0.867818 -0.0136869 0.496693 0 -3889.52 37.8069 -921.475 1 3
0.496379 0.050573 -0.866631 0 -0.0131072 0.998624 0.0507681 0 0.868007 -0.0138411 0.496359 0 -3890.48 37.9481 -921.603 1 3
0.496062 0.0507256 -0.866804 0 -0.0130911 0.998616 0.0509474 0 0.868188 -0.0139257 0.496039 0 -3891.37 37.9412 -921.772 1 3
0.495732 0.050846 -0.866986 0 -0.0130778 0.998609 0.0510876 0 0.868377 -0.0139875 0.495707 0 -3892.18 37.8211 -921.66 1 3
0.495465 0.0509492 -0.867133 0 -0.0130946 0.998603 0.0511918 0 0.868529 -0.014009 0.49544 0 -3892.82 37.6979 -921.669 1 3
0.495263 0.0510184 -0.867244 0 -0.0131062 0.998599 0.0512612 0 0.868644 -0.0140215 0.495238 0 -3893.33 37.5451 -921.76 1 3
