0.215519 0 -0.9765 0 0 1 0 0 0.9765 0 0.215519 0 -1769.29 0 -1371.46 1 0
0.215519 0 -0.9765 0 0 1 0 0 0.9765 0 0.215519 0 -1769.29 0 -1371.46 1 0
0.215519 0 -0.9765 0 0 1 0 0 0.9765 0 0.215519 0 -1769.29 0 -1371.46 1 0
0.215519 0 -0.9765 0 0 1 0 0 0.9765 0 0.215519 0 -1769.29 0 -1371.46 1 0
0.215519 0 -0.9765 0 0 1 0 0 0.9765 0 0.215519 0 -1769.29 0 -1371.46 1 0
0.215519 0 -0.9765 0 0 1 0 0 0.9765 0 0.215519 0 -1769.29 0 -1371.46 1 0
0.215519 0 -0.9765 0 0 1 0 0 0.9765 0 0.215519 0 -1769.29 0 -1371.46 1 0
0.215519 0 -0.9765 0 0 1 0 0 0.9765 0 0.215519 0 -1769.29 0 -1371.46 1 0
0.215519 0 -0.9765 0 0 1 0 0 0.9765 0 0.215519 0 -1769.29 0 -1371.46 1 0
0.215519 0 -0.9765 0 0 1 0 0 0.9765 0 0.215519 0 -1769.29 0 -1371.46 1 0
0.215519 0 -0.9765 0 0 1 0 0 0.9765 0 0.215519 0 -1769.29 0 -1371.46 1 0
0.215519 0 -0.9765 0 0 1 0 0 0.9765 0 0.215519 0 -1769.29 0 -1371.46 1 0
0.215519 0 -0.9765 0 0 1 0 0 0.9765 0 0.215519 0 -1769.29 0 -1371.46 1 0
0.215519 0 -0.9765 0 0 1 0 0 0.9765 0 0.215519 0 -1769.29 0 -1371.46 1 0
0.215519 0 -0.9765 0 0 1 0 0 0.9765 0 0.215519 0 -1769.29 0 -1371.46 1 0
0.215519 0 -0.9765 0 0 1 0 0 0.9765 0 0.215519 0 -1769.29 0 -1371.46 1 0
0.215519 0 -0.9765 0 0 1 0 0 0.9765 0 0.215519 0 -1769.29 0 -1371.46 1 0
0.215519 0 -0.9765 0 0 1 0 0 0.9765 0 0.215519 0 -1769.29 0 -1371.46 1 0
0.215519 0 -0.9765 0 0 1 0 0 0.9765 0 0.215519 0 -1769.29 0 -1371.46 1 0
0.215519 0 -0.9765 0 0 1 0 0 0.9765 0 0.215519 0 -1769.29 0 -1371.46 1 0
0.215519 0 -0.9765 0 0 1 0 0 0.9765 0 0.215519 0 -1769.29 0 -1371.46 1 0
0.215519 0 -0.9765 0 0 1 0 0 0.9765 0 0.215519 0 -1769.29 0 -1371.46 1 0
0.215519 0 -0.9765 0 0 1 0 0 0.9765 0 0.215519 0 -1769.29 0 -1371.46 1 0
0.215519 0 -0.9765 0 0 1 0 0 0.9765 0 0.215519 0 -1769.29 0 -1371.46 1 0
0.215519 0 -0.9765 0 0 1 0 0 0.9765 0 0.215519 0 -1769.29 0 -1371.46 1 0
0.215519 0 -0.9765 0 0 1 0 0 0.9765 0 0.215519 0 -1769.29 0 -1371.46 1 0
0.215519 0 -0.9765 0 0 1 0 0 0.9765 0 0.215519 0 -1769.29 0 -1371.46 1 0
0.215519 0 -0.9765 0 0 1 0 0 0.9765 0 0.215519 0 -1769.29 0 -1371.46 1 0
0.215519 0 -0.9765 0 0 1 0 0 0.9765 0 0.215519 0 -1769.29 0 -1371.46 1 0
0.215519 0 -0.9765 0 0 1 0 0 0.9765 0 0.215519 0 -1769.29 0 -1371.46 1 0
0.215519 0 -0.9765 0 0 1 0 0 0.9765 0 0.215519 0 -1769.29 0 -1371.46 1 0
0.215519 0 -0.9765 0 0 1 0 0 0.9765 0 0.215519 0 -1769.29 0 -1371.46 1 0
0.215519 0 -0.9765 0 0 1 0 0 0.9765 0 0.215519 0 -1769.29 0 -1371.46 1 0
0.215519 0 -0.9765 0 0 1 0 0 0.9765 0 0.215519 0 -1769.29 0 -1371.46 1 0
0.215519 0 -0.9765 0 0 1 0 0 0.9765 0 0.215519 0 -1769.29 0 -1371.46 1 0
0.215519 0 -0.9765 0 0 1 0 0 0.9765 0 0.215519 0 -1769.29 0 -1371.46 1 0
0.215519 0 -0.9765 0 0 1 0 0 0.9765 0 0.215519 0 -1769.29 0 -1371.46 1 0
0.215519 0 -0.9765 0 0 1 0 0 0.9765 0 0.215519 0 -1769.29 0 -1371.46 1 0
0.215519 0 -0.9765 0 0 1 0 0 0.9765 0 0.215519 0 -1769.29 0 -1371.46 1 0
0.215519 0 -0.9765 0 0 1 0 0 0.9765 0 0.215519 0 -1769.29 0 -1371.46 1 0
0.215519 0 -0.9765 0 0 1 0 0 0.9765 0 0.215519 0 -1769.29 0 -1371.46 1 0
0.215519 0 -0.9765 0 0 1 0 0 0.9765 0 0.215519 0 -1769.29 0 -1371.46 1 0
0.215519 0 -0.9765 0 0 1 0 0 0.9765 0 0.215519 0 -1769.29 0 -1371.46 1 0
0.215519 0 -0.9765 0 0 1 0 0 0.9765 0 0.215519 0 -1769.29 0 -1371.46 1 0
0.215519 0 -0.9765 0 0 1 0 0 0.9765 0 0.215519 0 -1769.29 0 -1371.46 1 0
0.215519 0 -0.9765 0 0 1 0 0 0.9765 0 0.215519 0 -1769.29 0 -1371.46 1 0
0.215519 0 -0.9765 0 0 1 0 0 0.9765 0 0.215519 0 -1769.29 0 -1371.46 1 0
0.215519 0 -0.9765 0 0 1 0 0 0.9765 0 0.215519 0 -1769.29 0 -1371.46 1 0
0.215519 0 -0.9765 0 0 1 0 0 0.9765 0 0.215519 0 -1769.29 0 -1371.46 1 0
0.215519 0 -0.9765 0 0 1 0 0 0.9765 0 0.215519 0 -1769.29 0 -1371.46 1 0
0.215519 0 -0.9765 0 0 1 0 0 0.9765 0 0.215519 0 -1769.29 0 -1371.46 1 0
0.215519 0 -0.9765 0 0 1 0 0 0.9765 0 0.215519 0 -1769.29 0 -1371.46 1 0
0.215519 0 -0.9765 0 0 1 0 0 0.9765 0 0.215519 0 -1769.29 0 -1371.46 1 0
0.215519 0 -0.9765 0 0 1 0 0 0.9765 0 0.215519 0 -1769.29 0 -1371.46 1 0
0.215519 0 -0.9765 0 0 1 0 0 0.9765 0 0.215519 0 -1769.29 0 -1371.46 1 0
0.215519 0 -0.9765 0 0 1 0 0 0.9765 0 0.215519 0 -1769.29 0 -1371.46 1 0
0.215519 0 -0.9765 0 0 1 0 0 0.9765 0 0.215519 0 -1769.29 0 -1371.46 1 0
0.215519 0 -0.9765 0 0 1 0 0 0.9765 0 0.215519 0 -1769.29 0 -1371.46 1 0
0.215519 0 -0.9765 0 0 1 0 0 0.9765 0 0.215519 0 -1769.29 0 -1371.46 1 0
0.215519 0 -0.9765 0 0 1 0 0 0.9765 0 0.215519 0 -1769.29 0 -1371.46 1 0
0.215519 0 -0.9765 0 0 1 0 0 0.9765 0 0.215519 0 -1769.29 0 -1371.46 1 0
0.215519 0 -0.9765 0 0 1 0 0 0.9765 0 0.215519 0 -1769.29 0 -1371.46 1 0
0.215519 0 -0.9765 0 0 1 0 0 0.9765 0 0.215519 0 -1769.29 0 -1371.46 1 0
0.215519 0 -0.9765 0 0 1 0 0 0.9765 0 0.215519 0 -1769.29 0 -1371.46 1 0
0.215519 0 -0.9765 0 0 1 0 0 0.9765 0 0.215519 0 -1769.29 0 -1371.46 1 0
0.215519 0 -0.9765 0 0 1 0 0 0.9765 0 0.215519 0 -1769.29 0 -1371.46 1 0
0.215519 0 -0.9765 0 0 1 0 0 0.9765 0 0.215519 0 -1769.29 0 -1371.46 1 0
0.215519 0 -0.9765 0 0 1 0 0 0.9765 0 0.215519 0 -1769.29 0 -1371.46 1 0
0.215519 0 -0.9765 0 0 1 0 0 0.9765 0 0.215519 0 -1769.29 0 -1371.46 1 0
0.215519 0 -0.9765 0 0 1 0 0 0.9765 0 0.215519 0 -1769.29 0 -1371.46 1 0
0.215519 0 -0.9765 0 0 1 0 0 0.9765 0 0.215519 0 -1769.29 0 -1371.46 1 0
0.215519 0 -0.9765 0 0 1 0 0 0.9765 0 0.215519 0 -1769.29 0 -1371.46 1 0
0.215519 0 -0.9765 0 0 1 0 0 0.9765 0 0.215519 0 -1769.29 0 -1371.46 1 0
0.215519 0 -0.9765 0 0 1 0 0 0.9765 0 0.215519 0 -1769.29 0 -1371.46 1 0
0.215519 0 -0.9765 0 0 1 0 0 0.9765 0 0.215519 0 -1769.29 0 -1371.46 1 0
0.215519 0 -0.9765 0 0 1 0 0 0.9765 0 0.215519 0 -1769.29 0 -1371.46 1 0
0.215519 0 -0.9765 0 0 1 0 0 0.9765 0 0.215519 0 -1769.29 0 -1371.46 1 0
0.215519 0 -0.9765 0 0 1 0 0 0.9765 0 0.215519 0 -1769.29 0 -1371.46 1 0
0.215519 0 -0.9765 0 0 1 0 0 0.9765 0 0.215519 0 -1769.29 0 -1371.46 1 0
0.215519 0 -0.9765 0 0 1 0 0 0.9765 0 0.215519 0 -1769.29 0 -1371.46 1 0
0.215519 0 -0.9765 0 0 1 0 0 0.9765 0 0.215519 0 -1769.29 0 -1371.46 1 0
0.215519 0 -0.9765 0 0 1 0 0 0.9765 0 0.215519 0 -1769.29 0 -1371.46 1 0
0.215519 0 -0.9765 0 0 1 0 0 0.9765 0 0.215519 0 -1769.29 0 -1371.46 1 0
0.215519 0 -0.9765 0 0 1 0 0 0.9765 0 0.215519 0 -1769.29 0 -1371.46 1 0
0.215519 0 -0.9765 0 0 1 0 0 0.9765 0 0.215519 0 -1769.29 0 -1371.46 1 0
0.215519 0 -0.9765 0 0 1 0 0 0.9765 0 0.215519 0 -1769.29 0 -1371.46 1 0
0.215519 0 -0.9765 0 0 1 0 0 0.9765 0 0.215519 0 -1769.29 0 -1371.46 1 0
0.215519 0 -0.9765 0 0 1 0 0 0.9765 0 0.215519 0 -1769.29 0 -1371.46 1 0
0.215519 0 -0.9765 0 0 1 0 0 0.9765 0 0.215519 0 -1769.29 0 -1371.46 1 0
0.215519 0 -0.9765 0 0 1 0 0 0.9765 0 0.215519 0 -1769.29 0 -1371.46 1 0
0.215519 0 -0.9765 0 0 1 0 0 0.9765 0 0.215519 0 -1769.29 0 -1371.46 1 0
0.215519 0 -0.9765 0 0 1 0 0 0.9765 0 0.215519 0 -1769.29 0 -1371.46 1 0
0.215519 0 -0.9765 0 0 1 0 0 0.9765 0 0.215519 0 -1769.29 0 -1371.46 1 0
0.215519 0 -0.9765 0 0 1 0 0 0.9765 0 0.215519 0 -1769.29 0 -1371.46 1 0
0.215519 0 -0.9765 0 0 1 0 0 0.9765 0 0.215519 0 -1769.29 0 -1371.46 1 0
0.215519 0 -0.9765 0 0 1 0 0 0.9765 0 0.215519 0 -1769.29 0 -1371.46 1 0
0.215519 0 -0.9765 0 0 1 0 0 0.9765 0 0.215519 0 -1769.29 0 -1371.46 1 0
0.215519 0 -0.9765 0 0 1 0 0 0.9765 0 0.215519 0 -1769.29 0 -1371.46 1 0
0.215519 0 -0.9765 0 0 1 0 0 0.9765 0 0.215519 0 -1769.29 0 -1371.46 1 0
0.215519 0 -0.9765 0 0 1 0 0 0.9765 0 0.215519 0 -1769.29 0 -1371.46 1 0
0.215519 0 -0.9765 0 0 1 0 0 0.9765 0 0.215519 0 -1769.29 0 -1371.46 1 0
0.215519 0 -0.9765 0 0 1 0 0 0.9765 0 0.215519 0 -1769.29 0 -1371.46 1 0
0.215519 0 -0.9765 0 0 1 0 0 0.9765 0 0.215519 0 -1769.29 0 -1371.46 1 0
0.215519 0 -0.9765 0 0 1 0 0 0.9765 0 0.215519 0 -1769.29 0 -1371.46 1 0
0.215519 0 -0.9765 0 0 1 0 0 0.9765 0 0.215519 0 -1769.29 0 -1371.46 1 0
0.215519 0 -0.9765 0 0 1 0 0 0.9765 0 0.215519 0 -1769.29 0 -1371.46 1 0
0.0447997 0.0792289 -0.995849 0 -0.0252621 0.996621 0.0781538 0 0.998677 0.021656 0.0466498 0 -2282.17 209.464 -839.357 1 1
0.038604 0.0905437 -0.995144 0 -0.0272209 0.995612 0.0895303 0 0.998884 0.0236325 0.0408993 0 -2265.69 214.578 -915.186 1 1
0.038604 0.0905437 -0.995144 0 -0.0272209 0.995612 0.0895303 0 0.998884 0.0236325 0.0408993 0 -2265.69 214.578 -915.186 1 2
0.038604 0.0905437 -0.995144 0 -0.0272209 0.995612 0.0895303 0 0.998884 0.0236325 0.0408993 0 -2265.69 214.578 -915.186 1 2
0.038604 0.0905437 -0.995144 0 -0.0272209 0.995612 0.0895303 0 0.998884 0.0236325 0.0408993 0 -2265.69 214.578 -915.186 1 2
0.038604 0.0905437 -0.995144 0 -0.0272209 0.995612 0.0895303 0 0.998884 0.0236325 0.0408993 0 -2265.69 214.578 -915.186 1 2
0.038604 0.0905437 -0.995144 0 -0.0272209 0.995612 0.0895303 0 0.998884 0.0236325 0.0408993 0 -2265.69 214.578 -915.186 1 2
0.038604 0.0905437 -0.995144 0 -0.0272209 0.995612 0.0895303 0 0.998884 0.0236325 0.0408993 0 -2265.69 214.578 -915.186 1 2
0.038604 0.0905437 -0.995144 0 -0.0272209 0.995612 0.0895303 0 0.998884 0.0236325 0.0408993 0 -2265.69 214.578 -915.186 1 2
0.038604 0.0905437 -0.995144 0 -0.0272209 0.995612 0.0895303 0 0.998884 0.0236325 0.0408993 0 -2265.69 214.578 -915.186 1 2
0.038604 0.0905437 -0.995144 0 -0.0272209 0.995612 0.0895303 0 0.998884 0.0236325 0.0408993 0 -2265.69 214.578 -915.186 1 2
0.038604 0.0905437 -0.995144 0 -0.0272209 0.995612 0.0895303 0 0.998884 0.0236325 0.0408993 0 -2265.69 214.578 -915.186 1 2
0.038604 0.0905437 -0.995144 0 -0.0272209 0.995612 0.0895303 0 0.998884 0.0236325 0.0408993 0 -2265.69 214.578 -915.186 1 2
0.038604 0.0905437 -0.995144 0 -0.0272209 0.995612 0.0895303 0 0.998884 0.0236325 0.0408993 0 -2265.69 214.578 -915.186 1 2
0.038604 0.0905437 -0.995144 0 -0.0272209 0.995612 0.0895303 0 0.998884 0.0236325 0.0408993 0 -2265.69 214.578 -915.186 1 2
0.038604 0.0905437 -0.995144 0 -0.0272209 0.995612 0.0895303 0 0.998884 0.0236325 0.0408993 0 -2265.69 214.578 -915.186 1 2
0.038604 0.0905437 -0.995144 0 -0.0272209 0.995612 0.0895303 0 0.998884 0.0236325 0.0408993 0 -2265.69 214.578 -915.186 1 2
0.038604 0.0905437 -0.995144 0 -0.0272209 0.995612 0.0895303 0 0.998884 0.0236325 0.0408993 0 -2265.69 214.578 -915.186 1 2
0.038604 0.0905437 -0.995144 0 -0.0272209 0.995612 0.0895303 0 0.998884 0.0236325 0.0408993 0 -2265.69 214.578 -915.186 1 2
0.038604 0.0905437 -0.995144 0 -0.0272209 0.995612 0.0895303 0 0.998884 0.0236325 0.0408993 0 -2265.69 214.578 -915.186 1 2
0.038604 0.0905437 -0.995144 0 -0.0272209 0.995612 0.0895303 0 0.998884 0.0236325 0.0408993 0 -2265.69 214.578 -915.186 1 2
0.038604 0.0905437 -0.995144 0 -0.0272209 0.995612 0.0895303 0 0.998884 0.0236325 0.0408993 0 -2265.69 214.578 -915.186 1 2
0.0305685 0.10292 -0.99422 0 -0.0337942 0.994222 0.101882 0 0.998961 0.0304845 0.03387 0 -2269.91 172.943 -920.314 1 3
0.0240799 0.110173 -0.993621 0 -0.0395696 0.993235 0.109171 0 0.998927 0.0366884 0.0282765 0 -2274.2 134.162 -923.783 1 3
0.0192647 0.114064 -0.993287 0 -0.0437897 0.992614 0.113137 0 0.998855 0.0413162 0.0241173 0 -2279.21 100.09 -926.931 1 3
0.0153339 0.114586 -0.993295 0 -0.04652 0.992418 0.113767 0 0.9988 0.0444636 0.0205482 0 -2285.48 69.693 -928.903 1 3
0.0121269 0.111537 -0.993686 0 -0.0464509 0.992749 0.110865 0 0.998847 0.0448132 0.01722 0 -2293.02 43.919 -929.224 1 3
0.00899369 0.105572 -0.994371 0 -0.0425247 0.993552 0.1051 0 0.999055 0.0413401 0.0134251 0 -2303.24 27.8933 -927.256 1 3
0.00568655 0.0942806 -0.995529 0 -0.0370941 0.99488 0.0940072 0 0.999296 0.0363937 0.00915468 0 -2313.34 11.5894 -923.028 1 3
0.00236121 0.0818514 -0.996642 0 -0.0313382 0.996161 0.0817377 0 0.999506 0.03104 0.00491723 0 -2323.35 1.39018 -917.704 1 3
-0.00122569 0.0700345 -0.997544 0 -0.0257062 0.997213 0.0700429 0 0.999669 0.0257289 0.000578048 0 -2333.14 -2.78694 -911.692 1 3
-0.00502599 0.0596483 -0.998207 0 -0.0202094 0.998009 0.0597383 0 0.999783 0.0204734 -0.00381053 0 -2342.68 -2.73761 -905.486 1 3
-0.00892304 0.0511929 -0.998649 0 -0.0155761 0.99856 0.0513275 0 0.999839 0.0160131 -0.00811281 0 -2351.6 -1.08981 -900.142 1 3
-0.0130146 0.0447133 -0.998915 0 -0.0116496 0.998925 0.0448656 0 0.999847 0.0122209 -0.0124797 0 -2359.87 1.57429 -896.234 1 3
-0.0168106 0.039773 -0.999067 0 -0.0084911 0.999167 0.0399198 0 0.999823 0.00915425 -0.0164589 0 -2366.94 4.75228 -893.659 1 3
-0.0204768 0.0363642 -0.999129 0 -0.00627957 0.999314 0.0364996 0 0.999771 0.0070215 -0.0202344 0 -2373.28 7.72399 -892.032 1 3
-0.0242522 0.0336942 -0.999138 0 -0.00493304 0.999416 0.0338233 0 0.999694 0.00574908 -0.0240718 0 -2379.23 9.71587 -890.136 1 3
-0.0279264 0.0319309 -0.9991 0 -0.00397611 0.999478 0.0320541 0 0.999602 0.00486768 -0.0277848 0 -2384.69 11.5762 -888.032 1 3
-0.0315908 0.0304663 -0.999036 0 -0.00305293 0.999528 0.0305778 0 0.999496 0.00401596 -0.0314828 0 -2389.79 13.1424 -885.506 1 3
-0.0351769 0.0293554 -0.99895 0 -0.00250008 0.999563 0.0294615 0 0.999378 0.00353382 -0.0350881 0 -2394.33 14.2574 -882.524 1 3
-0.0385382 0.028627 -0.998847 0 -0.00183074 0.999586 0.0287189 0 0.999255 0.0029354 -0.0384698 0 -2398.44 15.4989 -879.554 1 3
-0.0414862 0.027986 -0.998747 0 -0.00132686 0.999605 0.0280651 0 0.999138 0.00248952 -0.0414327 0 -2402.04 16.3715 -876.995 1 3
-0.0440728 0.0273688 -0.998653 0 -0.000889135 0.999623 0.0274346 0 0.999028 0.00209706 -0.0440319 0 -2405.17 16.9184 -874.966 1 3
-0.0461061 0.02693 -0.998573 0 -0.00056037 0.999636 0.0269845 0 0.998936 0.00180372 -0.0460742 0 -2407.83 17.3058 -873.919 1 3
-0.0478934 0.0268735 -0.998491 0 -0.000219315 0.999638 0.0269148 0 0.998852 0.00150803 -0.0478702 0 -2410.3 17.9384 -873.258 1 3
-0.0492014 0.0269772 -0.998424 0 9.22127e-05 0.999635 0.0270054 0 0.998789 0.00123664 -0.0491859 0 -2412.3 18.4424 -873.492 1 3
-0.0503522 0.0271419 -0.998363 0 0.000437753 0.999631 0.0271543 0 0.998731 0.000930245 -0.0503456 0 -2414.07 19.0093 -874.021 1 3
-0.0513929 0.0273527 -0.998304 0 0.000837694 0.999626 0.0273458 0 0.998678 0.000569107 -0.0513966 0 -2415.73 19.7403 -874.807 1 3
-0.0523175 0.0275009 -0.998252 0 0.0011929 0.999622 0.0274762 0 0.99863 0.000246667 -0.0523305 0 -2417.39 20.3905 -875.733 1 3
-0.0531706 0.0276447 -0.998203 0 0.00164325 0.999618 0.0275964 0 0.998584 -0.000172978 -0.0531957 0 -2418.92 21.2728 -876.732 1 3
-0.0540944 0.027816 -0.998148 0 0.00198722 0.999613 0.0277491 0 0.998534 -0.000482466 -0.0541287 0 -2420.35 21.9065 -877.474 1 3
-0.0550215 0.0279905 -0.998093 0 0.00209565 0.999608 0.0279174 0 0.998483 -0.000555591 -0.0550586 0 -2421.57 21.9838 -878.462 1 3
-0.0558352 0.0281696 -0.998043 0 0.00212728 0.999603 0.0280946 0 0.998438 -0.000554448 -0.0558729 0 -2422.68 22.0022 -879.607 1 3
-0.0565153 0.0284253 -0.997997 0 0.00224304 0.999596 0.0283439 0 0.998399 -0.000636687 -0.0565562 0 -2423.75 22.0181 -881.002 1 3
-0.0571352 0.0286074 -0.997957 0 0.00226627 0.999591 0.0285245 0 0.998364 -0.000631887 -0.0571766 0 -2424.75 21.8533 -882.438 1 3
-0.0576545 0.0287155 -0.997924 0 0.00226239 0.999587 0.0286326 0 0.998334 -0.000606894 -0.0576956 0 -2425.68 21.6001 -883.947 1 3
-0.0580855 0.0287806 -0.997897 0 0.00228158 0.999586 0.0286965 0 0.998309 -0.000609928 -0.0581271 0 -2426.54 21.4035 -885.46 1 3
-0.058114 0.0303188 -0.997849 0 0.00190876 0.99954 0.030259 0 0.998308 -0.000146187 -0.0581451 0 -2428.94 21.8454 -888.655 1 3
-0.058167 0.0313833 -0.997813 0 0.00181941 0.999507 0.0313306 0 0.998305 6.9769e-06 -0.0581954 0 -2430.79 22.2965 -891.356 1 3
-0.0583913 0.0321666 -0.997775 0 0.00178609 0.999483 0.0321171 0 0.998292 9.32434e-05 -0.0584185 0 -2432.4 22.5021 -893.371 1 3
-0.0587356 0.0325319 -0.997743 0 0.00182122 0.999471 0.0324811 0 0.998272 9.06804e-05 -0.0587637 0 -2433.78 22.6932 -894.847 1 3
-0.0591335 0.0328209 -0.99771 0 0.00190885 0.999461 0.0327654 0 0.998248 3.30513e-05 -0.0591643 0 -2434.98 22.9251 -895.794 1 3
-0.059549 0.0330634 -0.997678 0 0.00193836 0.999453 0.0330066 0 0.998224 3.16487e-05 -0.0595805 0 -2435.99 23.0302 -896.532 1 3
-0.0599156 0.033239 -0.99765 0 0.00194725 0.999447 0.0331819 0 0.998202 4.54443e-05 -0.0599472 0 -2436.91 23.0209 -897.251 1 3
-0.0603019 0.0333733 -0.997622 0 0.00194487 0.999443 0.0333167 0 0.998178 6.88123e-05 -0.0603332 0 -2437.73 22.9103 -897.691 1 3
-0.0606194 0.0334787 -0.997599 0 0.0019412 0.999439 0.0334225 0 0.998159 8.95149e-05 -0.0606504 0 -2438.39 22.8151 -898.158 1 3
-0.0608712 0.0335412 -0.997582 0 0.00193048 0.999437 0.0334858 0 0.998144 0.000112509 -0.0609017 0 -2438.93 22.6915 -898.618 1 3
