0.209977 0 -0.977706 0 0 1 0 0 0.977706 0 0.209977 0 -2790.55 0 -2026.71 1 0
0.209977 0 -0.977706 0 0 1 0 0 0.977706 0 0.209977 0 -2790.55 0 -2026.71 1 0
0.209977 0 -0.977706 0 0 1 0 0 0.977706 0 0.209977 0 -2790.55 0 -2026.71 1 0
0.209977 0 -0.977706 0 0 1 0 0 0.977706 0 0.209977 0 -2790.55 0 -2026.71 1 0
0.209977 0 -0.977706 0 0 1 0 0 0.977706 0 0.209977 0 -2790.55 0 -2026.71 1 0
0.209977 0 -0.977706 0 0 1 0 0 0.977706 0 0.209977 0 -2790.55 0 -2026.71 1 0
0.209977 0 -0.977706 0 0 1 0 0 0.977706 0 0.209977 0 -2790.55 0 -2026.71 1 0
0.209977 0 -0.977706 0 0 1 0 0 0.977706 0 0.209977 0 -2790.55 0 -2026.71 1 0
0.209977 0 -0.977706 0 0 1 0 0 0.977706 0 0.209977 0 -2790.55 0 -2026.71 1 0
0.209977 0 -0.977706 0 0 1 0 0 0.977706 0 0.209977 0 -2790.55 0 -2026.71 1 0
0.209977 0 -0.977706 0 0 1 0 0 0.977706 0 0.209977 0 -2790.55 0 -2026.71 1 0
0.209977 0 -0.977706 0 0 1 0 0 0.977706 0 0.209977 0 -2790.55 0 -2026.71 1 0
0.209977 0 -0.977706 0 0 1 0 0 0.977706 0 0.209977 0 -2790.55 0 -2026.71 1 0
0.209977 0 -0.977706 0 0 1 0 0 0.977706 0 0.209977 0 -2790.55 0 -2026.71 1 0
0.209977 0 -0.977706 0 0 1 0 0 0.977706 0 0.209977 0 -2790.55 0 -2026.71 1 0
0.209977 0 -0.977706 0 0 1 0 0 0.977706 0 0.209977 0 -2790.55 0 -2026.71 1 0
0.209977 0 -0.977706 0 0 1 0 0 0.977706 0 0.209977 0 -2790.55 0 -2026.71 1 0
0.209977 0 -0.977706 0 0 1 0 0 0.977706 0 0.209977 0 -2790.55 0 -2026.71 1 0
0.209977 0 -0.977706 0 0 1 0 0 0.977706 0 0.209977 0 -2790.55 0 -2026.71 1 0
0.209977 0 -0.977706 0 0 1 0 0 0.977706 0 0.209977 0 -2790.55 0 -2026.71 1 0
0.209977 0 -0.977706 0 0 1 0 0 0.977706 0 0.209977 0 -2790.55 0 -2026.71 1 0
0.209977 0 -0.977706 0 0 1 0 0 0.977706 0 0.209977 0 -2790.55 0 -2026.71 1 0
0.209977 0 -0.977706 0 0 1 0 0 0.977706 0 0.209977 0 -2790.55 0 -2026.71 1 0
0.209977 0 -0.977706 0 0 1 0 0 0.977706 0 0.209977 0 -2790.55 0 -2026.71 1 0
0.209977 0 -0.977706 0 0 1 0 0 0.977706 0 0.209977 0 -2790.55 0 -2026.71 1 0
0.209977 0 -0.977706 0 0 1 0 0 0.977706 0 0.209977 0 -2790.55 0 -2026.71 1 0
0.209977 0 -0.977706 0 0 1 0 0 0.977706 0 0.209977 0 -2790.55 0 -2026.71 1 0
0.209977 0 -0.977706 0 0 1 0 0 0.977706 0 0.209977 0 -2790.55 0 -2026.71 1 0
0.209977 0 -0.977706 0 0 1 0 0 0.977706 0 0.209977 0 -2790.55 0 -2026.71 1 0
0.209977 0 -0.977706 0 0 1 0 0 0.977706 0 0.209977 0 -2790.55 0 -2026.71 1 0
0.209977 0 -0.977706 0 0 1 0 0 0.977706 0 0.209977 0 -2790.55 0 -2026.71 1 0
0.209977 0 -0.977706 0 0 1 0 0 0.977706 0 0.209977 0 -2790.55 0 -2026.71 1 0
0.209977 0 -0.977706 0 0 1 0 0 0.977706 0 0.209977 0 -2790.55 0 -2026.71 1 0
0.209977 0 -0.977706 0 0 1 0 0 0.977706 0 0.209977 0 -2790.55 0 -2026.71 1 0
0.209977 0 -0.977706 0 0 1 0 0 0.977706 0 0.209977 0 -2790.55 0 -2026.71 1 0
0.209977 0 -0.977706 0 0 1 0 0 0.977706 0 0.209977 0 -2790.55 0 -2026.71 1 0
0.209977 0 -0.977706 0 0 1 0 0 0.977706 0 0.209977 0 -2790.55 0 -2026.71 1 0
0.209977 0 -0.977706 0 0 1 0 0 0.977706 0 0.209977 0 -2790.55 0 -2026.71 1 0
0.209977 0 -0.977706 0 0 1 0 0 0.977706 0 0.209977 0 -2790.55 0 -2026.71 1 0
0.209977 0 -0.977706 0 0 1 0 0 0.977706 0 0.209977 0 -2790.55 0 -2026.71 1 0
0.209977 0 -0.977706 0 0 1 0 0 0.977706 0 0.209977 0 -2790.55 0 -2026.71 1 0
0.209977 0 -0.977706 0 0 1 0 0 0.977706 0 0.209977 0 -2790.55 0 -2026.71 1 0
0.209977 0 -0.977706 0 0 1 0 0 0.977706 0 0.209977 0 -2790.55 0 -2026.71 1 0
0.209977 0 -0.977706 0 0 1 0 0 0.977706 0 0.209977 0 -2790.55 0 -2026.71 1 0
0.209977 0 -0.977706 0 0 1 0 0 0.977706 0 0.209977 0 -2790.55 0 -2026.71 1 0
0.209977 0 -0.977706 0 0 1 0 0 0.977706 0 0.209977 0 -2790.55 0 -2026.71 1 0
0.209977 0 -0.977706 0 0 1 0 0 0.977706 0 0.209977 0 -2790.55 0 -2026.71 1 0
0.209977 0 -0.977706 0 0 1 0 0 0.977706 0 0.209977 0 -2790.55 0 -2026.71 1 0
0.209977 0 -0.977706 0 0 1 0 0 0.977706 0 0.209977 0 -2790.55 0 -2026.71 1 0
0.209977 0 -0.977706 0 0 1 0 0 0.977706 0 0.209977 0 -2790.55 0 -2026.71 1 0
0.209977 0 -0.977706 0 0 1 0 0 0.977706 0 0.209977 0 -2790.55 0 -2026.71 1 0
0.209977 0 -0.977706 0 0 1 0 0 0.977706 0 0.209977 0 -2790.55 0 -2026.71 1 0
0.209977 0 -0.977706 0 0 1 0 0 0.977706 0 0.209977 0 -2790.55 0 -2026.71 1 0
0.209977 0 -0.977706 0 0 1 0 0 0.977706 0 0.209977 0 -2790.55 0 -2026.71 1 0
0.209977 0 -0.977706 0 0 1 0 0 0.977706 0 0.209977 0 -2790.55 0 -2026.71 1 0
0.209977 0 -0.977706 0 0 1 0 0 0.977706 0 0.209977 0 -2790.55 0 -2026.71 1 0
0.209977 0 -0.977706 0 0 1 0 0 0.977706 0 0.209977 0 -2790.55 0 -2026.71 1 0
0.209977 0 -0.977706 0 0 1 0 0 0.977706 0 0.209977 0 -2790.55 0 -2026.71 1 0
0.209977 0 -0.977706 0 0 1 0 0 0.977706 0 0.209977 0 -2790.55 0 -2026.71 1 0
0.209977 0 -0.977706 0 0 1 0 0 0.977706 0 0.209977 0 -2790.55 0 -2026.71 1 0
0.209977 0 -0.977706 0 0 1 0 0 0.977706 0 0.209977 0 -2790.55 0 -2026.71 1 0
0.209977 0 -0.977706 0 0 1 0 0 0.977706 0 0.209977 0 -2790.55 0 -2026.71 1 0
0.209977 0 -0.977706 0 0 1 0 0 0.977706 0 0.209977 0 -2790.55 0 -2026.71 1 0
0.209977 0 -0.977706 0 0 1 0 0 0.977706 0 0.209977 0 -2790.55 0 -2026.71 1 0
0.209977 0 -0.977706 0 0 1 0 0 0.977706 0 0.209977 0 -2790.55 0 -2026.71 1 0
0.209977 0 -0.977706 0 0 1 0 0 0.977706 0 0.209977 0 -2790.55 0 -2026.71 1 0
0.209977 0 -0.977706 0 0 1 0 0 0.977706 0 0.209977 0 -2790.55 0 -2026.71 1 0
0.209977 0 -0.977706 0 0 1 0 0 0.977706 0 0.209977 0 -2790.55 0 -2026.71 1 0
0.209977 0 -0.977706 0 0 1 0 0 0.977706 0 0.209977 0 -2790.55 0 -2026.71 1 0
0.209977 0 -0.977706 0 0 1 0 0 0.977706 0 0.209977 0 -2790.55 0 -2026.71 1 0
0.209977 0 -0.977706 0 0 1 0 0 0.977706 0 0.209977 0 -2790.55 0 -2026.71 1 0
0.209977 0 -0.977706 0 0 1 0 0 0.977706 0 0.209977 0 -2790.55 0 -2026.71 1 0
0.209977 0 -0.977706 0 0 1 0 0 0.977706 0 0.209977 0 -2790.55 0 -2026.71 1 0
0.209977 0 -0.977706 0 0 1 0 0 0.977706 0 0.209977 0 -2790.55 0 -2026.71 1 0
0.209977 0 -0.977706 0 0 1 0 0 0.977706 0 0.209977 0 -2790.55 0 -2026.71 1 0
0.209977 0 -0.977706 0 0 1 0 0 0.977706 0 0.209977 0 -2790.55 0 -2026.71 1 0
0.209977 0 -0.977706 0 0 1 0 0 0.977706 0 0.209977 0 -2790.55 0 -2026.71 1 0
0.209977 0 -0.977706 0 0 1 0 0 0.977706 0 0.209977 0 -2790.55 0 -2026.71 1 0
0.209977 0 -0.977706 0 0 1 0 0 0.977706 0 0.209977 0 -2790.55 0 -2026.71 1 0
0.209977 0 -0.977706 0 0 1 0 0 0.977706 0 0.209977 0 -2790.55 0 -2026.71 1 0
0.209977 0 -0.977706 0 0 1 0 0 0.977706 0 0.209977 0 -2790.55 0 -2026.71 1 0
0.209977 0 -0.977706 0 0 1 0 0 0.977706 0 0.209977 0 -2790.55 0 -2026.71 1 0
0.209977 0 -0.977706 0 0 1 0 0 0.977706 0 0.209977 0 -2790.55 0 -2026.71 1 0
0.209977 0 -0.977706 0 0 1 0 0 0.977706 0 0.209977 0 -2790.55 0 -2026.71 1 0
0.209977 0 -0.977706 0 0 1 0 0 0.977706 0 0.209977 0 -2790.55 0 -2026.71 1 0
0.209977 0 -0.977706 0 0 1 0 0 0.977706 0 0.209977 0 -2790.55 0 -2026.71 1 0
0.209977 0 -0.977706 0 0 1 0 0 0.977706 0 0.209977 0 -2790.55 0 -2026.71 1 0
0.209977 0 -0.977706 0 0 1 0 0 0.977706 0 0.209977 0 -2790.55 0 -2026.71 1 0
0.209977 0 -0.977706 0 0 1 0 0 0.977706 0 0.209977 0 -2790.55 0 -2026.71 1 0
0.209977 0 -0.977706 0 0 1 0 0 0.977706 0 0.209977 0 -2790.55 0 -2026.71 1 0
0.209977 0 -0.977706 0 0 1 0 0 0.977706 0 0.209977 0 -2790.55 0 -2026.71 1 0
0.209977 0 -0.977706 0 0 1 0 0 0.977706 0 0.209977 0 -2790.55 0 -2026.71 1 0
0.209977 0 -0.977706 0 0 1 0 0 0.977706 0 0.209977 0 -2790.55 0 -2026.71 1 0
0.209977 0 -0.977706 0 0 1 0 0 0.977706 0 0.209977 0 -2790.55 0 -2026.71 1 0
0.209977 0 -0.977706 0 0 1 0 0 0.977706 0 0.209977 0 -2790.55 0 -2026.71 1 0
0.209977 0 -0.977706 0 0 1 0 0 0.977706 0 0.209977 0 -2790.55 0 -2026.71 1 0
0.0816838 0.0722 -0.99404 0 -0.0273812 0.997159 0.0701765 0 0.996282 0.0214857 0.0834287 0 -3542.36 198.711 -907.807 1 1
0.0567702 0.0919135 -0.994147 0 -0.0348511 0.995329 0.0900326 0 0.997779 0.0295359 0.0597083 0 -3491.72 202.475 -969.278 1 1
0.0567702 0.0919135 -0.994147 0 -0.0348511 0.995329 0.0900326 0 0.997779 0.0295359 0.0597083 0 -3491.72 202.475 -969.278 1 2
0.0567702 0.0919135 -0.994147 0 -0.0348511 0.995329 0.0900326 0 0.997779 0.0295359 0.0597083 0 -3491.72 202.475 -969.278 1 2
0.0567702 0.0919135 -0.994147 0 -0.0348511 0.995329 0.0900326 0 0.997779 0.0295359 0.0597083 0 -3491.72 202.475 -969.278 1 2
0.0567702 0.0919135 -0.994147 0 -0.0348511 0.995329 0.0900326 0 0.997779 0.0295359 0.0597083 0 -3491.72 202.475 -969.278 1 2
0.0567702 0.0919135 -0.994147 0 -0.0348511 0.995329 0.0900326 0 0.997779 0.0295359 0.0597083 0 -3491.72 202.475 -969.278 1 2
0.0567702 0.0919135 -0.994147 0 -0.0348511 0.995329 0.0900326 0 0.997779 0.0295359 0.0597083 0 -3491.72 202.475 -969.278 1 2
0.0567702 0.0919135 -0.994147 0 -0.0348511 0.995329 0.0900326 0 0.997779 0.0295359 0.0597083 0 -3491.72 202.475 -969.278 1 2
0.0567702 0.0919135 -0.994147 0 -0.0348511 0.995329 0.0900326 0 0.997779 0.0295359 0.0597083 0 -3491.72 202.475 -969.278 1 2
0.0567702 0.0919135 -0.994147 0 -0.0348511 0.995329 0.0900326 0 0.997779 0.0295359 0.0597083 0 -3491.72 202.475 -969.278 1 2
0.0567702 0.0919135 -0.994147 0 -0.0348511 0.995329 0.0900326 0 0.997779 0.0295359 0.0597083 0 -3491.72 202.475 -969.278 1 2
0.0567702 0.0919135 -0.994147 0 -0.0348511 0.995329 0.0900326 0 0.997779 0.0295359 0.0597083 0 -3491.72 202.475 -969.278 1 2
0.0567702 0.0919135 -0.994147 0 -0.0348511 0.995329 0.0900326 0 0.997779 0.0295359 0.0597083 0 -3491.72 202.475 -969.278 1 2
0.0567702 0.0919135 -0.994147 0 -0.0348511 0.995329 0.0900326 0 0.997779 0.0295359 0.0597083 0 -3491.72 202.475 -969.278 1 2
0.0567702 0.0919135 -0.994147 0 -0.0348511 0.995329 0.0900326 0 0.997779 0.0295359 0.0597083 0 -3491.72 202.475 -969.278 1 2
0.0567702 0.0919135 -0.994147 0 -0.0348511 0.995329 0.0900326 0 0.997779 0.0295359 0.0597083 0 -3491.72 202.475 -969.278 1 2
0.0567702 0.0919135 -0.994147 0 -0.0348511 0.995329 0.0900326 0 0.997779 0.0295359 0.0597083 0 -3491.72 202.475 -969.278 1 2
0.0567702 0.0919135 -0.994147 0 -0.0348511 0.995329 0.0900326 0 0.997779 0.0295359 0.0597083 0 -3491.72 202.475 -969.278 1 2
0.0567702 0.0919135 -0.994147 0 -0.0348511 0.995329 0.0900326 0 0.997779 0.0295359 0.0597083 0 -3491.72 202.475 -969.278 1 2
0.0567702 0.0919135 -0.994147 0 -0.0348511 0.995329 0.0900326 0 0.997779 0.0295359 0.0597083 0 -3491.72 202.475 -969.278 1 2
0.0567702 0.0919135 -0.994147 0 -0.0348511 0.995329 0.0900326 0 0.997779 0.0295359 0.0597083 0 -3491.72 202.475 -969.278 1 2
0.0567702 0.0919135 -0.994147 0 -0.0348511 0.995329 0.0900326 0 0.997779 0.0295359 0.0597083 0 -3491.72 202.475 -969.278 1 2
0.0567702 0.0919135 -0.994147 0 -0.0348511 0.995329 0.0900326 0 0.997779 0.0295359 0.0597083 0 -3491.72 202.475 -969.278 1 2
0.0567702 0.0919135 -0.994147 0 -0.0348511 0.995329 0.0900326 0 0.997779 0.0295359 0.0597083 0 -3491.72 202.475 -969.278 1 2
0.0567702 0.0919135 -0.994147 0 -0.0348511 0.995329 0.0900326 0 0.997779 0.0295359 0.0597083 0 -3491.72 202.475 -969.278 1 2
0.0567702 0.0919135 -0.994147 0 -0.0348511 0.995329 0.0900326 0 0.997779 0.0295359 0.0597083 0 -3491.72 202.475 -969.278 1 2
0.0567702 0.0919135 -0.994147 0 -0.0348511 0.995329 0.0900326 0 0.997779 0.0295359 0.0597083 0 -3491.72 202.475 -969.278 1 2
0.0567702 0.0919135 -0.994147 0 -0.0348511 0.995329 0.0900326 0 0.997779 0.0295359 0.0597083 0 -3491.72 202.475 -969.278 1 2
0.0567702 0.0919135 -0.994147 0 -0.0348511 0.995329 0.0900326 0 0.997779 0.0295359 0.0597083 0 -3491.72 202.475 -969.278 1 2
0.0567702 0.0919135 -0.994147 0 -0.0348511 0.995329 0.0900326 0 0.997779 0.0295359 0.0597083 0 -3491.72 202.475 -969.278 1 2
0.0567702 0.0919135 -0.994147 0 -0.0348511 0.995329 0.0900326 0 0.997779 0.0295359 0.0597083 0 -3491.72 202.475 -969.278 1 2
0.049391 0.112078 -0.992471 0 -0.0464617 0.992866 0.10981 0 0.997698 0.0406883 0.054246 0 -3494.78 152.752 -968.957 1 3
0.0439759 0.123978 -0.99131 0 -0.0551111 0.99106 0.121502 0 0.997511 0.049289 0.0504153 0 -3498.52 106.926 -967.716 1 3
0.0399057 0.13069 -0.99062 0 -0.0609443 0.989882 0.128137 0 0.997343 0.0552592 0.0474667 0 -3503.12 67.517 -966.96 1 3
0.0364092 0.133156 -0.990426 0 -0.064495 0.98933 0.130638 0 0.997254 0.0591211 0.0446087 0 -3509.1 33.393 -965.377 1 3
0.033386 0.131212 -0.990792 0 -0.0649964 0.989531 0.128855 0 0.997327 0.0600959 0.0415648 0 -3516.41 7.01361 -961.977 1 3
0.0303122 0.126421 -0.991513 0 -0.0616327 0.990318 0.124384 0 0.997639 0.0573393 0.0378103 0 -3526.53 -5.26031 -955.749 1 3
0.0270628 0.116778 -0.992789 0 -0.0568294 0.991727 0.115103 0 0.998017 0.0533046 0.0334753 0 -3536.48 -16.3297 -947.008 1 3
0.0238319 0.106099 -0.99407 0 -0.0516496 0.993155 0.104763 0 0.998381 0.0488466 0.0291487 0 -3546.32 -20.8782 -937.344 1 3
0.0202008 0.0959932 -0.995177 0 -0.0466299 0.994387 0.0949705 0 0.998708 0.0444865 0.0245635 0 -3555.92 -19.5517 -926.647 1 3
0.0163456 0.0871807 -0.996058 0 -0.0416421 0.995387 0.0864385 0 0.998999 0.0400651 0.0199006 0 -3565.26 -14.1557 -915.499 1 3
0.0126569 0.0799305 -0.99672 0 -0.0375919 0.996133 0.079406 0 0.999213 0.0364636 0.0156127 0 -3573.9 -8.23063 -905.485 1 3
0.00908561 0.0743158 -0.997193 0 -0.0343104 0.99667 0.0739643 0 0.99937 0.0335421 0.0116052 0 -3581.81 -2.11934 -897.198 1 3
0.00608127 0.0701491 -0.997518 0 -0.0316627 0.99705 0.0699231 0 0.99948 0.0311589 0.00828444 0 -3588.61 3.89421 -891.101 1 3
0.00311873 0.0673925 -0.997722 0 -0.0295966 0.997296 0.0672712 0 0.999557 0.0293194 0.00510489 0 -3594.82 8.96326 -886.006 1 3
5.45248e-05 0.0652839 -0.997867 0 -0.0280958 0.997473 0.0652566 0 0.999605 0.0280323 0.00188859 0 -3600.7 12.3649 -880.374 1 3
-0.00311159 0.0639653 -0.997947 0 -0.0269062 0.997585 0.064026 0 0.999633 0.0270502 -0.00138302 0 -3606.09 15.3152 -874.477 1 3
-0.00641241 0.0628882 -0.998 0 -0.0256222 0.997683 0.0630328 0 0.999651 0.0259751 -0.00478622 0 -3611.18 17.9428 -867.977 1 3
-0.00973698 0.0619848 -0.99803 0 -0.0246938 0.997758 0.0622089 0 0.999648 0.0252509 -0.0081845 0 -3615.78 19.7132 -860.95 1 3
-0.012878 0.0614611 -0.998026 0 -0.0236951 0.99781 0.0617535 0 0.999636 0.0244436 -0.0113935 0 -3619.92 21.7937 -854.201 1 3
-0.0155775 0.0610973 -0.99801 0 -0.022723 0.997852 0.0614423 0 0.99962 0.0236349 -0.0141557 0 -3623.62 23.4217 -848.379 1 3
-0.0179145 0.0606538 -0.997998 0 -0.0218759 0.997896 0.0610403 0 0.9996 0.0229256 -0.0165499 0 -3626.86 24.6635 -843.513 1 3
-0.019859 0.0603903 -0.997977 0 -0.0212962 0.997922 0.0608107 0 0.999576 0.0224608 -0.0185316 0 -3629.62 25.553 -840.162 1 3
-0.0215959 0.0604297 -0.997939 0 -0.0207706 0.997929 0.0608786 0 0.999551 0.0220425 -0.020296 0 -3632.16 26.6365 -837.462 1 3
-0.0228614 0.0606049 -0.9979 0 -0.020413 0.997924 0.061074 0 0.99953 0.0217664 -0.0215768 0 -3634.23 27.5027 -836.182 1 3
-0.0239352 0.0608302 -0.997861 0 -0.0199977 0.997918 0.0613134 0 0.999513 0.0214225 -0.0226689 0 -3636.09 28.5105 -835.372 1 3
-0.0248595 0.0610857 -0.997823 0 -0.0195072 0.997912 0.0615771 0 0.999501 0.0209955 -0.0236159 0 -3637.86 29.7276 -834.947 1 3
-0.0257248 0.0612326 -0.997792 0 -0.0190881 0.99791 0.0617319 0 0.999487 0.020634 -0.0245022 0 -3639.58 30.7998 -834.763 1 3
-0.0265219 0.0613758 -0.997762 0 -0.0186206 0.99791 0.0618798 0 0.999475 0.0202201 -0.0253236 0 -3641.14 32.1709 -834.725 1 3
-0.027374 0.0615598 -0.997728 0 -0.0182532 0.997905 0.0620716 0 0.999459 0.0199109 -0.026193 0 -3642.59 33.1688 -834.365 1 3
-0.0282194 0.0616678 -0.997698 0 -0.0180935 0.9979 0.062192 0 0.999438 0.0198068 -0.0270444 0 -3643.83 33.3579 -834.207 1 3
-0.0289832 0.0618082 -0.997667 0 -0.0180271 0.997892 0.0623458 0 0.999417 0.019792 -0.0278079 0 -3644.94 33.3902 -834.337 1 3
-0.0296308 0.0620463 -0.997633 0 -0.0178678 0.997879 0.0625923 0 0.999401 0.0196802 -0.0284593 0 -3646.04 33.523 -834.89 1 3
-0.0302226 0.0622111 -0.997605 0 -0.0178236 0.997869 0.0627675 0 0.999384 0.0196779 -0.0290494 0 -3647.03 33.3547 -835.547 1 3
-0.030725 0.0623107 -0.997584 0 -0.0178243 0.997862 0.062877 0 0.999369 0.0197132 -0.0295486 0 -3647.96 33.0778 -836.398 1 3
-0.0311169 0.0623956 -0.997566 0 -0.0178127 0.997856 0.0629694 0 0.999357 0.0197287 -0.0299387 0 -3648.81 32.8922 -837.371 1 3
-0.0313506 0.0638028 -0.99747 0 -0.0181677 0.997759 0.0643924 0 0.999343 0.0201405 -0.0301212 0 -3651.13 32.8301 -840.276 1 3
-0.0314907 0.0648128 -0.9974 0 -0.01825 0.997692 0.065408 0 0.999337 0.0202623 -0.0302351 0 -3652.9 33.1391 -842.783 1 3
-0.0317742 0.0655779 -0.997341 0 -0.0182679 0.99764 0.0661795 0 0.999328 0.0203222 -0.0305013 0 -3654.43 33.2705 -844.434 1 3
-0.0321339 0.0659414 -0.997306 0 -0.0182338 0.997617 0.0665495 0 0.999317 0.0203232 -0.0308549 0 -3655.74 33.471 -845.458 1 3
-0.0325096 0.066206 -0.997276 0 -0.0181686 0.9976 0.0668197 0 0.999306 0.0202914 -0.0312287 0 -3656.87 33.7584 -845.909 1 3
-0.032912 0.0664425 -0.997247 0 -0.018139 0.997584 0.0670636 0 0.999294 0.0202962 -0.0316273 0 -3657.83 33.8661 -846.139 1 3
-0.0332755 0.0666157 -0.997224 0 -0.018125 0.997572 0.0672438 0 0.999282 0.0203122 -0.0319873 0 -3658.72 33.8434 -846.402 1 3
-0.0336571 0.0667539 -0.997202 0 -0.0181087 0.997562 0.0673893 0 0.999269 0.0203262 -0.0323662 0 -3659.51 33.7113 -846.383 1 3
-0.0339685 0.0668543 -0.997184 0 -0.0181132 0.997555 0.0674962 0 0.999259 0.0203549 -0.0326745 0 -3660.14 33.5896 -846.467 1 3
-0.0342137 0.0669091 -0.997172 0 -0.0181223 0.997551 0.0675563 0 0.99925 0.0203824 -0.0329174 0 -3660.66 33.4348 -846.618 1 3
