0.010135 0 0.999949 0 0 1 0 0 -0.999949 0 0.010135 0 -3991.22 0 -80.4465 1 0
0.010135 0 0.999949 0 0 1 0 0 -0.999949 0 0.010135 0 -3991.22 0 -80.4465 1 0
0.010135 0 0.999949 0 0 1 0 0 -0.999949 0 0.010135 0 -3991.22 0 -80.4465 1 0
0.010135 0 0.999949 0 0 1 0 0 -0.999949 0 0.010135 0 -3991.22 0 -80.4465 1 0
0.010135 0 0.999949 0 0 1 0 0 -0.999949 0 0.010135 0 -3991.22 0 -80.4465 1 0
0.010135 0 0.999949 0 0 1 0 0 -0.999949 0 0.010135 0 -3991.22 0 -80.4465 1 0
0.010135 0 0.999949 0 0 1 0 0 -0.999949 0 0.010135 0 -3991.22 0 -80.4465 1 0
0.010135 0 0.999949 0 0 1 0 0 -0.999949 0 0.010135 0 -3991.22 0 -80.4465 1 0
0.010135 0 0.999949 0 0 1 0 0 -0.999949 0 0.010135 0 -3991.22 0 -80.4465 1 0
0.010135 0 0.999949 0 0 1 0 0 -0.999949 0 0.010135 0 -3991.22 0 -80.4465 1 0
0.010135 0 0.999949 0 0 1 0 0 -0.999949 0 0.010135 0 -3991.22 0 -80.4465 1 0
0.010135 0 0.999949 0 0 1 0 0 -0.999949 0 0.010135 0 -3991.22 0 -80.4465 1 0
0.010135 0 0.999949 0 0 1 0 0 -0.999949 0 0.010135 0 -3991.22 0 -80.4465 1 0
0.010135 0 0.999949 0 0 1 0 0 -0.999949 0 0.010135 0 -3991.22 0 -80.4465 1 0
0.010135 0 0.999949 0 0 1 0 0 -0.999949 0 0.010135 0 -3991.22 0 -80.4465 1 0
0.010135 0 0.999949 0 0 1 0 0 -0.999949 0 0.010135 0 -3991.22 0 -80.4465 1 0
0.010135 0 0.999949 0 0 1 0 0 -0.999949 0 0.010135 0 -3991.22 0 -80.4465 1 0
0.010135 0 0.999949 0 0 1 0 0 -0.999949 0 0.010135 0 -3991.22 0 -80.4465 1 0
0.010135 0 0.999949 0 0 1 0 0 -0.999949 0 0.010135 0 -3991.22 0 -80.4465 1 0
0.010135 0 0.999949 0 0 1 0 0 -0.999949 0 0.010135 0 -3991.22 0 -80.4465 1 0
0.010135 0 0.999949 0 0 1 0 0 -0.999949 0 0.010135 0 -3991.22 0 -80.4465 1 0
0.010135 0 0.999949 0 0 1 0 0 -0.999949 0 0.010135 0 -3991.22 0 -80.4465 1 0
0.010135 0 0.999949 0 0 1 0 0 -0.999949 0 0.010135 0 -3991.22 0 -80.4465 1 0
0.010135 0 0.999949 0 0 1 0 0 -0.999949 0 0.010135 0 -3991.22 0 -80.4465 1 0
0.010135 0 0.999949 0 0 1 0 0 -0.999949 0 0.010135 0 -3991.22 0 -80.4465 1 0
0.010135 0 0.999949 0 0 1 0 0 -0.999949 0 0.010135 0 -3991.22 0 -80.4465 1 0
0.010135 0 0.999949 0 0 1 0 0 -0.999949 0 0.010135 0 -3991.22 0 -80.4465 1 0
0.010135 0 0.999949 0 0 1 0 0 -0.999949 0 0.010135 0 -3991.22 0 -80.4465 1 0
0.010135 0 0.999949 0 0 1 0 0 -0.999949 0 0.010135 0 -3991.22 0 -80.4465 1 0
0.010135 0 0.999949 0 0 1 0 0 -0.999949 0 0.010135 0 -3991.22 0 -80.4465 1 0
0.010135 0 0.999949 0 0 1 0 0 -0.999949 0 0.010135 0 -3991.22 0 -80.4465 1 0
0.010135 0 0.999949 0 0 1 0 0 -0.999949 0 0.010135 0 -3991.22 0 -80.4465 1 0
0.010135 0 0.999949 0 0 1 0 0 -0.999949 0 0.010135 0 -3991.22 0 -80.4465 1 0
0.010135 0 0.999949 0 0 1 0 0 -0.999949 0 0.010135 0 -3991.22 0 -80.4465 1 0
0.010135 0 0.999949 0 0 1 0 0 -0.999949 0 0.010135 0 -3991.22 0 -80.4465 1 0
0.010135 0 0.999949 0 0 1 0 0 -0.999949 0 0.010135 0 -3991.22 0 -80.4465 1 0
0.010135 0 0.999949 0 0 1 0 0 -0.999949 0 0.010135 0 -3991.22 0 -80.4465 1 0
0.010135 0 0.999949 0 0 1 0 0 -0.999949 0 0.010135 0 -3991.22 0 -80.4465 1 0
0.010135 0 0.999949 0 0 1 0 0 -0.999949 0 0.010135 0 -3991.22 0 -80.4465 1 0
0.010135 0 0.999949 0 0 1 0 0 -0.999949 0 0.010135 0 -3991.22 0 -80.4465 1 0
0.010135 0 0.999949 0 0 1 0 0 -0.999949 0 0.010135 0 -3991.22 0 -80.4465 1 0
0.010135 0 0.999949 0 0 1 0 0 -0.999949 0 0.010135 0 -3991.22 0 -80.4465 1 0
0.010135 0 0.999949 0 0 1 0 0 -0.999949 0 0.010135 0 -3991.22 0 -80.4465 1 0
0.010135 0 0.999949 0 0 1 0 0 -0.999949 0 0.010135 0 -3991.22 0 -80.4465 1 0
0.010135 0 0.999949 0 0 1 0 0 -0.999949 0 0.010135 0 -3991.22 0 -80.4465 1 0
0.010135 0 0.999949 0 0 1 0 0 -0.999949 0 0.010135 0 -3991.22 0 -80.4465 1 0
0.010135 0 0.999949 0 0 1 0 0 -0.999949 0 0.010135 0 -3991.22 0 -80.4465 1 0
0.010135 0 0.999949 0 0 1 0 0 -0.999949 0 0.010135 0 -3991.22 0 -80.4465 1 0
0.0405681 -0.0672793 0.996909 0 0.00778902 0.997721 0.0670172 0 -0.999146 0.00504619 0.0409997 0 -3770.34 -65.5095 1361.4 1 1
0.0464229 -0.067261 0.996655 0 0.0112703 0.997702 0.0668068 0 -0.998858 0.00813124 0.0470743 0 -3788.04 -73.2175 1432.7 1 1
0.0464229 -0.067261 0.996655 0 0.0112703 0.997702 0.0668068 0 -0.998858 0.00813124 0.0470743 0 -3788.04 -73.2175 1432.7 1 2
0.0464229 -0.067261 0.996655 0 0.0112703 0.997702 0.0668068 0 -0.998858 0.00813124 0.0470743 0 -3788.04 -73.2175 1432.7 1 2
0.0464229 -0.067261 0.996655 0 0.0112703 0.997702 0.0668068 0 -0.998858 0.00813124 0.0470743 0 -3788.04 -73.2175 1432.7 1 2
0.0464229 -0.067261 0.996655 0 0.0112703 0.997702 0.0668068 0 -0.998858 0.00813124 0.0470743 0 -3788.04 -73.2175 1432.7 1 2
0.0464229 -0.067261 0.996655 0 0.0112703 0.997702 0.0668068 0 -0.998858 0.00813124 0.0470743 0 -3788.04 -73.2175 1432.7 1 2
0.0464229 -0.067261 0.996655 0 0.0112703 0.997702 0.0668068 0 -0.998858 0.00813124 0.0470743 0 -3788.04 -73.2175 1432.7 1 2
0.0464229 -0.067261 0.996655 0 0.0112703 0.997702 0.0668068 0 -0.998858 0.00813124 0.0470743 0 -3788.04 -73.2175 1432.7 1 2
0.0464229 -0.067261 0.996655 0 0.0112703 0.997702 0.0668068 0 -0.998858 0.00813124 0.0470743 0 -3788.04 -73.2175 1432.7 1 2
0.0464229 -0.067261 0.996655 0 0.0112703 0.997702 0.0668068 0 -0.998858 0.00813124 0.0470743 0 -3788.04 -73.2175 1432.7 1 2
0.0464229 -0.067261 0.996655 0 0.0112703 0.997702 0.0668068 0 -0.998858 0.00813124 0.0470743 0 -3788.04 -73.2175 1432.7 1 2
0.0464229 -0.067261 0.996655 0 0.0112703 0.997702 0.0668068 0 -0.998858 0.00813124 0.0470743 0 -3788.04 -73.2175 1432.7 1 2
0.0464229 -0.067261 0.996655 0 0.0112703 0.997702 0.0668068 0 -0.998858 0.00813124 0.0470743 0 -3788.04 -73.2175 1432.7 1 2
0.0464229 -0.067261 0.996655 0 0.0112703 0.997702 0.0668068 0 -0.998858 0.00813124 0.0470743 0 -3788.04 -73.2175 1432.7 1 2
0.0464229 -0.067261 0.996655 0 0.0112703 0.997702 0.0668068 0 -0.998858 0.00813124 0.0470743 0 -3788.04 -73.2175 1432.7 1 2
0.0464229 -0.067261 0.996655 0 0.0112703 0.997702 0.0668068 0 -0.998858 0.00813124 0.0470743 0 -3788.04 -73.2175 1432.7 1 2
0.0464229 -0.067261 0.996655 0 0.0112703 0.997702 0.0668068 0 -0.998858 0.00813124 0.0470743 0 -3788.04 -73.2175 1432.7 1 2
0.0464229 -0.067261 0.996655 0 0.0112703 0.997702 0.0668068 0 -0.998858 0.00813124 0.0470743 0 -3788.04 -73.2175 1432.7 1 2
0.0464229 -0.067261 0.996655 0 0.0112703 0.997702 0.0668068 0 -0.998858 0.00813124 0.0470743 0 -3788.04 -73.2175 1432.7 1 2
0.0464229 -0.067261 0.996655 0 0.0112703 0.997702 0.0668068 0 -0.998858 0.00813124 0.0470743 0 -3788.04 -73.2175 1432.7 1 2
0.0464229 -0.067261 0.996655 0 0.0112703 0.997702 0.0668068 0 -0.998858 0.00813124 0.0470743 0 -3788.04 -73.2175 1432.7 1 2
0.0464229 -0.067261 0.996655 0 0.0112703 0.997702 0.0668068 0 -0.998858 0.00813124 0.0470743 0 -3788.04 -73.2175 1432.7 1 2
0.0464229 -0.067261 0.996655 0 0.0112703 0.997702 0.0668068 0 -0.998858 0.00813124 0.0470743 0 -3788.04 -73.2175 1432.7 1 2
0.0464229 -0.067261 0.996655 0 0.0112703 0.997702 0.0668068 0 -0.998858 0.00813124 0.0470743 0 -3788.04 -73.2175 1432.7 1 2
0.0464229 -0.067261 0.996655 0 0.0112703 0.997702 0.0668068 0 -0.998858 0.00813124 0.0470743 0 -3788.04 -73.2175 1432.7 1 2
0.0464229 -0.067261 0.996655 0 0.0112703 0.997702 0.0668068 0 -0.998858 0.00813124 0.0470743 0 -3788.04 -73.2175 1432.7 1 2
0.0464229 -0.067261 0.996655 0 0.0112703 0.997702 0.0668068 0 -0.998858 0.00813124 0.0470743 0 -3788.04 -73.2175 1432.7 1 2
0.0464229 -0.067261 0.996655 0 0.0112703 0.997702 0.0668068 0 -0.998858 0.00813124 0.0470743 0 -3788.04 -73.2175 1432.7 1 2
0.0464229 -0.067261 0.996655 0 0.0112703 0.997702 0.0668068 0 -0.998858 0.00813124 0.0470743 0 -3788.04 -73.2175 1432.7 1 2
0.0464229 -0.067261 0.996655 0 0.0112703 0.997702 0.0668068 0 -0.998858 0.00813124 0.0470743 0 -3788.04 -73.2175 1432.7 1 2
0.0464229 -0.067261 0.996655 0 0.0112703 0.997702 0.0668068 0 -0.998858 0.00813124 0.0470743 0 -3788.04 -73.2175 1432.7 1 2
0.0464229 -0.067261 0.996655 0 0.0112703 0.997702 0.0668068 0 -0.998858 0.00813124 0.0470743 0 -3788.04 -73.2175 1432.7 1 2
0.0464229 -0.067261 0.996655 0 0.0112703 0.997702 0.0668068 0 -0.998858 0.00813124 0.0470743 0 -3788.04 -73.2175 1432.7 1 2
0.0464229 -0.067261 0.996655 0 0.0112703 0.997702 0.0668068 0 -0.998858 0.00813124 0.0470743 0 -3788.04 -73.2175 1432.7 1 2
0.0464229 -0.067261 0.996655 0 0.0112703 0.997702 0.0668068 0 -0.998858 0.00813124 0.0470743 0 -3788.04 -73.2175 1432.7 1 2
0.0464229 -0.067261 0.996655 0 0.0112703 0.997702 0.0668068 0 -0.998858 0.00813124 0.0470743 0 -3788.04 -73.2175 1432.7 1 2
0.0464229 -0.067261 0.996655 0 0.0112703 0.997702 0.0668068 0 -0.998858 0.00813124 0.0470743 0 -3788.04 -73.2175 1432.7 1 2
0.0464229 -0.067261 0.996655 0 0.0112703 0.997702 0.0668068 0 -0.998858 0.00813124 0.0470743 0 -3788.04 -73.2175 1432.7 1 2
0.0464229 -0.067261 0.996655 0 0.0112703 0.997702 0.0668068 0 -0.998858 0.00813124 0.0470743 0 -3788.04 -73.2175 1432.7 1 2
0.0464229 -0.067261 0.996655 0 0.0112703 0.997702 0.0668068 0 -0.998858 0.00813124 0.0470743 0 -3788.04 -73.2175 1432.7 1 2
0.0464229 -0.067261 0.996655 0 0.0112703 0.997702 0.0668068 0 -0.998858 0.00813124 0.0470743 0 -3788.04 -73.2175 1432.7 1 2
0.0464229 -0.067261 0.996655 0 0.0112703 0.997702 0.0668068 0 -0.998858 0.00813124 0.0470743 0 -3788.04 -73.2175 1432.7 1 2
0.0464229 -0.067261 0.996655 0 0.0112703 0.997702 0.0668068 0 -0.998858 0.00813124 0.0470743 0 -3788.04 -73.2175 1432.7 1 2
0.0464229 -0.067261 0.996655 0 0.0112703 0.997702 0.0668068 0 -0.998858 0.00813124 0.0470743 0 -3788.04 -73.2175 1432.7 1 2
0.0464229 -0.067261 0.996655 0 0.0112703 0.997702 0.0668068 0 -0.998858 0.00813124 0.0470743 0 -3788.04 -73.2175 1432.7 1 2
0.0464229 -0.067261 0.996655 0 0.0112703 0.997702 0.0668068 0 -0.998858 0.00813124 0.0470743 0 -3788.04 -73.2175 1432.7 1 2
0.0464229 -0.067261 0.996655 0 0.0112703 0.997702 0.0668068 0 -0.998858 0.00813124 0.0470743 0 -3788.04 -73.2175 1432.7 1 2
0.0464229 -0.067261 0.996655 0 0.0112703 0.997702 0.0668068 0 -0.998858 0.00813124 0.0470743 0 -3788.04 -73.2175 1432.7 1 2
0.0464229 -0.067261 0.996655 0 0.0112703 0.997702 0.0668068 0 -0.998858 0.00813124 0.0470743 0 -3788.04 -73.2175 1432.7 1 2
0.0464229 -0.067261 0.996655 0 0.0112703 0.997702 0.0668068 0 -0.998858 0.00813124 0.0470743 0 -3788.04 -73.2175 1432.7 1 2
0.0464229 -0.067261 0.996655 0 0.0112703 0.997702 0.0668068 0 -0.998858 0.00813124 0.0470743 0 -3788.04 -73.2175 1432.7 1 2
0.0464229 -0.067261 0.996655 0 0.0112703 0.997702 0.0668068 0 -0.998858 0.00813124 0.0470743 0 -3788.04 -73.2175 1432.7 1 2
0.0464229 -0.067261 0.996655 0 0.0112703 0.997702 0.0668068 0 -0.998858 0.00813124 0.0470743 0 -3788.04 -73.2175 1432.7 1 2
0.0464229 -0.067261 0.996655 0 0.0112703 0.997702 0.0668068 0 -0.998858 0.00813124 0.0470743 0 -3788.04 -73.2175 1432.7 1 2
0.0464229 -0.067261 0.996655 0 0.0112703 0.997702 0.0668068 0 -0.998858 0.00813124 0.0470743 0 -3788.04 -73.2175 1432.7 1 2
0.0464229 -0.067261 0.996655 0 0.0112703 0.997702 0.0668068 0 -0.998858 0.00813124 0.0470743 0 -3788.04 -73.2175 1432.7 1 2
0.0464229 -0.067261 0.996655 0 0.0112703 0.997702 0.0668068 0 -0.998858 0.00813124 0.0470743 0 -3788.04 -73.2175 1432.7 1 2
0.0464229 -0.067261 0.996655 0 0.0112703 0.997702 0.0668068 0 -0.998858 0.00813124 0.0470743 0 -3788.04 -73.2175 1432.7 1 2
0.0464229 -0.067261 0.996655 0 0.0112703 0.997702 0.0668068 0 -0.998858 0.00813124 0.0470743 0 -3788.04 -73.2175 1432.7 1 2
0.0464229 -0.067261 0.996655 0 0.0112703 0.997702 0.0668068 0 -0.998858 0.00813124 0.0470743 0 -3788.04 -73.2175 1432.7 1 2
0.0464229 -0.067261 0.996655 0 0.0112703 0.997702 0.0668068 0 -0.998858 0.00813124 0.0470743 0 -3788.04 -73.2175 1432.7 1 2
0.0464229 -0.067261 0.996655 0 0.0112703 0.997702 0.0668068 0 -0.998858 0.00813124 0.0470743 0 -3788.04 -73.2175 1432.7 1 2
0.0464229 -0.067261 0.996655 0 0.0112703 0.997702 0.0668068 0 -0.998858 0.00813124 0.0470743 0 -3788.04 -73.2175 1432.7 1 2
0.0464229 -0.067261 0.996655 0 0.0112703 0.997702 0.0668068 0 -0.998858 0.00813124 0.0470743 0 -3788.04 -73.2175 1432.7 1 2
0.0464229 -0.067261 0.996655 0 0.0112703 0.997702 0.0668068 0 -0.998858 0.00813124 0.0470743 0 -3788.04 -73.2175 1432.7 1 2
0.0464229 -0.067261 0.996655 0 0.0112703 0.997702 0.0668068 0 -0.998858 0.00813124 0.0470743 0 -3788.04 -73.2175 1432.7 1 2
0.0464229 -0.067261 0.996655 0 0.0112703 0.997702 0.0668068 0 -0.998858 0.00813124 0.0470743 0 -3788.04 -73.2175 1432.7 1 2
0.0464229 -0.067261 0.996655 0 0.0112703 0.997702 0.0668068 0 -0.998858 0.00813124 0.0470743 0 -3788.04 -73.2175 1432.7 1 2
0.0464229 -0.067261 0.996655 0 0.0112703 0.997702 0.0668068 0 -0.998858 0.00813124 0.0470743 0 -3788.04 -73.2175 1432.7 1 2
0.0464229 -0.067261 0.996655 0 0.0112703 0.997702 0.0668068 0 -0.998858 0.00813124 0.0470743 0 -3788.04 -73.2175 1432.7 1 2
0.0464229 -0.067261 0.996655 0 0.0112703 0.997702 0.0668068 0 -0.998858 0.00813124 0.0470743 0 -3788.04 -73.2175 1432.7 1 2
0.0464229 -0.067261 0.996655 0 0.0112703 0.997702 0.0668068 0 -0.998858 0.00813124 0.0470743 0 -3788.04 -73.2175 1432.7 1 2
0.0464229 -0.067261 0.996655 0 0.0112703 0.997702 0.0668068 0 -0.998858 0.00813124 0.0470743 0 -3788.04 -73.2175 1432.7 1 2
0.0464229 -0.067261 0.996655 0 0.0112703 0.997702 0.0668068 0 -0.998858 0.00813124 0.0470743 0 -3788.04 -73.2175 1432.7 1 2
0.0464229 -0.067261 0.996655 0 0.0112703 0.997702 0.0668068 0 -0.998858 0.00813124 0.0470743 0 -3788.04 -73.2175 1432.7 1 2
0.0464229 -0.067261 0.996655 0 0.0112703 0.997702 0.0668068 0 -0.998858 0.00813124 0.0470743 0 -3788.04 -73.2175 1432.7 1 2
0.0464229 -0.067261 0.996655 0 0.0112703 0.997702 0.0668068 0 -0.998858 0.00813124 0.0470743 0 -3788.04 -73.2175 1432.7 1 2
0.0464229 -0.067261 0.996655 0 0.0112703 0.997702 0.0668068 0 -0.998858 0.00813124 0.0470743 0 -3788.04 -73.2175 1432.7 1 2
0.0464229 -0.067261 0.996655 0 0.0112703 0.997702 0.0668068 0 -0.998858 0.00813124 0.0470743 0 -3788.04 -73.2175 1432.7 1 2
0.0432224 -0.0730939 0.996388 0 -0.00396631 0.9973 0.0733328 0 -0.999058 -0.00712161 0.0428158 0 -3784 -124.317 1439.43 1 3
0.0423415 -0.0746799 0.996308 0 -0.0183124 0.996977 0.0755083 0 -0.998935 -0.0214419 0.040846 0 -3780.3 -163.201 1445.89 1 3
0.0431899 -0.0746334 0.996275 0 -0.0294598 0.996677 0.0759406 0 -0.998632 -0.03263 0.0408477 0 -3777.34 -192.172 1451.06 1 3
0.0450842 -0.0731696 0.9963 0 -0.0376258 0.996482 0.0748856 0 -0.998274 -0.0408628 0.0421725 0 -3774.92 -213.03 1456.74 1 3
0.0473914 -0.0708877 0.996358 0 -0.0418407 0.996462 0.0728853 0 -0.998 -0.0451425 0.0442578 0 -3773.73 -224.143 1463.08 1 3
0.0502463 -0.0689738 0.996352 0 -0.0412294 0.996619 0.0710714 0 -0.997885 -0.0446501 0.0472327 0 -3774.2 -222.122 1471.3 1 3
0.0531374 -0.0655348 0.996434 0 -0.0388039 0.996955 0.0676384 0 -0.997833 -0.0422597 0.0504326 0 -3774.86 -214.808 1481.2 1 3
0.0558876 -0.0625848 0.996474 0 -0.034972 0.997298 0.064598 0 -0.997824 -0.0384589 0.0535479 0 -3776.27 -204.409 1491.04 1 3
0.0586385 -0.0594407 0.996508 0 -0.0301101 0.997666 0.0612816 0 -0.997825 -0.0335984 0.0567119 0 -3777.42 -190.333 1501.76 1 3
0.0615611 -0.057089 0.996469 0 -0.0249689 0.997962 0.0587171 0 -0.997791 -0.0284954 0.0600102 0 -3778.38 -175.557 1512.6 1 3
0.0643113 -0.0552771 0.996398 0 -0.0204891 0.998181 0.0566985 0 -0.99772 -0.0240616 0.0630617 0 -3779.64 -162.538 1521.87 1 3
0.0668368 -0.0542934 0.996286 0 -0.0166856 0.998318 0.0555235 0 -0.997624 -0.0203346 0.0658185 0 -3780.97 -152.142 1529.57 1 3
0.0688004 -0.0537672 0.996181 0 -0.0135234 0.998405 0.0548212 0 -0.997539 -0.0172435 0.0679636 0 -3782.39 -143.489 1534.99 1 3
0.0706858 -0.0539307 0.99604 0 -0.0111483 0.998432 0.0548514 0 -0.997436 -0.0149813 0.0699738 0 -3783.43 -137.704 1539.38 1 3
0.0727337 -0.0540223 0.995887 0 -0.00940743 0.99845 0.0548484 0 -0.997307 -0.0133581 0.0721127 0 -3783.87 -133.751 1544.5 1 3
0.0748736 -0.0541532 0.995722 0 -0.00813818 0.998458 0.054914 0 -0.99716 -0.012215 0.0743174 0 -3783.77 -130.721 1550.15 1 3
0.0771425 -0.0541963 0.995546 0 -0.00687781 0.998469 0.0548883 0 -0.996996 -0.0110814 0.0766516 0 -3783.02 -127.608 1556.56 1 3
0.0793367 -0.0537374 0.995398 0 -0.00594735 0.998503 0.054379 0 -0.99683 -0.0102342 0.0788983 0 -3783.23 -124.953 1564.23 1 3
0.0814261 -0.0535118 0.995242 0 -0.00496978 0.998523 0.0540948 0 -0.996667 -0.00935086 0.0810399 0 -3783.11 -122.045 1571.17 1 3
0.0832353 -0.0533043 0.995103 0 -0.0041035 0.998542 0.0538317 0 -0.996521 -0.00856411 0.0828952 0 -3783.12 -119.385 1576.86 1 3
0.0847299 -0.0531657 0.994985 0 -0.00328232 0.998555 0.053636 0 -0.996399 -0.00781043 0.084433 0 -3783.13 -117.039 1581.47 1 3
0.0859112 -0.0531437 0.994884 0 -0.00276647 0.99856 0.0535789 0 -0.996299 -0.00735535 0.0856404 0 -3783.25 -115.695 1584.7 1 3
0.0869241 -0.0532863 0.994789 0 -0.00225957 0.998555 0.0536855 0 -0.996212 -0.00691436 0.0866782 0 -3783.37 -114.695 1587.25 1 3
0.0875534 -0.0534555 0.994725 0 -0.00187745 0.998549 0.0538263 0 -0.996158 -0.00658022 0.087326 0 -3783.81 -113.955 1588.51 1 3
0.08808 -0.053654 0.994667 0 -0.0014723 0.99854 0.0539933 0 -0.996112 -0.00622018 0.0878724 0 -3784.11 -113.154 1589.36 1 3
0.0885284 -0.0538216 0.994618 0 -0.00105484 0.998533 0.0541273 0 -0.996073 -0.00584097 0.0883418 0 -3784.44 -112.096 1589.94 1 3
0.0889208 -0.0539885 0.994574 0 -0.000695119 0.998526 0.0542652 0 -0.996038 -0.00551665 0.0887522 0 -3784.74 -111.264 1590.3 1 3
0.0892788 -0.0540875 0.994537 0 -0.000236521 0.998523 0.0543255 0 -0.996007 -0.00508534 0.0891342 0 -3785 -110.128 1590.67 1 3
0.0897375 -0.0543054 0.994484 0 5.69002e-05 0.998513 0.0545202 0 -0.995965 -0.00483593 0.0896072 0 -3785.02 -109.476 1591.32 1 3
0.0900061 -0.054209 0.994465 0 8.99864e-05 0.998518 0.0544218 0 -0.995941 -0.00480881 0.0898776 0 -3785.14 -108.87 1592.2 1 3
0.0902893 -0.0542035 0.994439 0 7.0864e-05 0.998518 0.0544194 0 -0.995916 -0.00484302 0.0901593 0 -3785.34 -108.62 1592.63 1 3
0.0904979 -0.0543049 0.994415 0 8.92218e-05 0.998513 0.0545206 0 -0.995897 -0.00484528 0.0903682 0 -3785.59 -108.5 1592.62 1 3
0.0906883 -0.054332 0.994396 0 6.62277e-05 0.998511 0.0545508 0 -0.995879 -0.00488127 0.0905569 0 -3785.72 -108.578 1592.52 1 3
0.0907829 -0.0543376 0.994387 0 1.79601e-05 0.99851 0.0545613 0 -0.995871 -0.00493538 0.0906486 0 -3785.89 -108.778 1592.32 1 3
0.0908348 -0.0543612 0.994381 0 -2.6379e-05 0.998509 0.0545892 0 -0.995866 -0.00498483 0.0906979 0 -3786.06 -108.949 1591.94 1 3
0.0906604 -0.0550085 0.994361 0 -0.000466561 0.998471 0.0552784 0 -0.995882 -0.00547549 0.0904961 0 -3786.88 -110.848 1590.2 1 3
0.0904516 -0.0555035 0.994353 0 -0.000697986 0.998442 0.0557952 0 -0.995901 -0.00574081 0.090272 0 -3787.6 -111.872 1588.65 1 3
0.090429 -0.0558502 0.994336 0 -0.00089441 0.998421 0.0561611 0 -0.995903 -0.00596793 0.0902363 0 -3788.05 -112.642 1587.84 1 3
0.0904921 -0.0560517 0.994319 0 -0.000963082 0.998409 0.05637 0 -0.995897 -0.00605865 0.0902941 0 -3788.33 -113.058 1587.48 1 3
0.0906462 -0.0561892 0.994297 0 -0.000983096 0.998402 0.0565108 0 -0.995883 -0.00609998 0.0904461 0 -3788.48 -113.201 1587.48 1 3
0.0908428 -0.0564022 0.994267 0 -0.00101872 0.998389 0.0567292 0 -0.995865 -0.00616631 0.090639 0 -3788.47 -113.507 1587.57 1 3
0.0910338 -0.0564865 0.994245 0 -0.00107321 0.998384 0.0568199 0 -0.995847 -0.00623956 0.090826 0 -3788.44 -113.697 1587.65 1 3
0.0912698 -0.0565394 0.99422 0 -0.00111633 0.99838 0.0568785 0 -0.995826 -0.00630116 0.0910588 0 -3788.32 -113.893 1587.96 1 3
0.0914194 -0.0565921 0.994203 0 -0.00119857 0.998377 0.0569398 0 -0.995812 -0.00639703 0.0912032 0 -3788.32 -114.081 1588.1 1 3
0.0915146 -0.0566471 0.994191 0 -0.00128244 0.998373 0.0570034 0 -0.995803 -0.00649163 0.0912931 0 -3788.37 -114.296 1588.12 1 3
