-0.928064 0 -0.372421 0 0 1 0 0 0.372421 0 -0.928064 0 -4811.37 0 -2466.78 1 0
-0.928064 0 -0.372421 0 0 1 0 0 0.372421 0 -0.928064 0 -4811.37 0 -2466.78 1 0
-0.928064 0 -0.372421 0 0 1 0 0 0.372421 0 -0.928064 0 -4811.37 0 -2466.78 1 0
-0.928064 0 -0.372421 0 0 1 0 0 0.372421 0 -0.928064 0 -4811.37 0 -2466.78 1 0
-0.928064 0 -0.372421 0 0 1 0 0 0.372421 0 -0.928064 0 -4811.37 0 -2466.78 1 0
-0.928064 0 -0.372421 0 0 1 0 0 0.372421 0 -0.928064 0 -4811.37 0 -2466.78 1 0
-0.928064 0 -0.372421 0 0 1 0 0 0.372421 0 -0.928064 0 -4811.37 0 -2466.78 1 0
-0.928064 0 -0.372421 0 0 1 0 0 0.372421 0 -0.928064 0 -4811.37 0 -2466.78 1 0
-0.928064 0 -0.372421 0 0 1 0 0 0.372421 0 -0.928064 0 -4811.37 0 -2466.78 1 0
-0.928064 0 -0.372421 0 0 1 0 0 0.372421 0 -0.928064 0 -4811.37 0 -2466.78 1 0
-0.928064 0 -0.372421 0 0 1 0 0 0.372421 0 -0.928064 0 -4811.37 0 -2466.78 1 0
-0.928064 0 -0.372421 0 0 1 0 0 0.372421 0 -0.928064 0 -4811.37 0 -2466.78 1 0
-0.928064 0 -0.372421 0 0 1 0 0 0.372421 0 -0.928064 0 -4811.37 0 -2466.78 1 0
-0.928064 0 -0.372421 0 0 1 0 0 0.372421 0 -0.928064 0 -4811.37 0 -2466.78 1 0
-0.928064 0 -0.372421 0 0 1 0 0 0.372421 0 -0.928064 0 -4811.37 0 -2466.78 1 0
-0.928064 0 -0.372421 0 0 1 0 0 0.372421 0 -0.928064 0 -4811.37 0 -2466.78 1 0
-0.928064 0 -0.372421 0 0 1 0 0 0.372421 0 -0.928064 0 -4811.37 0 -2466.78 1 0
-0.928064 0 -0.372421 0 0 1 0 0 0.372421 0 -0.928064 0 -4811.37 0 -2466.78 1 0
-0.928064 0 -0.372421 0 0 1 0 0 0.372421 0 -0.928064 0 -4811.37 0 -2466.78 1 0
-0.928064 0 -0.372421 0 0 1 0 0 0.372421 0 -0.928064 0 -4811.37 0 -2466.78 1 0
-0.928064 0 -0.372421 0 0 1 0 0 0.372421 0 -0.928064 0 -4811.37 0 -2466.78 1 0
-0.928064 0 -0.372421 0 0 1 0 0 0.372421 0 -0.928064 0 -4811.37 0 -2466.78 1 0
-0.928064 0 -0.372421 0 0 1 0 0 0.372421 0 -0.928064 0 -4811.37 0 -2466.78 1 0
-0.928064 0 -0.372421 0 0 1 0 0 0.372421 0 -0.928064 0 -4811.37 0 -2466.78 1 0
-0.928064 0 -0.372421 0 0 1 0 0 0.372421 0 -0.928064 0 -4811.37 0 -2466.78 1 0
-0.928064 0 -0.372421 0 0 1 0 0 0.372421 0 -0.928064 0 -4811.37 0 -2466.78 1 0
-0.928064 0 -0.372421 0 0 1 0 0 0.372421 0 -0.928064 0 -4811.37 0 -2466.78 1 0
-0.928064 0 -0.372421 0 0 1 0 0 0.372421 0 -0.928064 0 -4811.37 0 -2466.78 1 0
-0.928064 0 -0.372421 0 0 1 0 0 0.372421 0 -0.928064 0 -4811.37 0 -2466.78 1 0
-0.928064 0 -0.372421 0 0 1 0 0 0.372421 0 -0.928064 0 -4811.37 0 -2466.78 1 0
-0.928064 0 -0.372421 0 0 1 0 0 0.372421 0 -0.928064 0 -4811.37 0 -2466.78 1 0
-0.928064 0 -0.372421 0 0 1 0 0 0.372421 0 -0.928064 0 -4811.37 0 -2466.78 1 0
-0.928064 0 -0.372421 0 0 1 0 0 0.372421 0 -0.928064 0 -4811.37 0 -2466.78 1 0
-0.928064 0 -0.372421 0 0 1 0 0 0.372421 0 -0.928064 0 -4811.37 0 -2466.78 1 0
-0.928064 0 -0.372421 0 0 1 0 0 0.372421 0 -0.928064 0 -4811.37 0 -2466.78 1 0
-0.928064 0 -0.372421 0 0 1 0 0 0.372421 0 -0.928064 0 -4811.37 0 -2466.78 1 0
-0.928064 0 -0.372421 0 0 1 0 0 0.372421 0 -0.928064 0 -4811.37 0 -2466.78 1 0
-0.928064 0 -0.372421 0 0 1 0 0 0.372421 0 -0.928064 0 -4811.37 0 -2466.78 1 0
-0.928064 0 -0.372421 0 0 1 0 0 0.372421 0 -0.928064 0 -4811.37 0 -2466.78 1 0
-0.928064 0 -0.372421 0 0 1 0 0 0.372421 0 -0.928064 0 -4811.37 0 -2466.78 1 0
-0.928064 0 -0.372421 0 0 1 0 0 0.372421 0 -0.928064 0 -4811.37 0 -2466.78 1 0
-0.928064 0 -0.372421 0 0 1 0 0 0.372421 0 -0.928064 0 -4811.37 0 -2466.78 1 0
-0.928064 0 -0.372421 0 0 1 0 0 0.372421 0 -0.928064 0 -4811.37 0 -2466.78 1 0
-0.928064 0 -0.372421 0 0 1 0 0 0.372421 0 -0.928064 0 -4811.37 0 -2466.78 1 0
-0.928064 0 -0.372421 0 0 1 0 0 0.372421 0 -0.928064 0 -4811.37 0 -2466.78 1 0
-0.928064 0 -0.372421 0 0 1 0 0 0.372421 0 -0.928064 0 -4811.37 0 -2466.78 1 0
-0.928064 0 -0.372421 0 0 1 0 0 0.372421 0 -0.928064 0 -4811.37 0 -2466.78 1 0
-0.928064 0 -0.372421 0 0 1 0 0 0.372421 0 -0.928064 0 -4811.37 0 -2466.78 1 0
-0.928064 0 -0.372421 0 0 1 0 0 0.372421 0 -0.928064 0 -4811.37 0 -2466.78 1 0
-0.928064 0 -0.372421 0 0 1 0 0 0.372421 0 -0.928064 0 -4811.37 0 -2466.78 1 0
-0.928064 0 -0.372421 0 0 1 0 0 0.372421 0 -0.928064 0 -4811.37 0 -2466.78 1 0
-0.928064 0 -0.372421 0 0 1 0 0 0.372421 0 -0.928064 0 -4811.37 0 -2466.78 1 0
-0.928064 0 -0.372421 0 0 1 0 0 0.372421 0 -0.928064 0 -4811.37 0 -2466.78 1 0
-0.928064 0 -0.372421 0 0 1 0 0 0.372421 0 -0.928064 0 -4811.37 0 -2466.78 1 0
-0.928064 0 -0.372421 0 0 1 0 0 0.372421 0 -0.928064 0 -4811.37 0 -2466.78 1 0
-0.928064 0 -0.372421 0 0 1 0 0 0.372421 0 -0.928064 0 -4811.37 0 -2466.78 1 0
-0.928064 0 -0.372421 0 0 1 0 0 0.372421 0 -0.928064 0 -4811.37 0 -2466.78 1 0
-0.928064 0 -0.372421 0 0 1 0 0 0.372421 0 -0.928064 0 -4811.37 0 -2466.78 1 0
-0.928064 0 -0.372421 0 0 1 0 0 0.372421 0 -0.928064 0 -4811.37 0 -2466.78 1 0
-0.928064 0 -0.372421 0 0 1 0 0 0.372421 0 -0.928064 0 -4811.37 0 -2466.78 1 0
-0.928064 0 -0.372421 0 0 1 0 0 0.372421 0 -0.928064 0 -4811.37 0 -2466.78 1 0
-0.928064 0 -0.372421 0 0 1 0 0 0.372421 0 -0.928064 0 -4811.37 0 -2466.78 1 0
-0.928064 0 -0.372421 0 0 1 0 0 0.372421 0 -0.928064 0 -4811.37 0 -2466.78 1 0
-0.928064 0 -0.372421 0 0 1 0 0 0.372421 0 -0.928064 0 -4811.37 0 -2466.78 1 0
-0.928064 0 -0.372421 0 0 1 0 0 0.372421 0 -0.928064 0 -4811.37 0 -2466.78 1 0
-0.928064 0 -0.372421 0 0 1 0 0 0.372421 0 -0.928064 0 -4811.37 0 -2466.78 1 0
-0.928064 0 -0.372421 0 0 1 0 0 0.372421 0 -0.928064 0 -4811.37 0 -2466.78 1 0
-0.928064 0 -0.372421 0 0 1 0 0 0.372421 0 -0.928064 0 -4811.37 0 -2466.78 1 0
-0.928064 0 -0.372421 0 0 1 0 0 0.372421 0 -0.928064 0 -4811.37 0 -2466.78 1 0
-0.928064 0 -0.372421 0 0 1 0 0 0.372421 0 -0.928064 0 -4811.37 0 -2466.78 1 0
-0.928064 0 -0.372421 0 0 1 0 0 0.372421 0 -0.928064 0 -4811.37 0 -2466.78 1 0
-0.928064 0 -0.372421 0 0 1 0 0 0.372421 0 -0.928064 0 -4811.37 0 -2466.78 1 0
-0.928064 0 -0.372421 0 0 1 0 0 0.372421 0 -0.928064 0 -4811.37 0 -2466.78 1 0
-0.928064 0 -0.372421 0 0 1 0 0 0.372421 0 -0.928064 0 -4811.37 0 -2466.78 1 0
-0.956105 0.00448776 -0.29299 0 -0.0248026 0.995055 0.0961789 0 0.291973 0.0992241 -0.951266 0 -5469.31 96.6581 -417.002 1 1
-0.95517 0.0126393 -0.295787 0 -0.0167522 0.99518 0.0966221 0 0.295583 0.0972456 -0.950355 0 -5540.79 98.4757 -441.369 1 1
-0.95517 0.0126393 -0.295787 0 -0.0167522 0.99518 0.0966221 0 0.295583 0.0972456 -0.950355 0 -5540.79 98.4757 -441.369 1 2
-0.95517 0.0126393 -0.295787 0 -0.0167522 0.99518 0.0966221 0 0.295583 0.0972456 -0.950355 0 -5540.79 98.4757 -441.369 1 2
-0.95517 0.0126393 -0.295787 0 -0.0167522 0.99518 0.0966221 0 0.295583 0.0972456 -0.950355 0 -5540.79 98.4757 -441.369 1 2
-0.95517 0.0126393 -0.295787 0 -0.0167522 0.99518 0.0966221 0 0.295583 0.0972456 -0.950355 0 -5540.79 98.4757 -441.369 1 2
-0.95517 0.0126393 -0.295787 0 -0.0167522 0.99518 0.0966221 0 0.295583 0.0972456 -0.950355 0 -5540.79 98.4757 -441.369 1 2
-0.95517 0.0126393 -0.295787 0 -0.0167522 0.99518 0.0966221 0 0.295583 0.0972456 -0.950355 0 -5540.79 98.4757 -441.369 1 2
-0.95517 0.0126393 -0.295787 0 -0.0167522 0.99518 0.0966221 0 0.295583 0.0972456 -0.950355 0 -5540.79 98.4757 -441.369 1 2
-0.95517 0.0126393 -0.295787 0 -0.0167522 0.99518 0.0966221 0 0.295583 0.0972456 -0.950355 0 -5540.79 98.4757 -441.369 1 2
-0.95517 0.0126393 -0.295787 0 -0.0167522 0.99518 0.0966221 0 0.295583 0.0972456 -0.950355 0 -5540.79 98.4757 -441.369 1 2
-0.95517 0.0126393 -0.295787 0 -0.0167522 0.99518 0.0966221 0 0.295583 0.0972456 -0.950355 0 -5540.79 98.4757 -441.369 1 2
-0.95517 0.0126393 -0.295787 0 -0.0167522 0.99518 0.0966221 0 0.295583 0.0972456 -0.950355 0 -5540.79 98.4757 -441.369 1 2
-0.95517 0.0126393 -0.295787 0 -0.0167522 0.99518 0.0966221 0 0.295583 0.0972456 -0.950355 0 -5540.79 98.4757 -441.369 1 2
-0.95517 0.0126393 -0.295787 0 -0.0167522 0.99518 0.0966221 0 0.295583 0.0972456 -0.950355 0 -5540.79 98.4757 -441.369 1 2
-0.95517 0.0126393 -0.295787 0 -0.0167522 0.99518 0.0966221 0 0.295583 0.0972456 -0.950355 0 -5540.79 98.4757 -441.369 1 2
-0.95517 0.0126393 -0.295787 0 -0.0167522 0.99518 0.0966221 0 0.295583 0.0972456 -0.950355 0 -5540.79 98.4757 -441.369 1 2
-0.95517 0.0126393 -0.295787 0 -0.0167522 0.99518 0.0966221 0 0.295583 0.0972456 -0.950355 0 -5540.79 98.4757 -441.369 1 2
-0.95517 0.0126393 -0.295787 0 -0.0167522 0.99518 0.0966221 0 0.295583 0.0972456 -0.950355 0 -5540.79 98.4757 -441.369 1 2
-0.95517 0.0126393 -0.295787 0 -0.0167522 0.99518 0.0966221 0 0.295583 0.0972456 -0.950355 0 -5540.79 98.4757 -441.369 1 2
-0.95517 0.0126393 -0.295787 0 -0.0167522 0.99518 0.0966221 0 0.295583 0.0972456 -0.950355 0 -5540.79 98.4757 -441.369 1 2
-0.95517 0.0126393 -0.295787 0 -0.0167522 0.99518 0.0966221 0 0.295583 0.0972456 -0.950355 0 -5540.79 98.4757 -441.369 1 2
-0.95517 0.0126393 -0.295787 0 -0.0167522 0.99518 0.0966221 0 0.295583 0.0972456 -0.950355 0 -5540.79 98.4757 -441.369 1 2
-0.95517 0.0126393 -0.295787 0 -0.0167522 0.99518 0.0966221 0 0.295583 0.0972456 -0.950355 0 -5540.79 98.4757 -441.369 1 2
-0.95517 0.0126393 -0.295787 0 -0.0167522 0.99518 0.0966221 0 0.295583 0.0972456 -0.950355 0 -5540.79 98.4757 -441.369 1 2
-0.95517 0.0126393 -0.295787 0 -0.0167522 0.99518 0.0966221 0 0.295583 0.0972456 -0.950355 0 -5540.79 98.4757 -441.369 1 2
-0.95517 0.0126393 -0.295787 0 -0.0167522 0.99518 0.0966221 0 0.295583 0.0972456 -0.950355 0 -5540.79 98.4757 -441.369 1 2
-0.95517 0.0126393 -0.295787 0 -0.0167522 0.99518 0.0966221 0 0.295583 0.0972456 -0.950355 0 -5540.79 98.4757 -441.369 1 2
-0.95517 0.0126393 -0.295787 0 -0.0167522 0.99518 0.0966221 0 0.295583 0.0972456 -0.950355 0 -5540.79 98.4757 -441.369 1 2
-0.95517 0.0126393 -0.295787 0 -0.0167522 0.99518 0.0966221 0 0.295583 0.0972456 -0.950355 0 -5540.79 98.4757 -441.369 1 2
-0.95517 0.0126393 -0.295787 0 -0.0167522 0.99518 0.0966221 0 0.295583 0.0972456 -0.950355 0 -5540.79 98.4757 -441.369 1 2
-0.95517 0.0126393 -0.295787 0 -0.0167522 0.99518 0.0966221 0 0.295583 0.0972456 -0.950355 0 -5540.79 98.4757 -441.369 1 2
-0.95517 0.0126393 -0.295787 0 -0.0167522 0.99518 0.0966221 0 0.295583 0.0972456 -0.950355 0 -5540.79 98.4757 -441.369 1 2
-0.95517 0.0126393 -0.295787 0 -0.0167522 0.99518 0.0966221 0 0.295583 0.0972456 -0.950355 0 -5540.79 98.4757 -441.369 1 2
-0.95517 0.0126393 -0.295787 0 -0.0167522 0.99518 0.0966221 0 0.295583 0.0972456 -0.950355 0 -5540.79 98.4757 -441.369 1 2
-0.95517 0.0126393 -0.295787 0 -0.0167522 0.99518 0.0966221 0 0.295583 0.0972456 -0.950355 0 -5540.79 98.4757 -441.369 1 2
-0.95517 0.0126393 -0.295787 0 -0.0167522 0.99518 0.0966221 0 0.295583 0.0972456 -0.950355 0 -5540.79 98.4757 -441.369 1 2
-0.95517 0.0126393 -0.295787 0 -0.0167522 0.99518 0.0966221 0 0.295583 0.0972456 -0.950355 0 -5540.79 98.4757 -441.369 1 2
-0.95517 0.0126393 -0.295787 0 -0.0167522 0.99518 0.0966221 0 0.295583 0.0972456 -0.950355 0 -5540.79 98.4757 -441.369 1 2
-0.95517 0.0126393 -0.295787 0 -0.0167522 0.99518 0.0966221 0 0.295583 0.0972456 -0.950355 0 -5540.79 98.4757 -441.369 1 2
-0.95517 0.0126393 -0.295787 0 -0.0167522 0.99518 0.0966221 0 0.295583 0.0972456 -0.950355 0 -5540.79 98.4757 -441.369 1 2
-0.95517 0.0126393 -0.295787 0 -0.0167522 0.99518 0.0966221 0 0.295583 0.0972456 -0.950355 0 -5540.79 98.4757 -441.369 1 2
-0.95517 0.0126393 -0.295787 0 -0.0167522 0.99518 0.0966221 0 0.295583 0.0972456 -0.950355 0 -5540.79 98.4757 -441.369 1 2
-0.95517 0.0126393 -0.295787 0 -0.0167522 0.99518 0.0966221 0 0.295583 0.0972456 -0.950355 0 -5540.79 98.4757 -441.369 1 2
-0.95517 0.0126393 -0.295787 0 -0.0167522 0.99518 0.0966221 0 0.295583 0.0972456 -0.950355 0 -5540.79 98.4757 -441.369 1 2
-0.95517 0.0126393 -0.295787 0 -0.0167522 0.99518 0.0966221 0 0.295583 0.0972456 -0.950355 0 -5540.79 98.4757 -441.369 1 2
-0.95517 0.0126393 -0.295787 0 -0.0167522 0.99518 0.0966221 0 0.295583 0.0972456 -0.950355 0 -5540.79 98.4757 -441.369 1 2
-0.95517 0.0126393 -0.295787 0 -0.0167522 0.99518 0.0966221 0 0.295583 0.0972456 -0.950355 0 -5540.79 98.4757 -441.369 1 2
-0.95517 0.0126393 -0.295787 0 -0.0167522 0.99518 0.0966221 0 0.295583 0.0972456 -0.950355 0 -5540.79 98.4757 -441.369 1 2
-0.95517 0.0126393 -0.295787 0 -0.0167522 0.99518 0.0966221 0 0.295583 0.0972456 -0.950355 0 -5540.79 98.4757 -441.369 1 2
-0.95517 0.0126393 -0.295787 0 -0.0167522 0.99518 0.0966221 0 0.295583 0.0972456 -0.950355 0 -5540.79 98.4757 -441.369 1 2
-0.95517 0.0126393 -0.295787 0 -0.0167522 0.99518 0.0966221 0 0.295583 0.0972456 -0.950355 0 -5540.79 98.4757 -441.369 1 2
-0.95517 0.0126393 -0.295787 0 -0.0167522 0.99518 0.0966221 0 0.295583 0.0972456 -0.950355 0 -5540.79 98.4757 -441.369 1 2
-0.95517 0.0126393 -0.295787 0 -0.0167522 0.99518 0.0966221 0 0.295583 0.0972456 -0.950355 0 -5540.79 98.4757 -441.369 1 2
-0.955787 -0.00298213 -0.294045 0 -0.0355484 0.993787 0.105471 0 0.291903 0.11126 -0.949955 0 -5542.58 26.5294 -432.391 1 3
-0.956152 -0.0155477 -0.292459 0 -0.0494233 0.992834 0.108801 0 0.288672 0.118485 -0.950068 0 -5544.74 -35.595 -424.033 1 3
-0.956472 -0.0248217 -0.290766 0 -0.0589929 0.992251 0.109351 0 0.285799 0.121744 -0.950525 0 -5547.6 -85.7516 -416.933 1 3
-0.956934 -0.0317794 -0.288561 0 -0.0654166 0.992031 0.107683 0 0.282839 0.121923 -0.951387 0 -5551.42 -126.239 -408.804 1 3
-0.95761 -0.0353314 -0.285895 0 -0.0677249 0.992245 0.104222 0 0.279995 0.119166 -0.952577 0 -5556.82 -152.365 -399.078 1 3
-0.958679 -0.0346087 -0.282377 0 -0.0654469 0.99278 0.100517 0 0.27686 0.114844 -0.954023 0 -5565.02 -157.009 -385.535 1 3
-0.959853 -0.0327758 -0.278583 0 -0.0613486 0.993635 0.0944723 0 0.273713 0.10777 -0.955754 0 -5573.46 -156.537 -369.505 1 3
-0.960967 -0.0297253 -0.275063 0 -0.0561916 0.994459 0.0888438 0 0.270898 0.100832 -0.957312 0 -5582.11 -148.989 -353.4 1 3
-0.962097 -0.0262171 -0.271445 0 -0.0506324 0.995234 0.0833363 0 0.267966 0.0939215 -0.958839 0 -5590.39 -135.503 -336.13 1 3
-0.963224 -0.0222516 -0.267776 0 -0.0450074 0.995847 0.0791447 0 0.264903 0.088286 -0.960225 0 -5598.43 -118.717 -318.479 1 3
-0.964202 -0.0187939 -0.264502 0 -0.0401968 0.996317 0.0757395 0 0.262104 0.0836604 -0.961406 0 -5605.91 -103.275 -302.854 1 3
-0.96506 -0.0158117 -0.261553 0 -0.0362779 0.996627 0.0736061 0 0.259507 0.0805229 -0.962378 0 -5612.63 -89.744 -289.437 1 3
-0.965746 -0.0132894 -0.25915 0 -0.0330513 0.996853 0.072049 0 0.257377 0.0781462 -0.963146 0 -5618.45 -77.783 -279.392 1 3
-0.96638 -0.0112355 -0.256873 0 -0.0305831 0.996975 0.0714494 0 0.255293 0.0769032 -0.963801 0 -5623.64 -68.5567 -270.639 1 3
-0.967013 -0.0097612 -0.25454 0 -0.0287436 0.997065 0.0709627 0 0.2531 0.0759382 -0.964455 0 -5628.33 -62.1909 -260.989 1 3
-0.967643 -0.00862482 -0.252176 0 -0.0273373 0.997116 0.0707948 0 0.250839 0.0753979 -0.965088 0 -5632.41 -57.0391 -250.792 1 3
-0.968298 -0.00751328 -0.249684 0 -0.0259469 0.997166 0.0706186 0 0.248446 0.0748584 -0.965749 0 -5636.15 -52.0536 -239.541 1 3
-0.968851 -0.00681614 -0.247551 0 -0.024958 0.997219 0.0702214 0 0.246384 0.0742124 -0.966327 0 -5639.9 -48.5979 -227.733 1 3
-0.969369 -0.0060678 -0.245535 0 -0.0239508 0.997266 0.0699123 0 0.244439 0.0736516 -0.966863 0 -5643.2 -44.6085 -216.76 1 3
-0.969802 -0.00534543 -0.243836 0 -0.0229954 0.99731 0.0695956 0 0.242808 0.0731011 -0.967316 0 -5646.24 -41.086 -207.536 1 3
-0.970165 -0.00463864 -0.2424 0 -0.0220783 0.997353 0.0692789 0 0.241437 0.0725637 -0.9677 0 -5648.86 -37.9266 -199.911 1 3
-0.970454 -0.00419929 -0.24125 0 -0.0215098 0.997373 0.0691649 0 0.240326 0.0723106 -0.967995 0 -5651.1 -35.8877 -194.252 1 3
-0.970709 -0.00372967 -0.240231 0 -0.0209701 0.997379 0.0692499 0 0.239343 0.0722592 -0.968243 0 -5653.1 -33.9119 -189.556 1 3
-0.97087 -0.00333691 -0.239585 0 -0.0205408 0.997381 0.0693461 0 0.238726 0.0722473 -0.968396 0 -5654.79 -32.3873 -186.863 1 3
-0.971023 -0.0029695 -0.238968 0 -0.0201511 0.997379 0.0694882 0 0.238136 0.0722901 -0.968538 0 -5656.23 -30.7028 -184.773 1 3
-0.971159 -0.00255272 -0.23842 0 -0.0197184 0.997377 0.0696406 0 0.237617 0.0723334 -0.968662 0 -5657.55 -28.7093 -183.143 1 3
-0.971286 -0.00215419 -0.237906 0 -0.0193098 0.997374 0.0698041 0 0.23713 0.0723936 -0.968777 0 -5658.83 -26.9392 -181.84 1 3
-0.971407 -0.0017169 -0.237414 0 -0.0188539 0.997374 0.0699302 0 0.236671 0.0724068 -0.968888 0 -5659.96 -24.7759 -180.668 1 3
-0.971544 -0.00139118 -0.236856 0 -0.0185262 0.997366 0.0701335 0 0.236134 0.0725258 -0.96901 0 -5660.97 -23.2492 -179.018 1 3
-0.971652 -0.00137461 -0.23641 0 -0.0184575 0.997372 0.0700616 0 0.235693 0.0724391 -0.969124 0 -5661.84 -22.7809 -177.566 1 3
-0.971738 -0.00135234 -0.236058 0 -0.0184035 0.997374 0.0700446 0 0.235343 0.0724093 -0.969211 0 -5662.7 -22.6272 -176.582 1 3
-0.971812 -0.00129682 -0.235752 0 -0.018343 0.997369 0.070127 0 0.235041 0.0724747 -0.96928 0 -5663.49 -22.3342 -176.124 1 3
-0.97189 -0.00129794 -0.235431 0 -0.0183262 0.997368 0.0701545 0 0.23472 0.0724971 -0.969356 0 -5664.19 -22.4305 -175.801 1 3
-0.971955 -0.00133546 -0.235162 0 -0.0183427 0.997368 0.0701489 0 0.23445 0.0724951 -0.969421 0 -5664.83 -22.7348 -175.759 1 3
-0.972007 -0.00136808 -0.234946 0 -0.0183642 0.997366 0.0701679 0 0.234231 0.0725183 -0.969472 0 -5665.41 -22.9551 -175.995 1 3
-0.972081 -0.00157825 -0.23464 0 -0.0187608 0.997299 0.0710156 0 0.233894 0.0734349 -0.969485 0 -5666.98 -24.2723 -177.951 1 3
-0.972116 -0.00160882 -0.234496 0 -0.0189454 0.997247 0.0716972 0 0.233735 0.0741406 -0.969469 0 -5668.11 -24.5347 -179.827 1 3
-0.972164 -0.00170266 -0.234293 0 -0.019143 0.997208 0.0721841 0 0.233516 0.0746599 -0.969482 0 -5669.06 -24.8074 -180.695 1 3
-0.972228 -0.00174356 -0.23403 0 -0.0192327 0.997185 0.0724688 0 0.233245 0.0749572 -0.969525 0 -5669.88 -24.8143 -180.917 1 3
-0.972298 -0.00169188 -0.233738 0 -0.0192122 0.997169 0.0727008 0 0.232953 0.0751775 -0.969578 0 -5670.61 -24.5862 -180.621 1 3
-0.972371 -0.00163903 -0.233436 0 -0.0191905 0.997152 0.0729359 0 0.232652 0.0754005 -0.969633 0 -5671.2 -24.5229 -180.1 1 3
-0.972442 -0.00167688 -0.233137 0 -0.0192335 0.997143 0.0730531 0 0.232349 0.075524 -0.969696 0 -5671.75 -24.6422 -179.632 1 3
-0.972521 -0.00168688 -0.232808 0 -0.0192345 0.997137 0.0731244 0 0.232018 0.075593 -0.96977 0 -5672.23 -24.8229 -178.863 1 3
-0.972572 -0.0017176 -0.232595 0 -0.0192661 0.997131 0.0731961 0 0.231802 0.0756697 -0.969815 0 -5672.66 -25.04 -178.412 1 3
-0.972608 -0.00176643 -0.232444 0 -0.0193187 0.997126 0.0732572 0 0.231647 0.075741 -0.969847 0 -5673.02 -25.3063 -178.156 1 3
