-0.282392 0 0.959299 0 0 1 0 0 -0.959299 0 -0.282392 0 -4893.78 0 -426.325 1 0
-0.282392 0 0.959299 0 0 1 0 0 -0.959299 0 -0.282392 0 -4893.78 0 -426.325 1 0
-0.282392 0 0.959299 0 0 1 0 0 -0.959299 0 -0.282392 0 -4893.78 0 -426.325 1 0
-0.282392 0 0.959299 0 0 1 0 0 -0.959299 0 -0.282392 0 -4893.78 0 -426.325 1 0
-0.282392 0 0.959299 0 0 1 0 0 -0.959299 0 -0.282392 0 -4893.78 0 -426.325 1 0
-0.282392 0 0.959299 0 0 1 0 0 -0.959299 0 -0.282392 0 -4893.78 0 -426.325 1 0
-0.282392 0 0.959299 0 0 1 0 0 -0.959299 0 -0.282392 0 -4893.78 0 -426.325 1 0
-0.282392 0 0.959299 0 0 1 0 0 -0.959299 0 -0.282392 0 -4893.78 0 -426.325 1 0
-0.282392 0 0.959299 0 0 1 0 0 -0.959299 0 -0.282392 0 -4893.78 0 -426.325 1 0
-0.282392 0 0.959299 0 0 1 0 0 -0.959299 0 -0.282392 0 -4893.78 0 -426.325 1 0
-0.282392 0 0.959299 0 0 1 0 0 -0.959299 0 -0.282392 0 -4893.78 0 -426.325 1 0
-0.282392 0 0.959299 0 0 1 0 0 -0.959299 0 -0.282392 0 -4893.78 0 -426.325 1 0
-0.282392 0 0.959299 0 0 1 0 0 -0.959299 0 -0.282392 0 -4893.78 0 -426.325 1 0
-0.282392 0 0.959299 0 0 1 0 0 -0.959299 0 -0.282392 0 -4893.78 0 -426.325 1 0
-0.282392 0 0.959299 0 0 1 0 0 -0.959299 0 -0.282392 0 -4893.78 0 -426.325 1 0
-0.282392 0 0.959299 0 0 1 0 0 -0.959299 0 -0.282392 0 -4893.78 0 -426.325 1 0
-0.282392 0 0.959299 0 0 1 0 0 -0.959299 0 -0.282392 0 -4893.78 0 -426.325 1 0
-0.282392 0 0.959299 0 0 1 0 0 -0.959299 0 -0.282392 0 -4893.78 0 -426.325 1 0
-0.282392 0 0.959299 0 0 1 0 0 -0.959299 0 -0.282392 0 -4893.78 0 -426.325 1 0
-0.282392 0 0.959299 0 0 1 0 0 -0.959299 0 -0.282392 0 -4893.78 0 -426.325 1 0
-0.282392 0 0.959299 0 0 1 0 0 -0.959299 0 -0.282392 0 -4893.78 0 -426.325 1 0
-0.282392 0 0.959299 0 0 1 0 0 -0.959299 0 -0.282392 0 -4893.78 0 -426.325 1 0
-0.282392 0 0.959299 0 0 1 0 0 -0.959299 0 -0.282392 0 -4893.78 0 -426.325 1 0
-0.282392 0 0.959299 0 0 1 0 0 -0.959299 0 -0.282392 0 -4893.78 0 -426.325 1 0
-0.282392 0 0.959299 0 0 1 0 0 -0.959299 0 -0.282392 0 -4893.78 0 -426.325 1 0
-0.282392 0 0.959299 0 0 1 0 0 -0.959299 0 -0.282392 0 -4893.78 0 -426.325 1 0
-0.282392 0 0.959299 0 0 1 0 0 -0.959299 0 -0.282392 0 -4893.78 0 -426.325 1 0
-0.282392 0 0.959299 0 0 1 0 0 -0.959299 0 -0.282392 0 -4893.78 0 -426.325 1 0
-0.282392 0 0.959299 0 0 1 0 0 -0.959299 0 -0.282392 0 -4893.78 0 -426.325 1 0
-0.282392 0 0.959299 0 0 1 0 0 -0.959299 0 -0.282392 0 -4893.78 0 -426.325 1 0
-0.282392 0 0.959299 0 0 1 0 0 -0.959299 0 -0.282392 0 -4893.78 0 -426.325 1 0
-0.282392 0 0.959299 0 0 1 0 0 -0.959299 0 -0.282392 0 -4893.78 0 -426.325 1 0
-0.282392 0 0.959299 0 0 1 0 0 -0.959299 0 -0.282392 0 -4893.78 0 -426.325 1 0
-0.282392 0 0.959299 0 0 1 0 0 -0.959299 0 -0.282392 0 -4893.78 0 -426.325 1 0
-0.282392 0 0.959299 0 0 1 0 0 -0.959299 0 -0.282392 0 -4893.78 0 -426.325 1 0
-0.282392 0 0.959299 0 0 1 0 0 -0.959299 0 -0.282392 0 -4893.78 0 -426.325 1 0
-0.282392 0 0.959299 0 0 1 0 0 -0.959299 0 -0.282392 0 -4893.78 0 -426.325 1 0
-0.282392 0 0.959299 0 0 1 0 0 -0.959299 0 -0.282392 0 -4893.78 0 -426.325 1 0
-0.282392 0 0.959299 0 0 1 0 0 -0.959299 0 -0.282392 0 -4893.78 0 -426.325 1 0
-0.282392 0 0.959299 0 0 1 0 0 -0.959299 0 -0.282392 0 -4893.78 0 -426.325 1 0
-0.282392 0 0.959299 0 0 1 0 0 -0.959299 0 -0.282392 0 -4893.78 0 -426.325 1 0
-0.282392 0 0.959299 0 0 1 0 0 -0.959299 0 -0.282392 0 -4893.78 0 -426.325 1 0
-0.282392 0 0.959299 0 0 1 0 0 -0.959299 0 -0.282392 0 -4893.78 0 -426.325 1 0
-0.282392 0 0.959299 0 0 1 0 0 -0.959299 0 -0.282392 0 -4893.78 0 -426.325 1 0
-0.282392 0 0.959299 0 0 1 0 0 -0.959299 0 -0.282392 0 -4893.78 0 -426.325 1 0
-0.282392 0 0.959299 0 0 1 0 0 -0.959299 0 -0.282392 0 -4893.78 0 -426.325 1 0
-0.282392 0 0.959299 0 0 1 0 0 -0.959299 0 -0.282392 0 -4893.78 0 -426.325 1 0
-0.282392 0 0.959299 0 0 1 0 0 -0.959299 0 -0.282392 0 -4893.78 0 -426.325 1 0
-0.282392 0 0.959299 0 0 1 0 0 -0.959299 0 -0.282392 0 -4893.78 0 -426.325 1 0
-0.282392 0 0.959299 0 0 1 0 0 -0.959299 0 -0.282392 0 -4893.78 0 -426.325 1 0
-0.282392 0 0.959299 0 0 1 0 0 -0.959299 0 -0.282392 0 -4893.78 0 -426.325 1 0
-0.282392 0 0.959299 0 0 1 0 0 -0.959299 0 -0.282392 0 -4893.78 0 -426.325 1 0
-0.282392 0 0.959299 0 0 1 0 0 -0.959299 0 -0.282392 0 -4893.78 0 -426.325 1 0
-0.282392 0 0.959299 0 0 1 0 0 -0.959299 0 -0.282392 0 -4893.78 0 -426.325 1 0
-0.282392 0 0.959299 0 0 1 0 0 -0.959299 0 -0.282392 0 -4893.78 0 -426.325 1 0
-0.282392 0 0.959299 0 0 1 0 0 -0.959299 0 -0.282392 0 -4893.78 0 -426.325 1 0
-0.23678 -0.0600219 0.969708 0 0.0311779 0.997106 0.0693307 0 -0.971063 0.0466495 -0.234223 0 -4742.48 -39.2098 1394.53 1 1
-0.229892 -0.0613452 0.971281 0 0.0270259 0.997224 0.0693805 0 -0.972841 0.0421997 -0.227596 0 -4760.48 -45.1733 1474.11 1 1
-0.229892 -0.0613452 0.971281 0 0.0270259 0.997224 0.0693805 0 -0.972841 0.0421997 -0.227596 0 -4760.48 -45.1733 1474.11 1 2
-0.229892 -0.0613452 0.971281 0 0.0270259 0.997224 0.0693805 0 -0.972841 0.0421997 -0.227596 0 -4760.48 -45.1733 1474.11 1 2
-0.229892 -0.0613452 0.971281 0 0.0270259 0.997224 0.0693805 0 -0.972841 0.0421997 -0.227596 0 -4760.48 -45.1733 1474.11 1 2
-0.229892 -0.0613452 0.971281 0 0.0270259 0.997224 0.0693805 0 -0.972841 0.0421997 -0.227596 0 -4760.48 -45.1733 1474.11 1 2
-0.229892 -0.0613452 0.971281 0 0.0270259 0.997224 0.0693805 0 -0.972841 0.0421997 -0.227596 0 -4760.48 -45.1733 1474.11 1 2
-0.229892 -0.0613452 0.971281 0 0.0270259 0.997224 0.0693805 0 -0.972841 0.0421997 -0.227596 0 -4760.48 -45.1733 1474.11 1 2
-0.229892 -0.0613452 0.971281 0 0.0270259 0.997224 0.0693805 0 -0.972841 0.0421997 -0.227596 0 -4760.48 -45.1733 1474.11 1 2
-0.229892 -0.0613452 0.971281 0 0.0270259 0.997224 0.0693805 0 -0.972841 0.0421997 -0.227596 0 -4760.48 -45.1733 1474.11 1 2
-0.229892 -0.0613452 0.971281 0 0.0270259 0.997224 0.0693805 0 -0.972841 0.0421997 -0.227596 0 -4760.48 -45.1733 1474.11 1 2
-0.229892 -0.0613452 0.971281 0 0.0270259 0.997224 0.0693805 0 -0.972841 0.0421997 -0.227596 0 -4760.48 -45.1733 1474.11 1 2
-0.229892 -0.0613452 0.971281 0 0.0270259 0.997224 0.0693805 0 -0.972841 0.0421997 -0.227596 0 -4760.48 -45.1733 1474.11 1 2
-0.229892 -0.0613452 0.971281 0 0.0270259 0.997224 0.0693805 0 -0.972841 0.0421997 -0.227596 0 -4760.48 -45.1733 1474.11 1 2
-0.229892 -0.0613452 0.971281 0 0.0270259 0.997224 0.0693805 0 -0.972841 0.0421997 -0.227596 0 -4760.48 -45.1733 1474.11 1 2
-0.229892 -0.0613452 0.971281 0 0.0270259 0.997224 0.0693805 0 -0.972841 0.0421997 -0.227596 0 -4760.48 -45.1733 1474.11 1 2
-0.229892 -0.0613452 0.971281 0 0.0270259 0.997224 0.0693805 0 -0.972841 0.0421997 -0.227596 0 -4760.48 -45.1733 1474.11 1 2
-0.229892 -0.0613452 0.971281 0 0.0270259 0.997224 0.0693805 0 -0.972841 0.0421997 -0.227596 0 -4760.48 -45.1733 1474.11 1 2
-0.229892 -0.0613452 0.971281 0 0.0270259 0.997224 0.0693805 0 -0.972841 0.0421997 -0.227596 0 -4760.48 -45.1733 1474.11 1 2
-0.229892 -0.0613452 0.971281 0 0.0270259 0.997224 0.0693805 0 -0.972841 0.0421997 -0.227596 0 -4760.48 -45.1733 1474.11 1 2
-0.229892 -0.0613452 0.971281 0 0.0270259 0.997224 0.0693805 0 -0.972841 0.0421997 -0.227596 0 -4760.48 -45.1733 1474.11 1 2
-0.229892 -0.0613452 0.971281 0 0.0270259 0.997224 0.0693805 0 -0.972841 0.0421997 -0.227596 0 -4760.48 -45.1733 1474.11 1 2
-0.229892 -0.0613452 0.971281 0 0.0270259 0.997224 0.0693805 0 -0.972841 0.0421997 -0.227596 0 -4760.48 -45.1733 1474.11 1 2
-0.229892 -0.0613452 0.971281 0 0.0270259 0.997224 0.0693805 0 -0.972841 0.0421997 -0.227596 0 -4760.48 -45.1733 1474.11 1 2
-0.229892 -0.0613452 0.971281 0 0.0270259 0.997224 0.0693805 0 -0.972841 0.0421997 -0.227596 0 -4760.48 -45.1733 1474.11 1 2
-0.229892 -0.0613452 0.971281 0 0.0270259 0.997224 0.0693805 0 -0.972841 0.0421997 -0.227596 0 -4760.48 -45.1733 1474.11 1 2
-0.229892 -0.0613452 0.971281 0 0.0270259 0.997224 0.0693805 0 -0.972841 0.0421997 -0.227596 0 -4760.48 -45.1733 1474.11 1 2
-0.229892 -0.0613452 0.971281 0 0.0270259 0.997224 0.0693805 0 -0.972841 0.0421997 -0.227596 0 -4760.48 -45.1733 1474.11 1 2
-0.229892 -0.0613452 0.971281 0 0.0270259 0.997224 0.0693805 0 -0.972841 0.0421997 -0.227596 0 -4760.48 -45.1733 1474.11 1 2
-0.229892 -0.0613452 0.971281 0 0.0270259 0.997224 0.0693805 0 -0.972841 0.0421997 -0.227596 0 -4760.48 -45.1733 1474.11 1 2
-0.229892 -0.0613452 0.971281 0 0.0270259 0.997224 0.0693805 0 -0.972841 0.0421997 -0.227596 0 -4760.48 -45.1733 1474.11 1 2
-0.229892 -0.0613452 0.971281 0 0.0270259 0.997224 0.0693805 0 -0.972841 0.0421997 -0.227596 0 -4760.48 -45.1733 1474.11 1 2
-0.229892 -0.0613452 0.971281 0 0.0270259 0.997224 0.0693805 0 -0.972841 0.0421997 -0.227596 0 -4760.48 -45.1733 1474.11 1 2
-0.229892 -0.0613452 0.971281 0 0.0270259 0.997224 0.0693805 0 -0.972841 0.0421997 -0.227596 0 -4760.48 -45.1733 1474.11 1 2
-0.229892 -0.0613452 0.971281 0 0.0270259 0.997224 0.0693805 0 -0.972841 0.0421997 -0.227596 0 -4760.48 -45.1733 1474.11 1 2
-0.229892 -0.0613452 0.971281 0 0.0270259 0.997224 0.0693805 0 -0.972841 0.0421997 -0.227596 0 -4760.48 -45.1733 1474.11 1 2
-0.229892 -0.0613452 0.971281 0 0.0270259 0.997224 0.0693805 0 -0.972841 0.0421997 -0.227596 0 -4760.48 -45.1733 1474.11 1 2
-0.229892 -0.0613452 0.971281 0 0.0270259 0.997224 0.0693805 0 -0.972841 0.0421997 -0.227596 0 -4760.48 -45.1733 1474.11 1 2
-0.229892 -0.0613452 0.971281 0 0.0270259 0.997224 0.0693805 0 -0.972841 0.0421997 -0.227596 0 -4760.48 -45.1733 1474.11 1 2
-0.229892 -0.0613452 0.971281 0 0.0270259 0.997224 0.0693805 0 -0.972841 0.0421997 -0.227596 0 -4760.48 -45.1733 1474.11 1 2
-0.229892 -0.0613452 0.971281 0 0.0270259 0.997224 0.0693805 0 -0.972841 0.0421997 -0.227596 0 -4760.48 -45.1733 1474.11 1 2
-0.229892 -0.0613452 0.971281 0 0.0270259 0.997224 0.0693805 0 -0.972841 0.0421997 -0.227596 0 -4760.48 -45.1733 1474.11 1 2
-0.229892 -0.0613452 0.971281 0 0.0270259 0.997224 0.0693805 0 -0.972841 0.0421997 -0.227596 0 -4760.48 -45.1733 1474.11 1 2
-0.229892 -0.0613452 0.971281 0 0.0270259 0.997224 0.0693805 0 -0.972841 0.0421997 -0.227596 0 -4760.48 -45.1733 1474.11 1 2
-0.229892 -0.0613452 0.971281 0 0.0270259 0.997224 0.0693805 0 -0.972841 0.0421997 -0.227596 0 -4760.48 -45.1733 1474.11 1 2
-0.229892 -0.0613452 0.971281 0 0.0270259 0.997224 0.0693805 0 -0.972841 0.0421997 -0.227596 0 -4760.48 -45.1733 1474.11 1 2
-0.229892 -0.0613452 0.971281 0 0.0270259 0.997224 0.0693805 0 -0.972841 0.0421997 -0.227596 0 -4760.48 -45.1733 1474.11 1 2
-0.229892 -0.0613452 0.971281 0 0.0270259 0.997224 0.0693805 0 -0.972841 0.0421997 -0.227596 0 -4760.48 -45.1733 1474.11 1 2
-0.229892 -0.0613452 0.971281 0 0.0270259 0.997224 0.0693805 0 -0.972841 0.0421997 -0.227596 0 -4760.48 -45.1733 1474.11 1 2
-0.229892 -0.0613452 0.971281 0 0.0270259 0.997224 0.0693805 0 -0.972841 0.0421997 -0.227596 0 -4760.48 -45.1733 1474.11 1 2
-0.229892 -0.0613452 0.971281 0 0.0270259 0.997224 0.0693805 0 -0.972841 0.0421997 -0.227596 0 -4760.48 -45.1733 1474.11 1 2
-0.229892 -0.0613452 0.971281 0 0.0270259 0.997224 0.0693805 0 -0.972841 0.0421997 -0.227596 0 -4760.48 -45.1733 1474.11 1 2
-0.229892 -0.0613452 0.971281 0 0.0270259 0.997224 0.0693805 0 -0.972841 0.0421997 -0.227596 0 -4760.48 -45.1733 1474.11 1 2
-0.229892 -0.0613452 0.971281 0 0.0270259 0.997224 0.0693805 0 -0.972841 0.0421997 -0.227596 0 -4760.48 -45.1733 1474.11 1 2
-0.229892 -0.0613452 0.971281 0 0.0270259 0.997224 0.0693805 0 -0.972841 0.0421997 -0.227596 0 -4760.48 -45.1733 1474.11 1 2
-0.229892 -0.0613452 0.971281 0 0.0270259 0.997224 0.0693805 0 -0.972841 0.0421997 -0.227596 0 -4760.48 -45.1733 1474.11 1 2
-0.229892 -0.0613452 0.971281 0 0.0270259 0.997224 0.0693805 0 -0.972841 0.0421997 -0.227596 0 -4760.48 -45.1733 1474.11 1 2
-0.229892 -0.0613452 0.971281 0 0.0270259 0.997224 0.0693805 0 -0.972841 0.0421997 -0.227596 0 -4760.48 -45.1733 1474.11 1 2
-0.229892 -0.0613452 0.971281 0 0.0270259 0.997224 0.0693805 0 -0.972841 0.0421997 -0.227596 0 -4760.48 -45.1733 1474.11 1 2
-0.229892 -0.0613452 0.971281 0 0.0270259 0.997224 0.0693805 0 -0.972841 0.0421997 -0.227596 0 -4760.48 -45.1733 1474.11 1 2
-0.229892 -0.0613452 0.971281 0 0.0270259 0.997224 0.0693805 0 -0.972841 0.0421997 -0.227596 0 -4760.48 -45.1733 1474.11 1 2
-0.229892 -0.0613452 0.971281 0 0.0270259 0.997224 0.0693805 0 -0.972841 0.0421997 -0.227596 0 -4760.48 -45.1733 1474.11 1 2
-0.229892 -0.0613452 0.971281 0 0.0270259 0.997224 0.0693805 0 -0.972841 0.0421997 -0.227596 0 -4760.48 -45.1733 1474.11 1 2
-0.229892 -0.0613452 0.971281 0 0.0270259 0.997224 0.0693805 0 -0.972841 0.0421997 -0.227596 0 -4760.48 -45.1733 1474.11 1 2
-0.229892 -0.0613452 0.971281 0 0.0270259 0.997224 0.0693805 0 -0.972841 0.0421997 -0.227596 0 -4760.48 -45.1733 1474.11 1 2
-0.229892 -0.0613452 0.971281 0 0.0270259 0.997224 0.0693805 0 -0.972841 0.0421997 -0.227596 0 -4760.48 -45.1733 1474.11 1 2
-0.229892 -0.0613452 0.971281 0 0.0270259 0.997224 0.0693805 0 -0.972841 0.0421997 -0.227596 0 -4760.48 -45.1733 1474.11 1 2
-0.229892 -0.0613452 0.971281 0 0.0270259 0.997224 0.0693805 0 -0.972841 0.0421997 -0.227596 0 -4760.48 -45.1733 1474.11 1 2
-0.229892 -0.0613452 0.971281 0 0.0270259 0.997224 0.0693805 0 -0.972841 0.0421997 -0.227596 0 -4760.48 -45.1733 1474.11 1 2
-0.229892 -0.0613452 0.971281 0 0.0270259 0.997224 0.0693805 0 -0.972841 0.0421997 -0.227596 0 -4760.48 -45.1733 1474.11 1 2
-0.229892 -0.0613452 0.971281 0 0.0270259 0.997224 0.0693805 0 -0.972841 0.0421997 -0.227596 0 -4760.48 -45.1733 1474.11 1 2
-0.229892 -0.0613452 0.971281 0 0.0270259 0.997224 0.0693805 0 -0.972841 0.0421997 -0.227596 0 -4760.48 -45.1733 1474.11 1 2
-0.22749 -0.0725433 0.971075 0 0.0092792 0.997015 0.0766549 0 -0.973736 0.026449 -0.226138 0 -4757.3 -115.209 1481.33 1 3
-0.225463 -0.0781076 0.971116 0 -0.00520012 0.996863 0.0789712 0 -0.974238 0.0127552 -0.225162 0 -4754.17 -168.861 1488.51 1 3
-0.223801 -0.0806955 0.971289 0 -0.0163368 0.996737 0.0790455 0 -0.974498 0.00182263 -0.224389 0 -4751.61 -209.118 1494.76 1 3
-0.222051 -0.0811329 0.971654 0 -0.0247268 0.99668 0.0775719 0 -0.974721 -0.00680095 -0.22332 0 -4749.56 -238.502 1501.9 1 3
-0.220225 -0.0795444 0.9722 0 -0.0290791 0.996762 0.074967 0 -0.975015 -0.0117611 -0.221825 0 -4748.79 -254.213 1510.14 1 3
-0.217723 -0.077043 0.972965 0 -0.028718 0.996954 0.0725162 0 -0.975588 -0.0121532 -0.219272 0 -4749.65 -252.205 1521.24 1 3
-0.214991 -0.0723778 0.97393 0 -0.0264099 0.997316 0.0682859 0 -0.976259 -0.0110406 -0.216326 0 -4750.62 -242.859 1534.43 1 3
-0.212319 -0.0679078 0.974838 0 -0.0226156 0.997657 0.0645717 0 -0.976939 -0.00833676 -0.213358 0 -4752.3 -228.89 1547.65 1 3
-0.209508 -0.0630988 0.975769 0 -0.0177537 0.997997 0.0607243 0 -0.977646 -0.00460133 -0.210208 0 -4753.67 -210.083 1561.83 1 3
-0.206566 -0.0591187 0.976645 0 -0.012667 0.998251 0.0577474 0 -0.978351 -0.000442535 -0.206954 0 -4754.7 -190.339 1576.2 1 3
-0.20381 -0.0559454 0.977411 0 -0.00818681 0.998428 0.0554413 0 -0.978976 0.00329764 -0.203948 0 -4755.94 -172.942 1588.69 1 3
-0.201305 -0.0538338 0.978048 0 -0.00441342 0.998528 0.0540527 0 -0.979519 0.00656456 -0.201247 0 -4757.15 -158.854 1599.27 1 3
-0.19931 -0.0523522 0.978537 0 -0.00116777 0.998584 0.0531868 0 -0.979936 0.00945794 -0.199088 0 -4758.46 -147.097 1606.93 1 3
-0.19739 -0.0518146 0.978955 0 0.00127517 0.998588 0.0531109 0 -0.980324 0.0117319 -0.197045 0 -4759.4 -139.053 1613.39 1 3
-0.195314 -0.051394 0.979393 0 0.00305523 0.998589 0.0530106 0 -0.980736 0.013346 -0.194882 0 -4759.7 -133.478 1620.69 1 3
-0.193154 -0.0511917 0.979832 0 0.0044028 0.998583 0.0530393 0 -0.981159 0.0145587 -0.192655 0 -4759.42 -129.292 1628.59 1 3
-0.190849 -0.0508767 0.9803 0 0.00571286 0.998581 0.0529376 0 -0.981603 0.0157034 -0.190287 0 -4758.49 -125.042 1637.4 1 3
-0.188765 -0.0502591 0.980735 0 0.00666849 0.998601 0.0524581 0 -0.982 0.0164423 -0.188166 0 -4758.43 -121.527 1647.23 1 3
-0.186765 -0.049815 0.981141 0 0.00765783 0.998609 0.0521596 0 -0.982375 0.017255 -0.186124 0 -4758.05 -117.745 1656.28 1 3
-0.185005 -0.0493974 0.981495 0 0.00850762 0.998618 0.0518628 0 -0.982701 0.017945 -0.184329 0 -4757.83 -114.319 1663.79 1 3
-0.183555 -0.0490163 0.981787 0 0.00931719 0.998624 0.0515989 0 -0.982965 0.0186187 -0.182846 0 -4757.67 -111.241 1669.93 1 3
-0.182372 -0.0488621 0.982015 0 0.00983945 0.998624 0.0515158 0 -0.98318 0.0190575 -0.18164 0 -4757.68 -109.449 1674.37 1 3
-0.181355 -0.048863 0.982203 0 0.0103469 0.998615 0.0515899 0 -0.983363 0.0195189 -0.180599 0 -4757.7 -108.004 1677.99 1 3
-0.180703 -0.0489044 0.982321 0 0.0107215 0.998606 0.0516874 0 -0.983479 0.019872 -0.179926 0 -4758.09 -106.944 1679.95 1 3
-0.180145 -0.0489781 0.98242 0 0.0111212 0.998594 0.0518238 0 -0.983577 0.0202615 -0.179347 0 -4758.34 -105.808 1681.39 1 3
-0.179663 -0.0490343 0.982505 0 0.0115383 0.998583 0.0519467 0 -0.98366 0.0206693 -0.178843 0 -4758.64 -104.381 1682.45 1 3
-0.179228 -0.0491153 0.982581 0 0.0119197 0.998571 0.0520888 0 -0.983735 0.0210478 -0.178387 0 -4758.94 -103.215 1683.24 1 3
-0.178841 -0.0491159 0.982651 0 0.0123898 0.998562 0.0521661 0 -0.9838 0.0215043 -0.177976 0 -4759.21 -101.648 1683.99 1 3
-0.178362 -0.049264 0.982731 0 0.0126957 0.998548 0.0523611 0 -0.983883 0.0218157 -0.177477 0 -4759.19 -100.741 1685.11 1 3
-0.178059 -0.0491708 0.982791 0 0.0127328 0.998552 0.0522662 0 -0.983937 0.0218201 -0.177175 0 -4759.31 -100.112 1686.24 1 3
-0.177772 -0.0491845 0.982842 0 0.0127223 0.998552 0.0522719 0 -0.983989 0.0217964 -0.176889 0 -4759.5 -99.8881 1686.93 1 3
-0.177543 -0.0492814 0.982878 0 0.0127496 0.998546 0.05237 0 -0.98403 0.0218292 -0.176657 0 -4759.76 -99.7622 1687.12 1 3
-0.177325 -0.0493119 0.982916 0 0.0127363 0.998545 0.0523937 0 -0.98407 0.0218094 -0.176439 0 -4759.91 -99.8705 1687.2 1 3
-0.177185 -0.0493241 0.982941 0 0.0127054 0.998545 0.0523974 0 -0.984096 0.0217726 -0.1763 0 -4760.11 -100.115 1687.1 1 3
-0.177072 -0.0493555 0.98296 0 0.0126596 0.998545 0.0524186 0 -0.984116 0.0217258 -0.17619 0 -4760.31 -100.334 1686.76 1 3
-0.177097 -0.0501422 0.982915 0 0.0122254 0.998512 0.0531405 0 -0.984117 0.0214276 -0.176221 0 -4761.25 -102.719 1684.82 1 3
-0.177212 -0.0507467 0.982864 0 0.0120052 0.998484 0.0537178 0 -0.9841 0.0213189 -0.176334 0 -4762.12 -103.998 1683.02 1 3
-0.177163 -0.0512096 0.982848 0 0.0118206 0.998463 0.0541539 0 -0.98411 0.0212119 -0.176286 0 -4762.67 -104.977 1682.12 1 3
-0.177039 -0.0514656 0.982857 0 0.0117772 0.99845 0.0544034 0 -0.984133 0.0212068 -0.176158 0 -4763.04 -105.466 1681.8 1 3
-0.176845 -0.051652 0.982882 0 0.0117933 0.998439 0.0545914 0 -0.984168 0.0212456 -0.17596 0 -4763.26 -105.64 1681.93 1 3
-0.176589 -0.0518955 0.982916 0 0.011788 0.998426 0.0548322 0 -0.984214 0.0212693 -0.175699 0 -4763.3 -106.004 1682.24 1 3
-0.176352 -0.0520192 0.982952 0 0.0117341 0.998421 0.0549431 0 -0.984257 0.0212234 -0.175463 0 -4763.3 -106.272 1682.52 1 3
-0.176095 -0.0520963 0.982994 0 0.0116871 0.998418 0.0550074 0 -0.984304 0.0211749 -0.175207 0 -4763.19 -106.53 1683.09 1 3
-0.175914 -0.0521736 0.983022 0 0.0116155 0.998415 0.0550692 0 -0.984337 0.0211057 -0.175029 0 -4763.24 -106.809 1683.4 1 3
-0.175786 -0.0522405 0.983041 0 0.011534 0.998413 0.0551198 0 -0.984361 0.0210277 -0.174905 0 -4763.32 -107.115 1683.55 1 3
