-0.150553 0 -0.988602 0 0 1 0 0 0.988602 0 -0.150553 0 -3789.2 0 -2976.84 1 0
-0.150553 0 -0.988602 0 0 1 0 0 0.988602 0 -0.150553 0 -3789.2 0 -2976.84 1 0
-0.150553 0 -0.988602 0 0 1 0 0 0.988602 0 -0.150553 0 -3789.2 0 -2976.84 1 0
-0.150553 0 -0.988602 0 0 1 0 0 0.988602 0 -0.150553 0 -3789.2 0 -2976.84 1 0
-0.150553 0 -0.988602 0 0 1 0 0 0.988602 0 -0.150553 0 -3789.2 0 -2976.84 1 0
-0.150553 0 -0.988602 0 0 1 0 0 0.988602 0 -0.150553 0 -3789.2 0 -2976.84 1 0
-0.150553 0 -0.988602 0 0 1 0 0 0.988602 0 -0.150553 0 -3789.2 0 -2976.84 1 0
-0.150553 0 -0.988602 0 0 1 0 0 0.988602 0 -0.150553 0 -3789.2 0 -2976.84 1 0
-0.150553 0 -0.988602 0 0 1 0 0 0.988602 0 -0.150553 0 -3789.2 0 -2976.84 1 0
-0.150553 0 -0.988602 0 0 1 0 0 0.988602 0 -0.150553 0 -3789.2 0 -2976.84 1 0
-0.150553 0 -0.988602 0 0 1 0 0 0.988602 0 -0.150553 0 -3789.2 0 -2976.84 1 0
-0.150553 0 -0.988602 0 0 1 0 0 0.988602 0 -0.150553 0 -3789.2 0 -2976.84 1 0
-0.150553 0 -0.988602 0 0 1 0 0 0.988602 0 -0.150553 0 -3789.2 0 -2976.84 1 0
-0.150553 0 -0.988602 0 0 1 0 0 0.988602 0 -0.150553 0 -3789.2 0 -2976.84 1 0
-0.150553 0 -0.988602 0 0 1 0 0 0.988602 0 -0.150553 0 -3789.2 0 -2976.84 1 0
-0.150553 0 -0.988602 0 0 1 0 0 0.988602 0 -0.150553 0 -3789.2 0 -2976.84 1 0
-0.150553 0 -0.988602 0 0 1 0 0 0.988602 0 -0.150553 0 -3789.2 0 -2976.84 1 0
-0.150553 0 -0.988602 0 0 1 0 0 0.988602 0 -0.150553 0 -3789.2 0 -2976.84 1 0
-0.150553 0 -0.988602 0 0 1 0 0 0.988602 0 -0.150553 0 -3789.2 0 -2976.84 1 0
-0.150553 0 -0.988602 0 0 1 0 0 0.988602 0 -0.150553 0 -3789.2 0 -2976.84 1 0
-0.150553 0 -0.988602 0 0 1 0 0 0.988602 0 -0.150553 0 -3789.2 0 -2976.84 1 0
-0.150553 0 -0.988602 0 0 1 0 0 0.988602 0 -0.150553 0 -3789.2 0 -2976.84 1 0
-0.150553 0 -0.988602 0 0 1 0 0 0.988602 0 -0.150553 0 -3789.2 0 -2976.84 1 0
-0.150553 0 -0.988602 0 0 1 0 0 0.988602 0 -0.150553 0 -3789.2 0 -2976.84 1 0
-0.150553 0 -0.988602 0 0 1 0 0 0.988602 0 -0.150553 0 -3789.2 0 -2976.84 1 0
-0.150553 0 -0.988602 0 0 1 0 0 0.988602 0 -0.150553 0 -3789.2 0 -2976.84 1 0
-0.150553 0 -0.988602 0 0 1 0 0 0.988602 0 -0.150553 0 -3789.2 0 -2976.84 1 0
-0.150553 0 -0.988602 0 0 1 0 0 0.988602 0 -0.150553 0 -3789.2 0 -2976.84 1 0
-0.150553 0 -0.988602 0 0 1 0 0 0.988602 0 -0.150553 0 -3789.2 0 -2976.84 1 0
-0.150553 0 -0.988602 0 0 1 0 0 0.988602 0 -0.150553 0 -3789.2 0 -2976.84 1 0
-0.150553 0 -0.988602 0 0 1 0 0 0.988602 0 -0.150553 0 -3789.2 0 -2976.84 1 0
-0.150553 0 -0.988602 0 0 1 0 0 0.988602 0 -0.150553 0 -3789.2 0 -2976.84 1 0
-0.150553 0 -0.988602 0 0 1 0 0 0.988602 0 -0.150553 0 -3789.2 0 -2976.84 1 0
-0.150553 0 -0.988602 0 0 1 0 0 0.988602 0 -0.150553 0 -3789.2 0 -2976.84 1 0
-0.150553 0 -0.988602 0 0 1 0 0 0.988602 0 -0.150553 0 -3789.2 0 -2976.84 1 0
-0.150553 0 -0.988602 0 0 1 0 0 0.988602 0 -0.150553 0 -3789.2 0 -2976.84 1 0
-0.150553 0 -0.988602 0 0 1 0 0 0.988602 0 -0.150553 0 -3789.2 0 -2976.84 1 0
-0.150553 0 -0.988602 0 0 1 0 0 0.988602 0 -0.150553 0 -3789.2 0 -2976.84 1 0
-0.150553 0 -0.988602 0 0 1 0 0 0.988602 0 -0.150553 0 -3789.2 0 -2976.84 1 0
-0.150553 0 -0.988602 0 0 1 0 0 0.988602 0 -0.150553 0 -3789.2 0 -2976.84 1 0
-0.150553 0 -0.988602 0 0 1 0 0 0.988602 0 -0.150553 0 -3789.2 0 -2976.84 1 0
-0.150553 0 -0.988602 0 0 1 0 0 0.988602 0 -0.150553 0 -3789.2 0 -2976.84 1 0
-0.150553 0 -0.988602 0 0 1 0 0 0.988602 0 -0.150553 0 -3789.2 0 -2976.84 1 0
-0.150553 0 -0.988602 0 0 1 0 0 0.988602 0 -0.150553 0 -3789.2 0 -2976.84 1 0
-0.150553 0 -0.988602 0 0 1 0 0 0.988602 0 -0.150553 0 -3789.2 0 -2976.84 1 0
-0.150553 0 -0.988602 0 0 1 0 0 0.988602 0 -0.150553 0 -3789.2 0 -2976.84 1 0
-0.150553 0 -0.988602 0 0 1 0 0 0.988602 0 -0.150553 0 -3789.2 0 -2976.84 1 0
-0.150553 0 -0.988602 0 0 1 0 0 0.988602 0 -0.150553 0 -3789.2 0 -2976.84 1 0
-0.150553 0 -0.988602 0 0 1 0 0 0.988602 0 -0.150553 0 -3789.2 0 -2976.84 1 0
-0.150553 0 -0.988602 0 0 1 0 0 0.988602 0 -0.150553 0 -3789.2 0 -2976.84 1 0
-0.150553 0 -0.988602 0 0 1 0 0 0.988602 0 -0.150553 0 -3789.2 0 -2976.84 1 0
-0.150553 0 -0.988602 0 0 1 0 0 0.988602 0 -0.150553 0 -3789.2 0 -2976.84 1 0
-0.150553 0 -0.988602 0 0 1 0 0 0.988602 0 -0.150553 0 -3789.2 0 -2976.84 1 0
-0.150553 0 -0.988602 0 0 1 0 0 0.988602 0 -0.150553 0 -3789.2 0 -2976.84 1 0
-0.150553 0 -0.988602 0 0 1 0 0 0.988602 0 -0.150553 0 -3789.2 0 -2976.84 1 0
-0.150553 0 -0.988602 0 0 1 0 0 0.988602 0 -0.150553 0 -3789.2 0 -2976.84 1 0
-0.150553 0 -0.988602 0 0 1 0 0 0.988602 0 -0.150553 0 -3789.2 0 -2976.84 1 0
-0.150553 0 -0.988602 0 0 1 0 0 0.988602 0 -0.150553 0 -3789.2 0 -2976.84 1 0
-0.150553 0 -0.988602 0 0 1 0 0 0.988602 0 -0.150553 0 -3789.2 0 -2976.84 1 0
-0.150553 0 -0.988602 0 0 1 0 0 0.988602 0 -0.150553 0 -3789.2 0 -2976.84 1 0
-0.150553 0 -0.988602 0 0 1 0 0 0.988602 0 -0.150553 0 -3789.2 0 -2976.84 1 0
-0.150553 0 -0.988602 0 0 1 0 0 0.988602 0 -0.150553 0 -3789.2 0 -2976.84 1 0
-0.150553 0 -0.988602 0 0 1 0 0 0.988602 0 -0.150553 0 -3789.2 0 -2976.84 1 0
-0.150553 0 -0.988602 0 0 1 0 0 0.988602 0 -0.150553 0 -3789.2 0 -2976.84 1 0
-0.150553 0 -0.988602 0 0 1 0 0 0.988602 0 -0.150553 0 -3789.2 0 -2976.84 1 0
-0.150553 0 -0.988602 0 0 1 0 0 0.988602 0 -0.150553 0 -3789.2 0 -2976.84 1 0
-0.150553 0 -0.988602 0 0 1 0 0 0.988602 0 -0.150553 0 -3789.2 0 -2976.84 1 0
-0.150553 0 -0.988602 0 0 1 0 0 0.988602 0 -0.150553 0 -3789.2 0 -2976.84 1 0
-0.150553 0 -0.988602 0 0 1 0 0 0.988602 0 -0.150553 0 -3789.2 0 -2976.84 1 0
-0.150553 0 -0.988602 0 0 1 0 0 0.988602 0 -0.150553 0 -3789.2 0 -2976.84 1 0
-0.150553 0 -0.988602 0 0 1 0 0 0.988602 0 -0.150553 0 -3789.2 0 -2976.84 1 0
-0.150553 0 -0.988602 0 0 1 0 0 0.988602 0 -0.150553 0 -3789.2 0 -2976.84 1 0
-0.150553 0 -0.988602 0 0 1 0 0 0.988602 0 -0.150553 0 -3789.2 0 -2976.84 1 0
-0.150553 0 -0.988602 0 0 1 0 0 0.988602 0 -0.150553 0 -3789.2 0 -2976.84 1 0
-0.150553 0 -0.988602 0 0 1 0 0 0.988602 0 -0.150553 0 -3789.2 0 -2976.84 1 0
-0.150553 0 -0.988602 0 0 1 0 0 0.988602 0 -0.150553 0 -3789.2 0 -2976.84 1 0
-0.150553 0 -0.988602 0 0 1 0 0 0.988602 0 -0.150553 0 -3789.2 0 -2976.84 1 0
-0.150553 0 -0.988602 0 0 1 0 0 0.988602 0 -0.150553 0 -3789.2 0 -2976.84 1 0
-0.150553 0 -0.988602 0 0 1 0 0 0.988602 0 -0.150553 0 -3789.2 0 -2976.84 1 0
-0.150553 0 -0.988602 0 0 1 0 0 0.988602 0 -0.150553 0 -3789.2 0 -2976.84 1 0
-0.150553 0 -0.988602 0 0 1 0 0 0.988602 0 -0.150553 0 -3789.2 0 -2976.84 1 0
-0.150553 0 -0.988602 0 0 1 0 0 0.988602 0 -0.150553 0 -3789.2 0 -2976.84 1 0
-0.150553 0 -0.988602 0 0 1 0 0 0.988602 0 -0.150553 0 -3789.2 0 -2976.84 1 0
-0.150553 0 -0.988602 0 0 1 0 0 0.988602 0 -0.150553 0 -3789.2 0 -2976.84 1 0
-0.245882 0.095862 -0.964548 0 -0.0388981 0.99332 0.108637 0 0.968519 0.0642311 -0.240511 0 -4829.11 198.884 -1287.06 1 1
-0.246002 0.0922784 -0.964867 0 -0.0417367 0.993526 0.105661 0 0.96837 0.066263 -0.240558 0 -4841.34 206.457 -1363.96 1 1
-0.246002 0.0922784 -0.964867 0 -0.0417367 0.993526 0.105661 0 0.96837 0.066263 -0.240558 0 -4841.34 206.457 -1363.96 1 2
-0.246002 0.0922784 -0.964867 0 -0.0417367 0.993526 0.105661 0 0.96837 0.066263 -0.240558 0 -4841.34 206.457 -1363.96 1 2
-0.246002 0.0922784 -0.964867 0 -0.0417367 0.993526 0.105661 0 0.96837 0.066263 -0.240558 0 -4841.34 206.457 -1363.96 1 2
-0.246002 0.0922784 -0.964867 0 -0.0417367 0.993526 0.105661 0 0.96837 0.066263 -0.240558 0 -4841.34 206.457 -1363.96 1 2
-0.246002 0.0922784 -0.964867 0 -0.0417367 0.993526 0.105661 0 0.96837 0.066263 -0.240558 0 -4841.34 206.457 -1363.96 1 2
-0.246002 0.0922784 -0.964867 0 -0.0417367 0.993526 0.105661 0 0.96837 0.066263 -0.240558 0 -4841.34 206.457 -1363.96 1 2
-0.246002 0.0922784 -0.964867 0 -0.0417367 0.993526 0.105661 0 0.96837 0.066263 -0.240558 0 -4841.34 206.457 -1363.96 1 2
-0.246002 0.0922784 -0.964867 0 -0.0417367 0.993526 0.105661 0 0.96837 0.066263 -0.240558 0 -4841.34 206.457 -1363.96 1 2
-0.246002 0.0922784 -0.964867 0 -0.0417367 0.993526 0.105661 0 0.96837 0.066263 -0.240558 0 -4841.34 206.457 -1363.96 1 2
-0.246002 0.0922784 -0.964867 0 -0.0417367 0.993526 0.105661 0 0.96837 0.066263 -0.240558 0 -4841.34 206.457 -1363.96 1 2
-0.246002 0.0922784 -0.964867 0 -0.0417367 0.993526 0.105661 0 0.96837 0.066263 -0.240558 0 -4841.34 206.457 -1363.96 1 2
-0.246002 0.0922784 -0.964867 0 -0.0417367 0.993526 0.105661 0 0.96837 0.066263 -0.240558 0 -4841.34 206.457 -1363.96 1 2
-0.246002 0.0922784 -0.964867 0 -0.0417367 0.993526 0.105661 0 0.96837 0.066263 -0.240558 0 -4841.34 206.457 -1363.96 1 2
-0.246002 0.0922784 -0.964867 0 -0.0417367 0.993526 0.105661 0 0.96837 0.066263 -0.240558 0 -4841.34 206.457 -1363.96 1 2
-0.246002 0.0922784 -0.964867 0 -0.0417367 0.993526 0.105661 0 0.96837 0.066263 -0.240558 0 -4841.34 206.457 -1363.96 1 2
-0.246002 0.0922784 -0.964867 0 -0.0417367 0.993526 0.105661 0 0.96837 0.066263 -0.240558 0 -4841.34 206.457 -1363.96 1 2
-0.246002 0.0922784 -0.964867 0 -0.0417367 0.993526 0.105661 0 0.96837 0.066263 -0.240558 0 -4841.34 206.457 -1363.96 1 2
-0.246002 0.0922784 -0.964867 0 -0.0417367 0.993526 0.105661 0 0.96837 0.066263 -0.240558 0 -4841.34 206.457 -1363.96 1 2
-0.246002 0.0922784 -0.964867 0 -0.0417367 0.993526 0.105661 0 0.96837 0.066263 -0.240558 0 -4841.34 206.457 -1363.96 1 2
-0.246002 0.0922784 -0.964867 0 -0.0417367 0.993526 0.105661 0 0.96837 0.066263 -0.240558 0 -4841.34 206.457 -1363.96 1 2
-0.246002 0.0922784 -0.964867 0 -0.0417367 0.993526 0.105661 0 0.96837 0.066263 -0.240558 0 -4841.34 206.457 -1363.96 1 2
-0.246002 0.0922784 -0.964867 0 -0.0417367 0.993526 0.105661 0 0.96837 0.066263 -0.240558 0 -4841.34 206.457 -1363.96 1 2
-0.246002 0.0922784 -0.964867 0 -0.0417367 0.993526 0.105661 0 0.96837 0.066263 -0.240558 0 -4841.34 206.457 -1363.96 1 2
-0.246002 0.0922784 -0.964867 0 -0.0417367 0.993526 0.105661 0 0.96837 0.066263 -0.240558 0 -4841.34 206.457 -1363.96 1 2
-0.246002 0.0922784 -0.964867 0 -0.0417367 0.993526 0.105661 0 0.96837 0.066263 -0.240558 0 -4841.34 206.457 -1363.96 1 2
-0.246002 0.0922784 -0.964867 0 -0.0417367 0.993526 0.105661 0 0.96837 0.066263 -0.240558 0 -4841.34 206.457 -1363.96 1 2
-0.246002 0.0922784 -0.964867 0 -0.0417367 0.993526 0.105661 0 0.96837 0.066263 -0.240558 0 -4841.34 206.457 -1363.96 1 2
-0.246002 0.0922784 -0.964867 0 -0.0417367 0.993526 0.105661 0 0.96837 0.066263 -0.240558 0 -4841.34 206.457 -1363.96 1 2
-0.246002 0.0922784 -0.964867 0 -0.0417367 0.993526 0.105661 0 0.96837 0.066263 -0.240558 0 -4841.34 206.457 -1363.96 1 2
-0.246002 0.0922784 -0.964867 0 -0.0417367 0.993526 0.105661 0 0.96837 0.066263 -0.240558 0 -4841.34 206.457 -1363.96 1 2
-0.246002 0.0922784 -0.964867 0 -0.0417367 0.993526 0.105661 0 0.96837 0.066263 -0.240558 0 -4841.34 206.457 -1363.96 1 2
-0.246002 0.0922784 -0.964867 0 -0.0417367 0.993526 0.105661 0 0.96837 0.066263 -0.240558 0 -4841.34 206.457 -1363.96 1 2
-0.246002 0.0922784 -0.964867 0 -0.0417367 0.993526 0.105661 0 0.96837 0.066263 -0.240558 0 -4841.34 206.457 -1363.96 1 2
-0.246002 0.0922784 -0.964867 0 -0.0417367 0.993526 0.105661 0 0.96837 0.066263 -0.240558 0 -4841.34 206.457 -1363.96 1 2
-0.246002 0.0922784 -0.964867 0 -0.0417367 0.993526 0.105661 0 0.96837 0.066263 -0.240558 0 -4841.34 206.457 -1363.96 1 2
-0.246002 0.0922784 -0.964867 0 -0.0417367 0.993526 0.105661 0 0.96837 0.066263 -0.240558 0 -4841.34 206.457 -1363.96 1 2
-0.246002 0.0922784 -0.964867 0 -0.0417367 0.993526 0.105661 0 0.96837 0.066263 -0.240558 0 -4841.34 206.457 -1363.96 1 2
-0.246002 0.0922784 -0.964867 0 -0.0417367 0.993526 0.105661 0 0.96837 0.066263 -0.240558 0 -4841.34 206.457 -1363.96 1 2
-0.246002 0.0922784 -0.964867 0 -0.0417367 0.993526 0.105661 0 0.96837 0.066263 -0.240558 0 -4841.34 206.457 -1363.96 1 2
-0.246002 0.0922784 -0.964867 0 -0.0417367 0.993526 0.105661 0 0.96837 0.066263 -0.240558 0 -4841.34 206.457 -1363.96 1 2
-0.246002 0.0922784 -0.964867 0 -0.0417367 0.993526 0.105661 0 0.96837 0.066263 -0.240558 0 -4841.34 206.457 -1363.96 1 2
-0.246002 0.0922784 -0.964867 0 -0.0417367 0.993526 0.105661 0 0.96837 0.066263 -0.240558 0 -4841.34 206.457 -1363.96 1 2
-0.250771 0.0982874 -0.963044 0 -0.0536425 0.991893 0.1152 0 0.966559 0.0805489 -0.243466 0 -4847.47 150.81 -1360.18 1 3
-0.25459 0.10052 -0.961811 0 -0.0625482 0.990789 0.120105 0 0.965024 0.090737 -0.245957 0 -4853.63 98.8582 -1356.1 1 3
-0.257772 0.10079 -0.960934 0 -0.0684846 0.990137 0.122224 0 0.963776 0.0973151 -0.248327 0 -4860.14 54.3606 -1352.65 1 3
-0.260957 0.0990778 -0.960252 0 -0.0723031 0.989919 0.121788 0 0.962639 0.101211 -0.251163 0 -4867.66 15.911 -1347.99 1 3
-0.26377 0.0958687 -0.95981 0 -0.0730698 0.990204 0.118985 0 0.961814 0.101518 -0.25418 0 -4876.38 -12.3074 -1341.71 1 3
-0.266938 0.0927505 -0.95924 0 -0.0697678 0.990886 0.115225 0 0.961185 0.097682 -0.258034 0 -4888.04 -22.1739 -1331.84 1 3
-0.270031 0.086856 -0.958926 0 -0.064984 0.992008 0.108152 0 0.960656 0.0915191 -0.262228 0 -4899.76 -30.5436 -1319.45 1 3
-0.272883 0.0810955 -0.958623 0 -0.0596294 0.993099 0.100986 0 0.960198 0.0847196 -0.266164 0 -4911.35 -32.0769 -1306.55 1 3
-0.275952 0.0756098 -0.958193 0 -0.0542203 0.994089 0.0940573 0 0.959641 0.0779088 -0.270221 0 -4922.68 -27.7308 -1292.28 1 3
-0.279198 0.0713956 -0.957576 0 -0.0488398 0.994885 0.0884175 0 0.958991 0.0714538 -0.274283 0 -4933.73 -18.8154 -1277.34 1 3
-0.28214 0.0680819 -0.956955 0 -0.0442527 0.995494 0.0838708 0 0.958352 0.0660111 -0.277856 0 -4943.93 -9.88928 -1263.94 1 3
-0.284973 0.0658745 -0.956269 0 -0.0404755 0.995919 0.0806677 0 0.957681 0.0616936 -0.281143 0 -4953.3 -1.11682 -1252.4 1 3
-0.287268 0.0644399 -0.95568 0 -0.0374533 0.996216 0.0784312 0 0.957118 0.0583242 -0.283767 0 -4961.23 7.18732 -1243.76 1 3
-0.289481 0.063956 -0.955045 0 -0.0351346 0.996383 0.0773738 0 0.956539 0.0559534 -0.286187 0 -4968.52 14.2315 -1236.27 1 3
-0.291832 0.0634579 -0.954362 0 -0.0334211 0.996511 0.0764802 0 0.955885 0.0542152 -0.288693 0 -4975.46 18.8648 -1227.92 1 3
-0.294253 0.0632489 -0.953632 0 -0.0321317 0.996589 0.0760125 0 0.955187 0.0530087 -0.291217 0 -4981.83 22.9129 -1218.98 1 3
-0.296743 0.0630579 -0.952873 0 -0.0307939 0.996667 0.0755458 0 0.954461 0.0517604 -0.293812 0 -4987.97 26.7614 -1209.13 1 3
-0.299053 0.062667 -0.952177 0 -0.02984 0.996739 0.0749718 0 0.95377 0.0508335 -0.296208 0 -4993.74 29.2498 -1198.65 1 3
-0.301037 0.0623999 -0.951569 0 -0.0288869 0.996802 0.0745048 0 0.953175 0.0499166 -0.298272 0 -4998.89 32.3233 -1188.88 1 3
-0.302652 0.0621907 -0.95107 0 -0.0280265 0.996857 0.0741034 0 0.952689 0.0490827 -0.299957 0 -5003.47 35.0104 -1180.65 1 3
-0.304003 0.0620157 -0.95065 0 -0.0271425 0.99691 0.0737132 0 0.952284 0.0482121 -0.301381 0 -5007.43 37.2777 -1173.85 1 3
-0.305119 0.0619291 -0.950298 0 -0.0266134 0.996939 0.0735135 0 0.951942 0.0477211 -0.302537 0 -5010.75 38.8256 -1168.8 1 3
-0.306077 0.0620223 -0.949984 0 -0.026149 0.996951 0.0735137 0 0.951647 0.047342 -0.303522 0 -5013.74 40.5602 -1164.62 1 3
-0.306697 0.0621532 -0.949776 0 -0.0257908 0.996957 0.0735689 0 0.951458 0.0470588 -0.304161 0 -5016.07 41.8993 -1162.27 1 3
-0.307292 0.0623222 -0.949572 0 -0.0254226 0.996959 0.0736593 0 0.951276 0.0467755 -0.304773 0 -5018.12 43.4826 -1160.5 1 3
-0.307833 0.0625768 -0.94938 0 -0.0249678 0.99696 0.0738086 0 0.951113 0.0464247 -0.305335 0 -5020.01 45.3565 -1159.19 1 3
-0.308312 0.062811 -0.949209 0 -0.0245478 0.99696 0.0739441 0 0.950968 0.0460989 -0.305833 0 -5021.82 47.0325 -1158.18 1 3
-0.308804 0.063005 -0.949037 0 -0.0240947 0.996965 0.074027 0 0.950821 0.0457265 -0.306348 0 -5023.47 49.0405 -1157.32 1 3
-0.309402 0.0632458 -0.948826 0 -0.023726 0.996962 0.0741912 0 0.950635 0.0454667 -0.306961 0 -5025.1 50.5486 -1156.01 1 3
-0.309965 0.0631957 -0.948645 0 -0.0236117 0.996969 0.0741299 0 0.950455 0.0453768 -0.307533 0 -5026.51 50.8892 -1154.9 1 3
-0.310402 0.0631718 -0.948504 0 -0.0235344 0.996973 0.0741016 0 0.950314 0.0453237 -0.307975 0 -5027.79 50.9841 -1154.16 1 3
-0.31078 0.0632313 -0.948376 0 -0.0234301 0.996972 0.0741493 0 0.950193 0.0452646 -0.308357 0 -5028.97 51.2979 -1153.93 1 3
-0.311166 0.0632527 -0.948248 0 -0.023377 0.996971 0.0741739 0 0.950068 0.0452476 -0.308745 0 -5030.04 51.2159 -1153.85 1 3
-0.311494 0.0632284 -0.948142 0 -0.0233678 0.996972 0.0741617 0 0.949961 0.0452569 -0.309073 0 -5031.01 50.912 -1154.02 1 3
-0.311776 0.0632157 -0.94805 0 -0.0233767 0.996972 0.0741655 0 0.949868 0.0452854 -0.309354 0 -5031.86 50.7312 -1154.43 1 3
-0.312091 0.0640217 -0.947893 0 -0.0237348 0.99689 0.0751456 0 0.949756 0.0459503 -0.309601 0 -5033.97 50.5287 -1156.65 1 3
-0.312289 0.064678 -0.947783 0 -0.0238481 0.996832 0.0758829 0 0.949688 0.0463002 -0.309757 0 -5035.5 50.9865 -1158.68 1 3
-0.312571 0.0650896 -0.947662 0 -0.023985 0.996791 0.0763751 0 0.949591 0.0466024 -0.310007 0 -5036.86 51.2287 -1159.75 1 3
-0.312892 0.0653198 -0.94754 0 -0.024013 0.996769 0.0766429 0 0.949485 0.0467342 -0.310313 0 -5038.07 51.5082 -1160.19 1 3
-0.313207 0.0655323 -0.947421 0 -0.0239662 0.996753 0.0768675 0 0.949382 0.0467815 -0.31062 0 -5039.18 51.9414 -1160.11 1 3
-0.313534 0.0657243 -0.9473 0 -0.0239129 0.996739 0.077069 0 0.949276 0.0468164 -0.310939 0 -5040.17 52.1862 -1159.8 1 3
-0.313858 0.0658167 -0.947186 0 -0.0239197 0.99673 0.0771853 0 0.949169 0.0468817 -0.311257 0 -5041.1 52.1983 -1159.55 1 3
-0.314189 0.0658738 -0.947072 0 -0.0239157 0.996724 0.0772613 0 0.949059 0.0469246 -0.311584 0 -5041.96 52.0983 -1159.02 1 3
-0.3144 0.0659124 -0.947 0 -0.0239244 0.99672 0.0773158 0 0.948989 0.0469645 -0.311792 0 -5042.65 51.9538 -1158.71 1 3
-0.314579 0.0659351 -0.946939 0 -0.023961 0.996715 0.0773611 0 0.948929 0.0470258 -0.311966 0 -5043.19 51.7766 -1158.56 1 3
