-0.0200525 0 -0.999799 0 0 1 0 0 0.999799 0 -0.0200525 0 -3554.23 0 -2919.3 1 0
-0.0200525 0 -0.999799 0 0 1 0 0 0.999799 0 -0.0200525 0 -3554.23 0 -2919.3 1 0
-0.0200525 0 -0.999799 0 0 1 0 0 0.999799 0 -0.0200525 0 -3554.23 0 -2919.3 1 0
-0.0200525 0 -0.999799 0 0 1 0 0 0.999799 0 -0.0200525 0 -3554.23 0 -2919.3 1 0
-0.0200525 0 -0.999799 0 0 1 0 0 0.999799 0 -0.0200525 0 -3554.23 0 -2919.3 1 0
-0.0200525 0 -0.999799 0 0 1 0 0 0.999799 0 -0.0200525 0 -3554.23 0 -2919.3 1 0
-0.0200525 0 -0.999799 0 0 1 0 0 0.999799 0 -0.0200525 0 -3554.23 0 -2919.3 1 0
-0.0200525 0 -0.999799 0 0 1 0 0 0.999799 0 -0.0200525 0 -3554.23 0 -2919.3 1 0
-0.0200525 0 -0.999799 0 0 1 0 0 0.999799 0 -0.0200525 0 -3554.23 0 -2919.3 1 0
-0.0200525 0 -0.999799 0 0 1 0 0 0.999799 0 -0.0200525 0 -3554.23 0 -2919.3 1 0
-0.0200525 0 -0.999799 0 0 1 0 0 0.999799 0 -0.0200525 0 -3554.23 0 -2919.3 1 0
-0.0200525 0 -0.999799 0 0 1 0 0 0.999799 0 -0.0200525 0 -3554.23 0 -2919.3 1 0
-0.0200525 0 -0.999799 0 0 1 0 0 0.999799 0 -0.0200525 0 -3554.23 0 -2919.3 1 0
-0.0200525 0 -0.999799 0 0 1 0 0 0.999799 0 -0.0200525 0 -3554.23 0 -2919.3 1 0
-0.0200525 0 -0.999799 0 0 1 0 0 0.999799 0 -0.0200525 0 -3554.23 0 -2919.3 1 0
-0.0200525 0 -0.999799 0 0 1 0 0 0.999799 0 -0.0200525 0 -3554.23 0 -2919.3 1 0
-0.0200525 0 -0.999799 0 0 1 0 0 0.999799 0 -0.0200525 0 -3554.23 0 -2919.3 1 0
-0.0200525 0 -0.999799 0 0 1 0 0 0.999799 0 -0.0200525 0 -3554.23 0 -2919.3 1 0
-0.0200525 0 -0.999799 0 0 1 0 0 0.999799 0 -0.0200525 0 -3554.23 0 -2919.3 1 0
-0.0200525 0 -0.999799 0 0 1 0 0 0.999799 0 -0.0200525 0 -3554.23 0 -2919.3 1 0
-0.0200525 0 -0.999799 0 0 1 0 0 0.999799 0 -0.0200525 0 -3554.23 0 -2919.3 1 0
-0.0200525 0 -0.999799 0 0 1 0 0 0.999799 0 -0.0200525 0 -3554.23 0 -2919.3 1 0
-0.0200525 0 -0.999799 0 0 1 0 0 0.999799 0 -0.0200525 0 -3554.23 0 -2919.3 1 0
-0.0200525 0 -0.999799 0 0 1 0 0 0.999799 0 -0.0200525 0 -3554.23 0 -2919.3 1 0
-0.0200525 0 -0.999799 0 0 1 0 0 0.999799 0 -0.0200525 0 -3554.23 0 -2919.3 1 0
-0.0200525 0 -0.999799 0 0 1 0 0 0.999799 0 -0.0200525 0 -3554.23 0 -2919.3 1 0
-0.0200525 0 -0.999799 0 0 1 0 0 0.999799 0 -0.0200525 0 -3554.23 0 -2919.3 1 0
-0.0200525 0 -0.999799 0 0 1 0 0 0.999799 0 -0.0200525 0 -3554.23 0 -2919.3 1 0
-0.0200525 0 -0.999799 0 0 1 0 0 0.999799 0 -0.0200525 0 -3554.23 0 -2919.3 1 0
-0.0200525 0 -0.999799 0 0 1 0 0 0.999799 0 -0.0200525 0 -3554.23 0 -2919.3 1 0
-0.0200525 0 -0.999799 0 0 1 0 0 0.999799 0 -0.0200525 0 -3554.23 0 -2919.3 1 0
-0.0200525 0 -0.999799 0 0 1 0 0 0.999799 0 -0.0200525 0 -3554.23 0 -2919.3 1 0
-0.0200525 0 -0.999799 0 0 1 0 0 0.999799 0 -0.0200525 0 -3554.23 0 -2919.3 1 0
-0.0200525 0 -0.999799 0 0 1 0 0 0.999799 0 -0.0200525 0 -3554.23 0 -2919.3 1 0
-0.0200525 0 -0.999799 0 0 1 0 0 0.999799 0 -0.0200525 0 -3554.23 0 -2919.3 1 0
-0.0200525 0 -0.999799 0 0 1 0 0 0.999799 0 -0.0200525 0 -3554.23 0 -2919.3 1 0
-0.0200525 0 -0.999799 0 0 1 0 0 0.999799 0 -0.0200525 0 -3554.23 0 -2919.3 1 0
-0.0200525 0 -0.999799 0 0 1 0 0 0.999799 0 -0.0200525 0 -3554.23 0 -2919.3 1 0
-0.0200525 0 -0.999799 0 0 1 0 0 0.999799 0 -0.0200525 0 -3554.23 0 -2919.3 1 0
-0.0200525 0 -0.999799 0 0 1 0 0 0.999799 0 -0.0200525 0 -3554.23 0 -2919.3 1 0
-0.0200525 0 -0.999799 0 0 1 0 0 0.999799 0 -0.0200525 0 -3554.23 0 -2919.3 1 0
-0.0200525 0 -0.999799 0 0 1 0 0 0.999799 0 -0.0200525 0 -3554.23 0 -2919.3 1 0
-0.0200525 0 -0.999799 0 0 1 0 0 0.999799 0 -0.0200525 0 -3554.23 0 -2919.3 1 0
-0.0200525 0 -0.999799 0 0 1 0 0 0.999799 0 -0.0200525 0 -3554.23 0 -2919.3 1 0
-0.0200525 0 -0.999799 0 0 1 0 0 0.999799 0 -0.0200525 0 -3554.23 0 -2919.3 1 0
-0.0200525 0 -0.999799 0 0 1 0 0 0.999799 0 -0.0200525 0 -3554.23 0 -2919.3 1 0
-0.0200525 0 -0.999799 0 0 1 0 0 0.999799 0 -0.0200525 0 -3554.23 0 -2919.3 1 0
-0.0200525 0 -0.999799 0 0 1 0 0 0.999799 0 -0.0200525 0 -3554.23 0 -2919.3 1 0
-0.0200525 0 -0.999799 0 0 1 0 0 0.999799 0 -0.0200525 0 -3554.23 0 -2919.3 1 0
-0.0200525 0 -0.999799 0 0 1 0 0 0.999799 0 -0.0200525 0 -3554.23 0 -2919.3 1 0
-0.0200525 0 -0.999799 0 0 1 0 0 0.999799 0 -0.0200525 0 -3554.23 0 -2919.3 1 0
-0.0200525 0 -0.999799 0 0 1 0 0 0.999799 0 -0.0200525 0 -3554.23 0 -2919.3 1 0
-0.0200525 0 -0.999799 0 0 1 0 0 0.999799 0 -0.0200525 0 -3554.23 0 -2919.3 1 0
-0.0200525 0 -0.999799 0 0 1 0 0 0.999799 0 -0.0200525 0 -3554.23 0 -2919.3 1 0
-0.0200525 0 -0.999799 0 0 1 0 0 0.999799 0 -0.0200525 0 -3554.23 0 -2919.3 1 0
-0.0200525 0 -0.999799 0 0 1 0 0 0.999799 0 -0.0200525 0 -3554.23 0 -2919.3 1 0
-0.0200525 0 -0.999799 0 0 1 0 0 0.999799 0 -0.0200525 0 -3554.23 0 -2919.3 1 0
-0.0200525 0 -0.999799 0 0 1 0 0 0.999799 0 -0.0200525 0 -3554.23 0 -2919.3 1 0
-0.0200525 0 -0.999799 0 0 1 0 0 0.999799 0 -0.0200525 0 -3554.23 0 -2919.3 1 0
-0.0200525 0 -0.999799 0 0 1 0 0 0.999799 0 -0.0200525 0 -3554.23 0 -2919.3 1 0
-0.0200525 0 -0.999799 0 0 1 0 0 0.999799 0 -0.0200525 0 -3554.23 0 -2919.3 1 0
-0.0200525 0 -0.999799 0 0 1 0 0 0.999799 0 -0.0200525 0 -3554.23 0 -2919.3 1 0
-0.0200525 0 -0.999799 0 0 1 0 0 0.999799 0 -0.0200525 0 -3554.23 0 -2919.3 1 0
-0.0200525 0 -0.999799 0 0 1 0 0 0.999799 0 -0.0200525 0 -3554.23 0 -2919.3 1 0
-0.0200525 0 -0.999799 0 0 1 0 0 0.999799 0 -0.0200525 0 -3554.23 0 -2919.3 1 0
-0.0200525 0 -0.999799 0 0 1 0 0 0.999799 0 -0.0200525 0 -3554.23 0 -2919.3 1 0
-0.0200525 0 -0.999799 0 0 1 0 0 0.999799 0 -0.0200525 0 -3554.23 0 -2919.3 1 0
-0.0200525 0 -0.999799 0 0 1 0 0 0.999799 0 -0.0200525 0 -3554.23 0 -2919.3 1 0
-0.0200525 0 -0.999799 0 0 1 0 0 0.999799 0 -0.0200525 0 -3554.23 0 -2919.3 1 0
-0.0200525 0 -0.999799 0 0 1 0 0 0.999799 0 -0.0200525 0 -3554.23 0 -2919.3 1 0
-0.0200525 0 -0.999799 0 0 1 0 0 0.999799 0 -0.0200525 0 -3554.23 0 -2919.3 1 0
-0.0200525 0 -0.999799 0 0 1 0 0 0.999799 0 -0.0200525 0 -3554.23 0 -2919.3 1 0
-0.0200525 0 -0.999799 0 0 1 0 0 0.999799 0 -0.0200525 0 -3554.23 0 -2919.3 1 0
-0.0200525 0 -0.999799 0 0 1 0 0 0.999799 0 -0.0200525 0 -3554.23 0 -2919.3 1 0
-0.0200525 0 -0.999799 0 0 1 0 0 0.999799 0 -0.0200525 0 -3554.23 0 -2919.3 1 0
-0.0200525 0 -0.999799 0 0 1 0 0 0.999799 0 -0.0200525 0 -3554.23 0 -2919.3 1 0
-0.0200525 0 -0.999799 0 0 1 0 0 0.999799 0 -0.0200525 0 -3554.23 0 -2919.3 1 0
-0.0200525 0 -0.999799 0 0 1 0 0 0.999799 0 -0.0200525 0 -3554.23 0 -2919.3 1 0
-0.0200525 0 -0.999799 0 0 1 0 0 0.999799 0 -0.0200525 0 -3554.23 0 -2919.3 1 0
-0.0200525 0 -0.999799 0 0 1 0 0 0.999799 0 -0.0200525 0 -3554.23 0 -2919.3 1 0
-0.0200525 0 -0.999799 0 0 1 0 0 0.999799 0 -0.0200525 0 -3554.23 0 -2919.3 1 0
-0.0200525 0 -0.999799 0 0 1 0 0 0.999799 0 -0.0200525 0 -3554.23 0 -2919.3 1 0
-0.0200525 0 -0.999799 0 0 1 0 0 0.999799 0 -0.0200525 0 -3554.23 0 -2919.3 1 0
-0.0200525 0 -0.999799 0 0 1 0 0 0.999799 0 -0.0200525 0 -3554.23 0 -2919.3 1 0
-0.0200525 0 -0.999799 0 0 1 0 0 0.999799 0 -0.0200525 0 -3554.23 0 -2919.3 1 0
-0.0200525 0 -0.999799 0 0 1 0 0 0.999799 0 -0.0200525 0 -3554.23 0 -2919.3 1 0
-0.118913 0.0914898 -0.988681 0 -0.0413813 0.994424 0.0969984 0 0.992042 0.0524473 -0.114464 0 -4602.63 211.306 -1333.45 1 1
-0.126269 0.0945057 -0.987484 0 -0.0364564 0.994337 0.0998232 0 0.991326 0.0486047 -0.122108 0 -4602.52 218.009 -1416.42 1 1
-0.126269 0.0945057 -0.987484 0 -0.0364564 0.994337 0.0998232 0 0.991326 0.0486047 -0.122108 0 -4602.52 218.009 -1416.42 1 2
-0.126269 0.0945057 -0.987484 0 -0.0364564 0.994337 0.0998232 0 0.991326 0.0486047 -0.122108 0 -4602.52 218.009 -1416.42 1 2
-0.126269 0.0945057 -0.987484 0 -0.0364564 0.994337 0.0998232 0 0.991326 0.0486047 -0.122108 0 -4602.52 218.009 -1416.42 1 2
-0.126269 0.0945057 -0.987484 0 -0.0364564 0.994337 0.0998232 0 0.991326 0.0486047 -0.122108 0 -4602.52 218.009 -1416.42 1 2
-0.126269 0.0945057 -0.987484 0 -0.0364564 0.994337 0.0998232 0 0.991326 0.0486047 -0.122108 0 -4602.52 218.009 -1416.42 1 2
-0.126269 0.0945057 -0.987484 0 -0.0364564 0.994337 0.0998232 0 0.991326 0.0486047 -0.122108 0 -4602.52 218.009 -1416.42 1 2
-0.126269 0.0945057 -0.987484 0 -0.0364564 0.994337 0.0998232 0 0.991326 0.0486047 -0.122108 0 -4602.52 218.009 -1416.42 1 2
-0.126269 0.0945057 -0.987484 0 -0.0364564 0.994337 0.0998232 0 0.991326 0.0486047 -0.122108 0 -4602.52 218.009 -1416.42 1 2
-0.126269 0.0945057 -0.987484 0 -0.0364564 0.994337 0.0998232 0 0.991326 0.0486047 -0.122108 0 -4602.52 218.009 -1416.42 1 2
-0.126269 0.0945057 -0.987484 0 -0.0364564 0.994337 0.0998232 0 0.991326 0.0486047 -0.122108 0 -4602.52 218.009 -1416.42 1 2
-0.126269 0.0945057 -0.987484 0 -0.0364564 0.994337 0.0998232 0 0.991326 0.0486047 -0.122108 0 -4602.52 218.009 -1416.42 1 2
-0.126269 0.0945057 -0.987484 0 -0.0364564 0.994337 0.0998232 0 0.991326 0.0486047 -0.122108 0 -4602.52 218.009 -1416.42 1 2
-0.126269 0.0945057 -0.987484 0 -0.0364564 0.994337 0.0998232 0 0.991326 0.0486047 -0.122108 0 -4602.52 218.009 -1416.42 1 2
-0.126269 0.0945057 -0.987484 0 -0.0364564 0.994337 0.0998232 0 0.991326 0.0486047 -0.122108 0 -4602.52 218.009 -1416.42 1 2
-0.126269 0.0945057 -0.987484 0 -0.0364564 0.994337 0.0998232 0 0.991326 0.0486047 -0.122108 0 -4602.52 218.009 -1416.42 1 2
-0.126269 0.0945057 -0.987484 0 -0.0364564 0.994337 0.0998232 0 0.991326 0.0486047 -0.122108 0 -4602.52 218.009 -1416.42 1 2
-0.126269 0.0945057 -0.987484 0 -0.0364564 0.994337 0.0998232 0 0.991326 0.0486047 -0.122108 0 -4602.52 218.009 -1416.42 1 2
-0.126269 0.0945057 -0.987484 0 -0.0364564 0.994337 0.0998232 0 0.991326 0.0486047 -0.122108 0 -4602.52 218.009 -1416.42 1 2
-0.126269 0.0945057 -0.987484 0 -0.0364564 0.994337 0.0998232 0 0.991326 0.0486047 -0.122108 0 -4602.52 218.009 -1416.42 1 2
-0.126269 0.0945057 -0.987484 0 -0.0364564 0.994337 0.0998232 0 0.991326 0.0486047 -0.122108 0 -4602.52 218.009 -1416.42 1 2
-0.126269 0.0945057 -0.987484 0 -0.0364564 0.994337 0.0998232 0 0.991326 0.0486047 -0.122108 0 -4602.52 218.009 -1416.42 1 2
-0.126269 0.0945057 -0.987484 0 -0.0364564 0.994337 0.0998232 0 0.991326 0.0486047 -0.122108 0 -4602.52 218.009 -1416.42 1 2
-0.126269 0.0945057 -0.987484 0 -0.0364564 0.994337 0.0998232 0 0.991326 0.0486047 -0.122108 0 -4602.52 218.009 -1416.42 1 2
-0.126269 0.0945057 -0.987484 0 -0.0364564 0.994337 0.0998232 0 0.991326 0.0486047 -0.122108 0 -4602.52 218.009 -1416.42 1 2
-0.126269 0.0945057 -0.987484 0 -0.0364564 0.994337 0.0998232 0 0.991326 0.0486047 -0.122108 0 -4602.52 218.009 -1416.42 1 2
-0.126269 0.0945057 -0.987484 0 -0.0364564 0.994337 0.0998232 0 0.991326 0.0486047 -0.122108 0 -4602.52 218.009 -1416.42 1 2
-0.126269 0.0945057 -0.987484 0 -0.0364564 0.994337 0.0998232 0 0.991326 0.0486047 -0.122108 0 -4602.52 218.009 -1416.42 1 2
-0.126269 0.0945057 -0.987484 0 -0.0364564 0.994337 0.0998232 0 0.991326 0.0486047 -0.122108 0 -4602.52 218.009 -1416.42 1 2
-0.126269 0.0945057 -0.987484 0 -0.0364564 0.994337 0.0998232 0 0.991326 0.0486047 -0.122108 0 -4602.52 218.009 -1416.42 1 2
-0.126269 0.0945057 -0.987484 0 -0.0364564 0.994337 0.0998232 0 0.991326 0.0486047 -0.122108 0 -4602.52 218.009 -1416.42 1 2
-0.126269 0.0945057 -0.987484 0 -0.0364564 0.994337 0.0998232 0 0.991326 0.0486047 -0.122108 0 -4602.52 218.009 -1416.42 1 2
-0.126269 0.0945057 -0.987484 0 -0.0364564 0.994337 0.0998232 0 0.991326 0.0486047 -0.122108 0 -4602.52 218.009 -1416.42 1 2
-0.126269 0.0945057 -0.987484 0 -0.0364564 0.994337 0.0998232 0 0.991326 0.0486047 -0.122108 0 -4602.52 218.009 -1416.42 1 2
-0.126269 0.0945057 -0.987484 0 -0.0364564 0.994337 0.0998232 0 0.991326 0.0486047 -0.122108 0 -4602.52 218.009 -1416.42 1 2
-0.126269 0.0945057 -0.987484 0 -0.0364564 0.994337 0.0998232 0 0.991326 0.0486047 -0.122108 0 -4602.52 218.009 -1416.42 1 2
-0.126269 0.0945057 -0.987484 0 -0.0364564 0.994337 0.0998232 0 0.991326 0.0486047 -0.122108 0 -4602.52 218.009 -1416.42 1 2
-0.126269 0.0945057 -0.987484 0 -0.0364564 0.994337 0.0998232 0 0.991326 0.0486047 -0.122108 0 -4602.52 218.009 -1416.42 1 2
-0.126269 0.0945057 -0.987484 0 -0.0364564 0.994337 0.0998232 0 0.991326 0.0486047 -0.122108 0 -4602.52 218.009 -1416.42 1 2
-0.126269 0.0945057 -0.987484 0 -0.0364564 0.994337 0.0998232 0 0.991326 0.0486047 -0.122108 0 -4602.52 218.009 -1416.42 1 2
-0.126269 0.0945057 -0.987484 0 -0.0364564 0.994337 0.0998232 0 0.991326 0.0486047 -0.122108 0 -4602.52 218.009 -1416.42 1 2
-0.130887 0.10198 -0.986138 0 -0.0483433 0.992855 0.109092 0 0.990218 0.0619519 -0.125022 0 -4609.55 165.348 -1412.79 1 3
-0.134865 0.105464 -0.985235 0 -0.0570199 0.991846 0.113976 0 0.989222 0.0715494 -0.127752 0 -4616.43 115.672 -1408.92 1 3
-0.138294 0.106598 -0.984638 0 -0.0627059 0.991254 0.116122 0 0.988404 0.0778016 -0.1304 0 -4623.56 72.6885 -1405.71 1 3
-0.141674 0.105395 -0.984287 0 -0.0664196 0.991063 0.115681 0 0.987683 0.0817649 -0.133408 0 -4631.64 35.2038 -1401.44 1 3
-0.144634 0.102165 -0.984197 0 -0.0670713 0.991355 0.112765 0 0.987209 0.082321 -0.136531 0 -4640.81 7.08252 -1395.59 1 3
-0.147902 0.0983895 -0.984096 0 -0.0637045 0.992025 0.108757 0 0.986948 0.0787766 -0.140454 0 -4652.89 -3.66647 -1386.34 1 3
-0.151076 0.0913437 -0.984293 0 -0.0588665 0.993123 0.101198 0 0.986768 0.0732305 -0.14466 0 -4664.97 -13.497 -1374.62 1 3
-0.153994 0.0842398 -0.984474 0 -0.0535977 0.99418 0.0934542 0 0.986617 0.0671569 -0.148583 0 -4676.81 -16.613 -1362.34 1 3
-0.157146 0.0774465 -0.984534 0 -0.0482716 0.995126 0.0859846 0 0.986395 0.0610371 -0.152642 0 -4688.42 -13.84 -1348.73 1 3
-0.160419 0.0719227 -0.984425 0 -0.0429966 0.995886 0.0797667 0 0.986112 0.055123 -0.156667 0 -4699.74 -6.41815 -1334.46 1 3
-0.163478 0.0675713 -0.98423 0 -0.0386355 0.996448 0.0748274 0 0.98579 0.0502589 -0.160287 0 -4710.17 1.24639 -1321.65 1 3
-0.166344 0.0645305 -0.983954 0 -0.0350432 0.996839 0.0712998 0 0.985445 0.0463412 -0.163557 0 -4719.77 9.00856 -1310.68 1 3
-0.168715 0.0624142 -0.983687 0 -0.0322234 0.99711 0.0687926 0 0.985138 0.0433041 -0.166216 0 -4727.95 16.495 -1302.51 1 3
-0.171027 0.0614457 -0.983349 0 -0.030021 0.997265 0.0675366 0 0.984809 0.0410717 -0.168714 0 -4735.45 22.9544 -1295.48 1 3
-0.173505 0.0605853 -0.982968 0 -0.0284126 0.997383 0.0664889 0 0.984423 0.0394648 -0.17133 0 -4742.59 27.1514 -1287.64 1 3
-0.176039 0.0601707 -0.982543 0 -0.0271329 0.997454 0.0659452 0 0.984009 0.0382681 -0.173958 0 -4749.18 30.899 -1279.23 1 3
-0.178648 0.0597843 -0.982095 0 -0.0258285 0.997523 0.0654219 0 0.983574 0.0370536 -0.176662 0 -4755.53 34.448 -1269.94 1 3
-0.1811 0.0592804 -0.981676 0 -0.0249148 0.997585 0.0648373 0 0.983149 0.0362003 -0.179186 0 -4761.49 36.7235 -1260.01 1 3
-0.183172 0.0588846 -0.981316 0 -0.0239804 0.99764 0.0643403 0 0.982788 0.0353176 -0.181327 0 -4766.78 39.5758 -1250.69 1 3
-0.184851 0.058566 -0.98102 0 -0.0231313 0.997687 0.0639195 0 0.982494 0.0345078 -0.183068 0 -4771.5 42.0717 -1242.84 1 3
-0.186248 0.0582735 -0.980773 0 -0.0222601 0.997733 0.0635084 0 0.982251 0.0336604 -0.184529 0 -4775.56 44.1268 -1236.35 1 3
-0.187407 0.0581312 -0.980561 0 -0.0217234 0.997758 0.0633025 0 0.982042 0.0331644 -0.185724 0 -4778.97 45.553 -1231.56 1 3
-0.188409 0.0581773 -0.980366 0 -0.0212642 0.997768 0.0632966 0 0.981861 0.0327723 -0.186751 0 -4782.05 47.1945 -1227.6 1 3
-0.189057 0.0582719 -0.980236 0 -0.0209098 0.997772 0.0633473 0 0.981743 0.0324728 -0.187417 0 -4784.44 48.4612 -1225.38 1 3
-0.189709 0.0584199 -0.980101 0 -0.0205314 0.997774 0.0634473 0 0.981626 0.0321593 -0.188087 0 -4786.55 49.981 -1223.74 1 3
-0.190297 0.058643 -0.979974 0 -0.0200738 0.997773 0.0636062 0 0.981521 0.0317759 -0.188696 0 -4788.5 51.769 -1222.54 1 3
-0.190801 0.0588511 -0.979863 0 -0.0196565 0.997772 0.0637543 0 0.981432 0.0314251 -0.189219 0 -4790.36 53.3566 -1221.64 1 3
-0.191323 0.0589958 -0.979753 0 -0.01921 0.997776 0.0638323 0 0.981339 0.0310336 -0.189764 0 -4792.06 55.2761 -1220.88 1 3
-0.191954 0.0592108 -0.979616 0 -0.0188433 0.997772 0.0640005 0 0.981223 0.0307444 -0.190411 0 -4793.74 56.7222 -1219.72 1 3
-0.192571 0.0591687 -0.979497 0 -0.0187308 0.997777 0.0639555 0 0.981104 0.0306627 -0.191035 0 -4795.21 57.0373 -1218.74 1 3
-0.193095 0.0591326 -0.979397 0 -0.0186789 0.99778 0.0639252 0 0.981002 0.0306377 -0.191562 0 -4796.54 57.1215 -1218.11 1 3
-0.193567 0.0592529 -0.979296 0 -0.0185669 0.997775 0.0640409 0 0.980911 0.0305787 -0.192036 0 -4797.78 57.4279 -1217.97 1 3
-0.194042 0.0593449 -0.979196 0 -0.0185157 0.997769 0.0641396 0 0.980818 0.0305763 -0.192511 0 -4798.93 57.3494 -1217.99 1 3
-0.194443 0.0593226 -0.979118 0 -0.0185156 0.99777 0.0641296 0 0.980739 0.0305985 -0.192911 0 -4799.97 57.051 -1218.25 1 3
-0.194774 0.0593159 -0.979053 0 -0.0185101 0.99777 0.0641323 0 0.980673 0.0306137 -0.193242 0 -4800.88 56.876 -1218.72 1 3
-0.195119 0.0603122 -0.978923 0 -0.0188671 0.997692 0.0652291 0 0.980598 0.0311969 -0.193531 0 -4803.11 56.87 -1221.05 1 3
-0.19536 0.0610841 -0.978827 0 -0.0189626 0.997637 0.0660426 0 0.980548 0.0314632 -0.19374 0 -4804.75 57.4282 -1223.14 1 3
-0.195693 0.0615982 -0.978729 0 -0.0190592 0.997598 0.0665965 0 0.98048 0.0316863 -0.194048 0 -4806.21 57.7584 -1224.29 1 3
-0.196037 0.0618762 -0.978642 0 -0.0190647 0.997578 0.0668924 0 0.980411 0.0317709 -0.194382 0 -4807.5 58.0711 -1224.82 1 3
-0.196368 0.0621197 -0.978561 0 -0.0189975 0.997563 0.0671382 0 0.980346 0.031774 -0.194709 0 -4808.67 58.5163 -1224.82 1 3
-0.196717 0.0623371 -0.978477 0 -0.0189332 0.997549 0.0673586 0 0.980278 0.0317762 -0.195054 0 -4809.71 58.7652 -1224.6 1 3
-0.197053 0.0624544 -0.978401 0 -0.0189319 0.99754 0.067489 0 0.98021 0.0318219 -0.195386 0 -4810.68 58.7929 -1224.43 1 3
-0.197398 0.0625305 -0.978327 0 -0.0189255 0.997535 0.0675768 0 0.980141 0.0318549 -0.195728 0 -4811.58 58.71 -1223.99 1 3
-0.197616 0.0625781 -0.97828 0 -0.0189297 0.997531 0.0676333 0 0.980097 0.031884 -0.195943 0 -4812.29 58.5743 -1223.73 1 3
-0.197801 0.0626086 -0.978241 0 -0.0189624 0.997527 0.0676772 0 0.980059 0.0319364 -0.196124 0 -4812.85 58.4153 -1223.61 1 3
