0.212894 0 -0.977075 0 0 1 0 0 0.977075 0 0.212894 0 -2383.7 0 -1763.27 1 0
0.212894 0 -0.977075 0 0 1 0 0 0.977075 0 0.212894 0 -2383.7 0 -1763.27 1 0
0.212894 0 -0.977075 0 0 1 0 0 0.977075 0 0.212894 0 -2383.7 0 -1763.27 1 0
0.212894 0 -0.977075 0 0 1 0 0 0.977075 0 0.212894 0 -2383.7 0 -1763.27 1 0
0.212894 0 -0.977075 0 0 1 0 0 0.977075 0 0.212894 0 -2383.7 0 -1763.27 1 0
0.212894 0 -0.977075 0 0 1 0 0 0.977075 0 0.212894 0 -2383.7 0 -1763.27 1 0
0.212894 0 -0.977075 0 0 1 0 0 0.977075 0 0.212894 0 -2383.7 0 -1763.27 1 0
0.212894 0 -0.977075 0 0 1 0 0 0.977075 0 0.212894 0 -2383.7 0 -1763.27 1 0
0.212894 0 -0.977075 0 0 1 0 0 0.977075 0 0.212894 0 -2383.7 0 -1763.27 1 0
0.212894 0 -0.977075 0 0 1 0 0 0.977075 0 0.212894 0 -2383.7 0 -1763.27 1 0
0.212894 0 -0.977075 0 0 1 0 0 0.977075 0 0.212894 0 -2383.7 0 -1763.27 1 0
0.212894 0 -0.977075 0 0 1 0 0 0.977075 0 0.212894 0 -2383.7 0 -1763.27 1 0
0.212894 0 -0.977075 0 0 1 0 0 0.977075 0 0.212894 0 -2383.7 0 -1763.27 1 0
0.212894 0 -0.977075 0 0 1 0 0 0.977075 0 0.212894 0 -2383.7 0 -1763.27 1 0
0.212894 0 -0.977075 0 0 1 0 0 0.977075 0 0.212894 0 -2383.7 0 -1763.27 1 0
0.212894 0 -0.977075 0 0 1 0 0 0.977075 0 0.212894 0 -2383.7 0 -1763.27 1 0
0.212894 0 -0.977075 0 0 1 0 0 0.977075 0 0.212894 0 -2383.7 0 -1763.27 1 0
0.212894 0 -0.977075 0 0 1 0 0 0.977075 0 0.212894 0 -2383.7 0 -1763.27 1 0
0.212894 0 -0.977075 0 0 1 0 0 0.977075 0 0.212894 0 -2383.7 0 -1763.27 1 0
0.212894 0 -0.977075 0 0 1 0 0 0.977075 0 0.212894 0 -2383.7 0 -1763.27 1 0
0.212894 0 -0.977075 0 0 1 0 0 0.977075 0 0.212894 0 -2383.7 0 -1763.27 1 0
0.212894 0 -0.977075 0 0 1 0 0 0.977075 0 0.212894 0 -2383.7 0 -1763.27 1 0
0.212894 0 -0.977075 0 0 1 0 0 0.977075 0 0.212894 0 -2383.7 0 -1763.27 1 0
0.212894 0 -0.977075 0 0 1 0 0 0.977075 0 0.212894 0 -2383.7 0 -1763.27 1 0
0.212894 0 -0.977075 0 0 1 0 0 0.977075 0 0.212894 0 -2383.7 0 -1763.27 1 0
0.212894 0 -0.977075 0 0 1 0 0 0.977075 0 0.212894 0 -2383.7 0 -1763.27 1 0
0.212894 0 -0.977075 0 0 1 0 0 0.977075 0 0.212894 0 -2383.7 0 -1763.27 1 0
0.212894 0 -0.977075 0 0 1 0 0 0.977075 0 0.212894 0 -2383.7 0 -1763.27 1 0
0.212894 0 -0.977075 0 0 1 0 0 0.977075 0 0.212894 0 -2383.7 0 -1763.27 1 0
0.212894 0 -0.977075 0 0 1 0 0 0.977075 0 0.212894 0 -2383.7 0 -1763.27 1 0
0.212894 0 -0.977075 0 0 1 0 0 0.977075 0 0.212894 0 -2383.7 0 -1763.27 1 0
0.212894 0 -0.977075 0 0 1 0 0 0.977075 0 0.212894 0 -2383.7 0 -1763.27 1 0
0.212894 0 -0.977075 0 0 1 0 0 0.977075 0 0.212894 0 -2383.7 0 -1763.27 1 0
0.212894 0 -0.977075 0 0 1 0 0 0.977075 0 0.212894 0 -2383.7 0 -1763.27 1 0
0.212894 0 -0.977075 0 0 1 0 0 0.977075 0 0.212894 0 -2383.7 0 -1763.27 1 0
0.212894 0 -0.977075 0 0 1 0 0 0.977075 0 0.212894 0 -2383.7 0 -1763.27 1 0
0.212894 0 -0.977075 0 0 1 0 0 0.977075 0 0.212894 0 -2383.7 0 -1763.27 1 0
0.212894 0 -0.977075 0 0 1 0 0 0.977075 0 0.212894 0 -2383.7 0 -1763.27 1 0
0.212894 0 -0.977075 0 0 1 0 0 0.977075 0 0.212894 0 -2383.7 0 -1763.27 1 0
0.212894 0 -0.977075 0 0 1 0 0 0.977075 0 0.212894 0 -2383.7 0 -1763.27 1 0
0.212894 0 -0.977075 0 0 1 0 0 0.977075 0 0.212894 0 -2383.7 0 -1763.27 1 0
0.212894 0 -0.977075 0 0 1 0 0 0.977075 0 0.212894 0 -2383.7 0 -1763.27 1 0
0.212894 0 -0.977075 0 0 1 0 0 0.977075 0 0.212894 0 -2383.7 0 -1763.27 1 0
0.212894 0 -0.977075 0 0 1 0 0 0.977075 0 0.212894 0 -2383.7 0 -1763.27 1 0
0.212894 0 -0.977075 0 0 1 0 0 0.977075 0 0.212894 0 -2383.7 0 -1763.27 1 0
0.212894 0 -0.977075 0 0 1 0 0 0.977075 0 0.212894 0 -2383.7 0 -1763.27 1 0
0.212894 0 -0.977075 0 0 1 0 0 0.977075 0 0.212894 0 -2383.7 0 -1763.27 1 0
0.212894 0 -0.977075 0 0 1 0 0 0.977075 0 0.212894 0 -2383.7 0 -1763.27 1 0
0.212894 0 -0.977075 0 0 1 0 0 0.977075 0 0.212894 0 -2383.7 0 -1763.27 1 0
0.212894 0 -0.977075 0 0 1 0 0 0.977075 0 0.212894 0 -2383.7 0 -1763.27 1 0
0.212894 0 -0.977075 0 0 1 0 0 0.977075 0 0.212894 0 -2383.7 0 -1763.27 1 0
0.212894 0 -0.977075 0 0 1 0 0 0.977075 0 0.212894 0 -2383.7 0 -1763.27 1 0
0.212894 0 -0.977075 0 0 1 0 0 0.977075 0 0.212894 0 -2383.7 0 -1763.27 1 0
0.212894 0 -0.977075 0 0 1 0 0 0.977075 0 0.212894 0 -2383.7 0 -1763.27 1 0
0.212894 0 -0.977075 0 0 1 0 0 0.977075 0 0.212894 0 -2383.7 0 -1763.27 1 0
0.212894 0 -0.977075 0 0 1 0 0 0.977075 0 0.212894 0 -2383.7 0 -1763.27 1 0
0.212894 0 -0.977075 0 0 1 0 0 0.977075 0 0.212894 0 -2383.7 0 -1763.27 1 0
0.212894 0 -0.977075 0 0 1 0 0 0.977075 0 0.212894 0 -2383.7 0 -1763.27 1 0
0.212894 0 -0.977075 0 0 1 0 0 0.977075 0 0.212894 0 -2383.7 0 -1763.27 1 0
0.212894 0 -0.977075 0 0 1 0 0 0.977075 0 0.212894 0 -2383.7 0 -1763.27 1 0
0.212894 0 -0.977075 0 0 1 0 0 0.977075 0 0.212894 0 -2383.7 0 -1763.27 1 0
0.212894 0 -0.977075 0 0 1 0 0 0.977075 0 0.212894 0 -2383.7 0 -1763.27 1 0
0.212894 0 -0.977075 0 0 1 0 0 0.977075 0 0.212894 0 -2383.7 0 -1763.27 1 0
0.212894 0 -0.977075 0 0 1 0 0 0.977075 0 0.212894 0 -2383.7 0 -1763.27 1 0
0.212894 0 -0.977075 0 0 1 0 0 0.977075 0 0.212894 0 -2383.7 0 -1763.27 1 0
0.212894 0 -0.977075 0 0 1 0 0 0.977075 0 0.212894 0 -2383.7 0 -1763.27 1 0
0.212894 0 -0.977075 0 0 1 0 0 0.977075 0 0.212894 0 -2383.7 0 -1763.27 1 0
0.212894 0 -0.977075 0 0 1 0 0 0.977075 0 0.212894 0 -2383.7 0 -1763.27 1 0
0.212894 0 -0.977075 0 0 1 0 0 0.977075 0 0.212894 0 -2383.7 0 -1763.27 1 0
0.212894 0 -0.977075 0 0 1 0 0 0.977075 0 0.212894 0 -2383.7 0 -1763.27 1 0
0.212894 0 -0.977075 0 0 1 0 0 0.977075 0 0.212894 0 -2383.7 0 -1763.27 1 0
0.212894 0 -0.977075 0 0 1 0 0 0.977075 0 0.212894 0 -2383.7 0 -1763.27 1 0
0.212894 0 -0.977075 0 0 1 0 0 0.977075 0 0.212894 0 -2383.7 0 -1763.27 1 0
0.212894 0 -0.977075 0 0 1 0 0 0.977075 0 0.212894 0 -2383.7 0 -1763.27 1 0
0.212894 0 -0.977075 0 0 1 0 0 0.977075 0 0.212894 0 -2383.7 0 -1763.27 1 0
0.212894 0 -0.977075 0 0 1 0 0 0.977075 0 0.212894 0 -2383.7 0 -1763.27 1 0
0.212894 0 -0.977075 0 0 1 0 0 0.977075 0 0.212894 0 -2383.7 0 -1763.27 1 0
0.212894 0 -0.977075 0 0 1 0 0 0.977075 0 0.212894 0 -2383.7 0 -1763.27 1 0
0.212894 0 -0.977075 0 0 1 0 0 0.977075 0 0.212894 0 -2383.7 0 -1763.27 1 0
0.212894 0 -0.977075 0 0 1 0 0 0.977075 0 0.212894 0 -2383.7 0 -1763.27 1 0
0.212894 0 -0.977075 0 0 1 0 0 0.977075 0 0.212894 0 -2383.7 0 -1763.27 1 0
0.212894 0 -0.977075 0 0 1 0 0 0.977075 0 0.212894 0 -2383.7 0 -1763.27 1 0
0.212894 0 -0.977075 0 0 1 0 0 0.977075 0 0.212894 0 -2383.7 0 -1763.27 1 0
0.212894 0 -0.977075 0 0 1 0 0 0.977075 0 0.212894 0 -2383.7 0 -1763.27 1 0
0.212894 0 -0.977075 0 0 1 0 0 0.977075 0 0.212894 0 -2383.7 0 -1763.27 1 0
0.212894 0 -0.977075 0 0 1 0 0 0.977075 0 0.212894 0 -2383.7 0 -1763.27 1 0
0.212894 0 -0.977075 0 0 1 0 0 0.977075 0 0.212894 0 -2383.7 0 -1763.27 1 0
0.212894 0 -0.977075 0 0 1 0 0 0.977075 0 0.212894 0 -2383.7 0 -1763.27 1 0
0.212894 0 -0.977075 0 0 1 0 0 0.977075 0 0.212894 0 -2383.7 0 -1763.27 1 0
0.212894 0 -0.977075 0 0 1 0 0 0.977075 0 0.212894 0 -2383.7 0 -1763.27 1 0
0.212894 0 -0.977075 0 0 1 0 0 0.977075 0 0.212894 0 -2383.7 0 -1763.27 1 0
0.212894 0 -0.977075 0 0 1 0 0 0.977075 0 0.212894 0 -2383.7 0 -1763.27 1 0
0.212894 0 -0.977075 0 0 1 0 0 0.977075 0 0.212894 0 -2383.7 0 -1763.27 1 0
0.212894 0 -0.977075 0 0 1 0 0 0.977075 0 0.212894 0 -2383.7 0 -1763.27 1 0
0.212894 0 -0.977075 0 0 1 0 0 0.977075 0 0.212894 0 -2383.7 0 -1763.27 1 0
0.212894 0 -0.977075 0 0 1 0 0 0.977075 0 0.212894 0 -2383.7 0 -1763.27 1 0
0.212894 0 -0.977075 0 0 1 0 0 0.977075 0 0.212894 0 -2383.7 0 -1763.27 1 0
0.212894 0 -0.977075 0 0 1 0 0 0.977075 0 0.212894 0 -2383.7 0 -1763.27 1 0
0.212894 0 -0.977075 0 0 1 0 0 0.977075 0 0.212894 0 -2383.7 0 -1763.27 1 0
0.212894 0 -0.977075 0 0 1 0 0 0.977075 0 0.212894 0 -2383.7 0 -1763.27 1 0
0.0528703 0.0741628 -0.995844 0 -0.0280618 0.996955 0.0727557 0 0.998207 0.0240986 0.0547905 0 -3022.17 205.733 -867.589 1 1
0.049892 0.0806304 -0.995495 0 -0.0281941 0.996452 0.079295 0 0.998357 0.0241109 0.0519883 0 -3001.08 209.641 -939.992 1 1
0.049892 0.0806304 -0.995495 0 -0.0281941 0.996452 0.079295 0 0.998357 0.0241109 0.0519883 0 -3001.08 209.641 -939.992 1 2
0.049892 0.0806304 -0.995495 0 -0.0281941 0.996452 0.079295 0 0.998357 0.0241109 0.0519883 0 -3001.08 209.641 -939.992 1 2
0.049892 0.0806304 -0.995495 0 -0.0281941 0.996452 0.079295 0 0.998357 0.0241109 0.0519883 0 -3001.08 209.641 -939.992 1 2
0.049892 0.0806304 -0.995495 0 -0.0281941 0.996452 0.079295 0 0.998357 0.0241109 0.0519883 0 -3001.08 209.641 -939.992 1 2
0.049892 0.0806304 -0.995495 0 -0.0281941 0.996452 0.079295 0 0.998357 0.0241109 0.0519883 0 -3001.08 209.641 -939.992 1 2
0.049892 0.0806304 -0.995495 0 -0.0281941 0.996452 0.079295 0 0.998357 0.0241109 0.0519883 0 -3001.08 209.641 -939.992 1 2
0.049892 0.0806304 -0.995495 0 -0.0281941 0.996452 0.079295 0 0.998357 0.0241109 0.0519883 0 -3001.08 209.641 -939.992 1 2
0.049892 0.0806304 -0.995495 0 -0.0281941 0.996452 0.079295 0 0.998357 0.0241109 0.0519883 0 -3001.08 209.641 -939.992 1 2
0.049892 0.0806304 -0.995495 0 -0.0281941 0.996452 0.079295 0 0.998357 0.0241109 0.0519883 0 -3001.08 209.641 -939.992 1 2
0.049892 0.0806304 -0.995495 0 -0.0281941 0.996452 0.079295 0 0.998357 0.0241109 0.0519883 0 -3001.08 209.641 -939.992 1 2
0.049892 0.0806304 -0.995495 0 -0.0281941 0.996452 0.079295 0 0.998357 0.0241109 0.0519883 0 -3001.08 209.641 -939.992 1 2
0.049892 0.0806304 -0.995495 0 -0.0281941 0.996452 0.079295 0 0.998357 0.0241109 0.0519883 0 -3001.08 209.641 -939.992 1 2
0.049892 0.0806304 -0.995495 0 -0.0281941 0.996452 0.079295 0 0.998357 0.0241109 0.0519883 0 -3001.08 209.641 -939.992 1 2
0.049892 0.0806304 -0.995495 0 -0.0281941 0.996452 0.079295 0 0.998357 0.0241109 0.0519883 0 -3001.08 209.641 -939.992 1 2
0.049892 0.0806304 -0.995495 0 -0.0281941 0.996452 0.079295 0 0.998357 0.0241109 0.0519883 0 -3001.08 209.641 -939.992 1 2
0.049892 0.0806304 -0.995495 0 -0.0281941 0.996452 0.079295 0 0.998357 0.0241109 0.0519883 0 -3001.08 209.641 -939.992 1 2
0.049892 0.0806304 -0.995495 0 -0.0281941 0.996452 0.079295 0 0.998357 0.0241109 0.0519883 0 -3001.08 209.641 -939.992 1 2
0.049892 0.0806304 -0.995495 0 -0.0281941 0.996452 0.079295 0 0.998357 0.0241109 0.0519883 0 -3001.08 209.641 -939.992 1 2
0.049892 0.0806304 -0.995495 0 -0.0281941 0.996452 0.079295 0 0.998357 0.0241109 0.0519883 0 -3001.08 209.641 -939.992 1 2
0.049892 0.0806304 -0.995495 0 -0.0281941 0.996452 0.079295 0 0.998357 0.0241109 0.0519883 0 -3001.08 209.641 -939.992 1 2
0.049892 0.0806304 -0.995495 0 -0.0281941 0.996452 0.079295 0 0.998357 0.0241109 0.0519883 0 -3001.08 209.641 -939.992 1 2
0.049892 0.0806304 -0.995495 0 -0.0281941 0.996452 0.079295 0 0.998357 0.0241109 0.0519883 0 -3001.08 209.641 -939.992 1 2
0.049892 0.0806304 -0.995495 0 -0.0281941 0.996452 0.079295 0 0.998357 0.0241109 0.0519883 0 -3001.08 209.641 -939.992 1 2
0.049892 0.0806304 -0.995495 0 -0.0281941 0.996452 0.079295 0 0.998357 0.0241109 0.0519883 0 -3001.08 209.641 -939.992 1 2
0.049892 0.0806304 -0.995495 0 -0.0281941 0.996452 0.079295 0 0.998357 0.0241109 0.0519883 0 -3001.08 209.641 -939.992 1 2
0.049892 0.0806304 -0.995495 0 -0.0281941 0.996452 0.079295 0 0.998357 0.0241109 0.0519883 0 -3001.08 209.641 -939.992 1 2
0.0412623 0.0943206 -0.994686 0 -0.0369327 0.994998 0.092818 0 0.998466 0.0329065 0.0445394 0 -3004.25 163.446 -940.519 1 3
0.0345381 0.102268 -0.994157 0 -0.0439027 0.993946 0.100721 0 0.998439 0.0401674 0.0388188 0 -3007.89 120.659 -940.139 1 3
0.0294623 0.106593 -0.993866 0 -0.0488502 0.993263 0.10508 0 0.998371 0.0454546 0.0344709 0 -3012.32 83.5682 -940.203 1 3
0.0254015 0.107392 -0.993892 0 -0.0520045 0.993009 0.105967 0 0.998324 0.0489951 0.0308087 0 -3018.07 51.1173 -939.531 1 3
0.0220802 0.104484 -0.994281 0 -0.052324 0.993282 0.103217 0 0.998386 0.0497458 0.0273988 0 -3025.16 25.1263 -937.309 1 3
0.0188047 0.0988021 -0.994929 0 -0.0488095 0.99401 0.0977882 0 0.998631 0.0467232 0.0235145 0 -3035.04 11.52 -932.499 1 3
0.0153038 0.0880019 -0.996003 0 -0.0438338 0.995221 0.0872593 0 0.998922 0.0423231 0.0190881 0 -3044.76 -1.4166 -925.267 1 3
0.0118341 0.0762208 -0.997021 0 -0.0384602 0.996387 0.0757159 0 0.99919 0.0374496 0.0147228 0 -3054.45 -7.96114 -917.083 1 3
0.00805467 0.0649566 -0.997856 0 -0.0332182 0.997355 0.0646559 0 0.999416 0.0326262 0.0101911 0 -3063.86 -8.58001 -908.073 1 3
0.00399358 0.0551202 -0.998472 0 -0.0280882 0.998092 0.0549869 0 0.999597 0.0278257 0.00553419 0 -3073.02 -5.11615 -898.712 1 3
8.63657e-05 0.0472216 -0.998884 0 -0.0239627 0.998598 0.047206 0 0.999713 0.0239318 0.0012178 0 -3081.5 -0.686887 -890.433 1 3
-0.00366589 0.0410575 -0.99915 0 -0.0206726 0.99894 0.0411247 0 0.99978 0.0208058 -0.00281324 0 -3089.25 4.23825 -883.792 1 3
-0.00696665 0.0363453 -0.999315 0 -0.0181153 0.999171 0.0364663 0 0.999812 0.018357 -0.00630246 0 -3095.92 9.27815 -879.025 1 3
-0.0103577 0.0331529 -0.999397 0 -0.0161952 0.999314 0.033318 0 0.999815 0.0165305 -0.00981367 0 -3101.97 13.6436 -875.263 1 3
-0.0140406 0.0306548 -0.999431 0 -0.0148048 0.999414 0.0308623 0 0.999792 0.0152297 -0.0135785 0 -3107.68 16.5763 -871.019 1 3
-0.0176442 0.0290166 -0.999423 0 -0.0138357 0.999476 0.0292624 0 0.999749 0.014344 -0.0172335 0 -3112.85 19.1447 -866.584 1 3
-0.0212737 0.02766 -0.999391 0 -0.0128915 0.999527 0.0279382 0 0.999691 0.013478 -0.020907 0 -3117.66 21.3557 -861.637 1 3
-0.0248162 0.0266407 -0.999337 0 -0.0123314 0.999561 0.0269529 0 0.999616 0.0129921 -0.0244768 0 -3122.01 22.8655 -856.176 1 3
-0.0281065 0.026036 -0.999266 0 -0.0116876 0.999584 0.026373 0 0.999537 0.0124203 -0.0277905 0 -3125.94 24.5851 -850.892 1 3
-0.03102 0.0254598 -0.999194 0 -0.0111461 0.999605 0.0258162 0 0.999457 0.011938 -0.030724 0 -3129.4 25.8362 -846.294 1 3
-0.0335288 0.0249273 -0.999127 0 -0.0106357 0.999623 0.0252966 0 0.999381 0.0114746 -0.033251 0 -3132.44 26.7422 -842.516 1 3
-0.0355281 0.0245209 -0.999068 0 -0.0102499 0.999637 0.0248994 0 0.999316 0.011125 -0.0352639 0 -3135.01 27.3964 -840.049 1 3
-0.037301 0.0244696 -0.999004 0 -0.00988211 0.999642 0.0248542 0 0.999255 0.0107994 -0.0370459 0 -3137.38 28.2674 -838.12 1 3
-0.0386162 0.024575 -0.998952 0 -0.00955942 0.999643 0.0249615 0 0.999208 0.0105133 -0.0383675 0 -3139.3 28.9781 -837.425 1 3
-0.039759 0.0247223 -0.998903 0 -0.00920279 0.999642 0.0251069 0 0.999167 0.0101909 -0.0395173 0 -3141.02 29.7754 -837.118 1 3
-0.0407921 0.024926 -0.998857 0 -0.00875422 0.999641 0.0253031 0 0.999129 0.00977638 -0.0405593 0 -3142.64 30.7802 -837.139 1 3
-0.041707 0.025081 -0.998815 0 -0.00838792 0.999641 0.025452 0 0.999095 0.0094395 -0.0414816 0 -3144.25 31.6702 -837.395 1 3
-0.0425567 0.0252194 -0.998776 0 -0.00794733 0.999641 0.0255799 0 0.999062 0.00902619 -0.042341 0 -3145.73 32.8482 -837.766 1 3
-0.043465 0.0253886 -0.998732 0 -0.00761315 0.99964 0.025743 0 0.999026 0.00872242 -0.043256 0 -3147.12 33.7035 -837.835 1 3
-0.0443792 0.0255354 -0.998688 0 -0.00749198 0.999637 0.0258925 0 0.998987 0.00863124 -0.0441718 0 -3148.31 33.851 -838.135 1 3
-0.0451869 0.0256985 -0.998648 0 -0.00746521 0.999632 0.0260617 0 0.998951 0.00863276 -0.0449784 0 -3149.39 33.874 -838.679 1 3
-0.0458616 0.0259478 -0.998611 0 -0.00734998 0.999627 0.0263118 0 0.998921 0.00854646 -0.0456537 0 -3150.43 33.9535 -839.571 1 3
-0.0464772 0.0261289 -0.998578 0 -0.0073336 0.999622 0.0264976 0 0.998892 0.0085547 -0.046268 0 -3151.41 33.7843 -840.548 1 3
-0.0469955 0.0262373 -0.99855 0 -0.00733801 0.999619 0.0266108 0 0.998868 0.00857796 -0.046785 0 -3152.31 33.5141 -841.673 1 3
-0.0474266 0.0263042 -0.998528 0 -0.00732421 0.999617 0.0266807 0 0.998848 0.00857881 -0.0472158 0 -3153.16 33.3169 -842.864 1 3
-0.0475616 0.0277864 -0.998482 0 -0.00768822 0.999573 0.028183 0 0.998839 0.00901697 -0.0473277 0 -3155.5 33.4342 -845.928 1 3
-0.0476569 0.0288319 -0.998448 0 -0.00776498 0.999542 0.0292342 0 0.998834 0.00914613 -0.0474112 0 -3157.31 33.785 -848.529 1 3
-0.0479124 0.0296106 -0.998413 0 -0.00778612 0.999519 0.030017 0 0.998821 0.00921195 -0.0476588 0 -3158.88 33.9404 -850.337 1 3
-0.0482641 0.0299782 -0.998385 0 -0.00775341 0.999508 0.0303867 0 0.998805 0.00920747 -0.0480079 0 -3160.21 34.1304 -851.548 1 3
-0.0486564 0.0302714 -0.998357 0 -0.00767687 0.9995 0.0306802 0 0.998786 0.00915705 -0.0483997 0 -3161.38 34.3963 -852.199 1 3
-0.0490647 0.0305112 -0.998329 0 -0.00765342 0.999492 0.0309229 0 0.998766 0.00915785 -0.0488063 0 -3162.35 34.5028 -852.628 1 3
-0.0494316 0.0306869 -0.998306 0 -0.00764632 0.999487 0.0311018 0 0.998748 0.00917078 -0.0491716 0 -3163.25 34.4833 -853.074 1 3
-0.0498118 0.0308244 -0.998283 0 -0.00764706 0.999483 0.0312431 0 0.998729 0.0091902 -0.0495503 0 -3164.05 34.356 -853.239 1 3
-0.0501264 0.0309316 -0.998264 0 -0.00765548 0.999479 0.0313537 0 0.998714 0.00921383 -0.0498635 0 -3164.7 34.2446 -853.479 1 3
-0.0503757 0.0309945 -0.998249 0 -0.00766672 0.999477 0.0314195 0 0.998701 0.00923608 -0.0501117 0 -3165.22 34.103 -853.757 1 3
