-0.802036 0 -0.597275 0 0 1 0 0 0.597275 0 -0.802036 0 -4256.9 0 -2927.68 1 0
-0.802036 0 -0.597275 0 0 1 0 0 0.597275 0 -0.802036 0 -4256.9 0 -2927.68 1 0
-0.802036 0 -0.597275 0 0 1 0 0 0.597275 0 -0.802036 0 -4256.9 0 -2927.68 1 0
-0.802036 0 -0.597275 0 0 1 0 0 0.597275 0 -0.802036 0 -4256.9 0 -2927.68 1 0
-0.802036 0 -0.597275 0 0 1 0 0 0.597275 0 -0.802036 0 -4256.9 0 -2927.68 1 0
-0.802036 0 -0.597275 0 0 1 0 0 0.597275 0 -0.802036 0 -4256.9 0 -2927.68 1 0
-0.802036 0 -0.597275 0 0 1 0 0 0.597275 0 -0.802036 0 -4256.9 0 -2927.68 1 0
-0.802036 0 -0.597275 0 0 1 0 0 0.597275 0 -0.802036 0 -4256.9 0 -2927.68 1 0
-0.802036 0 -0.597275 0 0 1 0 0 0.597275 0 -0.802036 0 -4256.9 0 -2927.68 1 0
-0.802036 0 -0.597275 0 0 1 0 0 0.597275 0 -0.802036 0 -4256.9 0 -2927.68 1 0
-0.802036 0 -0.597275 0 0 1 0 0 0.597275 0 -0.802036 0 -4256.9 0 -2927.68 1 0
-0.802036 0 -0.597275 0 0 1 0 0 0.597275 0 -0.802036 0 -4256.9 0 -2927.68 1 0
-0.802036 0 -0.597275 0 0 1 0 0 0.597275 0 -0.802036 0 -4256.9 0 -2927.68 1 0
-0.802036 0 -0.597275 0 0 1 0 0 0.597275 0 -0.802036 0 -4256.9 0 -2927.68 1 0
-0.802036 0 -0.597275 0 0 1 0 0 0.597275 0 -0.802036 0 -4256.9 0 -2927.68 1 0
-0.802036 0 -0.597275 0 0 1 0 0 0.597275 0 -0.802036 0 -4256.9 0 -2927.68 1 0
-0.802036 0 -0.597275 0 0 1 0 0 0.597275 0 -0.802036 0 -4256.9 0 -2927.68 1 0
-0.802036 0 -0.597275 0 0 1 0 0 0.597275 0 -0.802036 0 -4256.9 0 -2927.68 1 0
-0.802036 0 -0.597275 0 0 1 0 0 0.597275 0 -0.802036 0 -4256.9 0 -2927.68 1 0
-0.802036 0 -0.597275 0 0 1 0 0 0.597275 0 -0.802036 0 -4256.9 0 -2927.68 1 0
-0.802036 0 -0.597275 0 0 1 0 0 0.597275 0 -0.802036 0 -4256.9 0 -2927.68 1 0
-0.802036 0 -0.597275 0 0 1 0 0 0.597275 0 -0.802036 0 -4256.9 0 -2927.68 1 0
-0.802036 0 -0.597275 0 0 1 0 0 0.597275 0 -0.802036 0 -4256.9 0 -2927.68 1 0
-0.802036 0 -0.597275 0 0 1 0 0 0.597275 0 -0.802036 0 -4256.9 0 -2927.68 1 0
-0.802036 0 -0.597275 0 0 1 0 0 0.597275 0 -0.802036 0 -4256.9 0 -2927.68 1 0
-0.802036 0 -0.597275 0 0 1 0 0 0.597275 0 -0.802036 0 -4256.9 0 -2927.68 1 0
-0.802036 0 -0.597275 0 0 1 0 0 0.597275 0 -0.802036 0 -4256.9 0 -2927.68 1 0
-0.802036 0 -0.597275 0 0 1 0 0 0.597275 0 -0.802036 0 -4256.9 0 -2927.68 1 0
-0.802036 0 -0.597275 0 0 1 0 0 0.597275 0 -0.802036 0 -4256.9 0 -2927.68 1 0
-0.802036 0 -0.597275 0 0 1 0 0 0.597275 0 -0.802036 0 -4256.9 0 -2927.68 1 0
-0.802036 0 -0.597275 0 0 1 0 0 0.597275 0 -0.802036 0 -4256.9 0 -2927.68 1 0
-0.802036 0 -0.597275 0 0 1 0 0 0.597275 0 -0.802036 0 -4256.9 0 -2927.68 1 0
-0.802036 0 -0.597275 0 0 1 0 0 0.597275 0 -0.802036 0 -4256.9 0 -2927.68 1 0
-0.802036 0 -0.597275 0 0 1 0 0 0.597275 0 -0.802036 0 -4256.9 0 -2927.68 1 0
-0.802036 0 -0.597275 0 0 1 0 0 0.597275 0 -0.802036 0 -4256.9 0 -2927.68 1 0
-0.802036 0 -0.597275 0 0 1 0 0 0.597275 0 -0.802036 0 -4256.9 0 -2927.68 1 0
-0.802036 0 -0.597275 0 0 1 0 0 0.597275 0 -0.802036 0 -4256.9 0 -2927.68 1 0
-0.802036 0 -0.597275 0 0 1 0 0 0.597275 0 -0.802036 0 -4256.9 0 -2927.68 1 0
-0.802036 0 -0.597275 0 0 1 0 0 0.597275 0 -0.802036 0 -4256.9 0 -2927.68 1 0
-0.802036 0 -0.597275 0 0 1 0 0 0.597275 0 -0.802036 0 -4256.9 0 -2927.68 1 0
-0.802036 0 -0.597275 0 0 1 0 0 0.597275 0 -0.802036 0 -4256.9 0 -2927.68 1 0
-0.802036 0 -0.597275 0 0 1 0 0 0.597275 0 -0.802036 0 -4256.9 0 -2927.68 1 0
-0.802036 0 -0.597275 0 0 1 0 0 0.597275 0 -0.802036 0 -4256.9 0 -2927.68 1 0
-0.802036 0 -0.597275 0 0 1 0 0 0.597275 0 -0.802036 0 -4256.9 0 -2927.68 1 0
-0.802036 0 -0.597275 0 0 1 0 0 0.597275 0 -0.802036 0 -4256.9 0 -2927.68 1 0
-0.802036 0 -0.597275 0 0 1 0 0 0.597275 0 -0.802036 0 -4256.9 0 -2927.68 1 0
-0.802036 0 -0.597275 0 0 1 0 0 0.597275 0 -0.802036 0 -4256.9 0 -2927.68 1 0
-0.802036 0 -0.597275 0 0 1 0 0 0.597275 0 -0.802036 0 -4256.9 0 -2927.68 1 0
-0.802036 0 -0.597275 0 0 1 0 0 0.597275 0 -0.802036 0 -4256.9 0 -2927.68 1 0
-0.802036 0 -0.597275 0 0 1 0 0 0.597275 0 -0.802036 0 -4256.9 0 -2927.68 1 0
-0.802036 0 -0.597275 0 0 1 0 0 0.597275 0 -0.802036 0 -4256.9 0 -2927.68 1 0
-0.802036 0 -0.597275 0 0 1 0 0 0.597275 0 -0.802036 0 -4256.9 0 -2927.68 1 0
-0.802036 0 -0.597275 0 0 1 0 0 0.597275 0 -0.802036 0 -4256.9 0 -2927.68 1 0
-0.802036 0 -0.597275 0 0 1 0 0 0.597275 0 -0.802036 0 -4256.9 0 -2927.68 1 0
-0.802036 0 -0.597275 0 0 1 0 0 0.597275 0 -0.802036 0 -4256.9 0 -2927.68 1 0
-0.802036 0 -0.597275 0 0 1 0 0 0.597275 0 -0.802036 0 -4256.9 0 -2927.68 1 0
-0.802036 0 -0.597275 0 0 1 0 0 0.597275 0 -0.802036 0 -4256.9 0 -2927.68 1 0
-0.802036 0 -0.597275 0 0 1 0 0 0.597275 0 -0.802036 0 -4256.9 0 -2927.68 1 0
-0.802036 0 -0.597275 0 0 1 0 0 0.597275 0 -0.802036 0 -4256.9 0 -2927.68 1 0
-0.802036 0 -0.597275 0 0 1 0 0 0.597275 0 -0.802036 0 -4256.9 0 -2927.68 1 0
-0.802036 0 -0.597275 0 0 1 0 0 0.597275 0 -0.802036 0 -4256.9 0 -2927.68 1 0
-0.802036 0 -0.597275 0 0 1 0 0 0.597275 0 -0.802036 0 -4256.9 0 -2927.68 1 0
-0.802036 0 -0.597275 0 0 1 0 0 0.597275 0 -0.802036 0 -4256.9 0 -2927.68 1 0
-0.802036 0 -0.597275 0 0 1 0 0 0.597275 0 -0.802036 0 -4256.9 0 -2927.68 1 0
-0.802036 0 -0.597275 0 0 1 0 0 0.597275 0 -0.802036 0 -4256.9 0 -2927.68 1 0
-0.802036 0 -0.597275 0 0 1 0 0 0.597275 0 -0.802036 0 -4256.9 0 -2927.68 1 0
-0.802036 0 -0.597275 0 0 1 0 0 0.597275 0 -0.802036 0 -4256.9 0 -2927.68 1 0
-0.802036 0 -0.597275 0 0 1 0 0 0.597275 0 -0.802036 0 -4256.9 0 -2927.68 1 0
-0.802036 0 -0.597275 0 0 1 0 0 0.597275 0 -0.802036 0 -4256.9 0 -2927.68 1 0
-0.802036 0 -0.597275 0 0 1 0 0 0.597275 0 -0.802036 0 -4256.9 0 -2927.68 1 0
-0.802036 0 -0.597275 0 0 1 0 0 0.597275 0 -0.802036 0 -4256.9 0 -2927.68 1 0
-0.802036 0 -0.597275 0 0 1 0 0 0.597275 0 -0.802036 0 -4256.9 0 -2927.68 1 0
-0.802036 0 -0.597275 0 0 1 0 0 0.597275 0 -0.802036 0 -4256.9 0 -2927.68 1 0
-0.802036 0 -0.597275 0 0 1 0 0 0.597275 0 -0.802036 0 -4256.9 0 -2927.68 1 0
-0.802036 0 -0.597275 0 0 1 0 0 0.597275 0 -0.802036 0 -4256.9 0 -2927.68 1 0
-0.802036 0 -0.597275 0 0 1 0 0 0.597275 0 -0.802036 0 -4256.9 0 -2927.68 1 0
-0.802036 0 -0.597275 0 0 1 0 0 0.597275 0 -0.802036 0 -4256.9 0 -2927.68 1 0
-0.802036 0 -0.597275 0 0 1 0 0 0.597275 0 -0.802036 0 -4256.9 0 -2927.68 1 0
-0.802036 0 -0.597275 0 0 1 0 0 0.597275 0 -0.802036 0 -4256.9 0 -2927.68 1 0
-0.802036 0 -0.597275 0 0 1 0 0 0.597275 0 -0.802036 0 -4256.9 0 -2927.68 1 0
-0.854311 0.0148297 -0.51955 0 -0.0411779 0.99452 0.0960969 0 0.518128 0.103491 -0.849019 0 -5187.52 162.059 -1059.57 1 1
-0.857838 0.0342829 -0.512775 0 -0.0305061 0.992616 0.117399 0 0.513013 0.116352 -0.850458 0 -5241.84 170.713 -1111.89 1 1
-0.857838 0.0342829 -0.512775 0 -0.0305061 0.992616 0.117399 0 0.513013 0.116352 -0.850458 0 -5241.84 170.713 -1111.89 1 2
-0.857838 0.0342829 -0.512775 0 -0.0305061 0.992616 0.117399 0 0.513013 0.116352 -0.850458 0 -5241.84 170.713 -1111.89 1 2
-0.857838 0.0342829 -0.512775 0 -0.0305061 0.992616 0.117399 0 0.513013 0.116352 -0.850458 0 -5241.84 170.713 -1111.89 1 2
-0.857838 0.0342829 -0.512775 0 -0.0305061 0.992616 0.117399 0 0.513013 0.116352 -0.850458 0 -5241.84 170.713 -1111.89 1 2
-0.857838 0.0342829 -0.512775 0 -0.0305061 0.992616 0.117399 0 0.513013 0.116352 -0.850458 0 -5241.84 170.713 -1111.89 1 2
-0.857838 0.0342829 -0.512775 0 -0.0305061 0.992616 0.117399 0 0.513013 0.116352 -0.850458 0 -5241.84 170.713 -1111.89 1 2
-0.857838 0.0342829 -0.512775 0 -0.0305061 0.992616 0.117399 0 0.513013 0.116352 -0.850458 0 -5241.84 170.713 -1111.89 1 2
-0.857838 0.0342829 -0.512775 0 -0.0305061 0.992616 0.117399 0 0.513013 0.116352 -0.850458 0 -5241.84 170.713 -1111.89 1 2
-0.857838 0.0342829 -0.512775 0 -0.0305061 0.992616 0.117399 0 0.513013 0.116352 -0.850458 0 -5241.84 170.713 -1111.89 1 2
-0.857838 0.0342829 -0.512775 0 -0.0305061 0.992616 0.117399 0 0.513013 0.116352 -0.850458 0 -5241.84 170.713 -1111.89 1 2
-0.857838 0.0342829 -0.512775 0 -0.0305061 0.992616 0.117399 0 0.513013 0.116352 -0.850458 0 -5241.84 170.713 -1111.89 1 2
-0.857838 0.0342829 -0.512775 0 -0.0305061 0.992616 0.117399 0 0.513013 0.116352 -0.850458 0 -5241.84 170.713 -1111.89 1 2
-0.857838 0.0342829 -0.512775 0 -0.0305061 0.992616 0.117399 0 0.513013 0.116352 -0.850458 0 -5241.84 170.713 -1111.89 1 2
-0.857838 0.0342829 -0.512775 0 -0.0305061 0.992616 0.117399 0 0.513013 0.116352 -0.850458 0 -5241.84 170.713 -1111.89 1 2
-0.857838 0.0342829 -0.512775 0 -0.0305061 0.992616 0.117399 0 0.513013 0.116352 -0.850458 0 -5241.84 170.713 -1111.89 1 2
-0.857838 0.0342829 -0.512775 0 -0.0305061 0.992616 0.117399 0 0.513013 0.116352 -0.850458 0 -5241.84 170.713 -1111.89 1 2
-0.857838 0.0342829 -0.512775 0 -0.0305061 0.992616 0.117399 0 0.513013 0.116352 -0.850458 0 -5241.84 170.713 -1111.89 1 2
-0.857838 0.0342829 -0.512775 0 -0.0305061 0.992616 0.117399 0 0.513013 0.116352 -0.850458 0 -5241.84 170.713 -1111.89 1 2
-0.857838 0.0342829 -0.512775 0 -0.0305061 0.992616 0.117399 0 0.513013 0.116352 -0.850458 0 -5241.84 170.713 -1111.89 1 2
-0.857838 0.0342829 -0.512775 0 -0.0305061 0.992616 0.117399 0 0.513013 0.116352 -0.850458 0 -5241.84 170.713 -1111.89 1 2
-0.857838 0.0342829 -0.512775 0 -0.0305061 0.992616 0.117399 0 0.513013 0.116352 -0.850458 0 -5241.84 170.713 -1111.89 1 2
-0.857838 0.0342829 -0.512775 0 -0.0305061 0.992616 0.117399 0 0.513013 0.116352 -0.850458 0 -5241.84 170.713 -1111.89 1 2
-0.857838 0.0342829 -0.512775 0 -0.0305061 0.992616 0.117399 0 0.513013 0.116352 -0.850458 0 -5241.84 170.713 -1111.89 1 2
-0.857838 0.0342829 -0.512775 0 -0.0305061 0.992616 0.117399 0 0.513013 0.116352 -0.850458 0 -5241.84 170.713 -1111.89 1 2
-0.857838 0.0342829 -0.512775 0 -0.0305061 0.992616 0.117399 0 0.513013 0.116352 -0.850458 0 -5241.84 170.713 -1111.89 1 2
-0.857838 0.0342829 -0.512775 0 -0.0305061 0.992616 0.117399 0 0.513013 0.116352 -0.850458 0 -5241.84 170.713 -1111.89 1 2
-0.857838 0.0342829 -0.512775 0 -0.0305061 0.992616 0.117399 0 0.513013 0.116352 -0.850458 0 -5241.84 170.713 -1111.89 1 2
-0.857838 0.0342829 -0.512775 0 -0.0305061 0.992616 0.117399 0 0.513013 0.116352 -0.850458 0 -5241.84 170.713 -1111.89 1 2
-0.857838 0.0342829 -0.512775 0 -0.0305061 0.992616 0.117399 0 0.513013 0.116352 -0.850458 0 -5241.84 170.713 -1111.89 1 2
-0.857838 0.0342829 -0.512775 0 -0.0305061 0.992616 0.117399 0 0.513013 0.116352 -0.850458 0 -5241.84 170.713 -1111.89 1 2
-0.857838 0.0342829 -0.512775 0 -0.0305061 0.992616 0.117399 0 0.513013 0.116352 -0.850458 0 -5241.84 170.713 -1111.89 1 2
-0.857838 0.0342829 -0.512775 0 -0.0305061 0.992616 0.117399 0 0.513013 0.116352 -0.850458 0 -5241.84 170.713 -1111.89 1 2
-0.857838 0.0342829 -0.512775 0 -0.0305061 0.992616 0.117399 0 0.513013 0.116352 -0.850458 0 -5241.84 170.713 -1111.89 1 2
-0.857838 0.0342829 -0.512775 0 -0.0305061 0.992616 0.117399 0 0.513013 0.116352 -0.850458 0 -5241.84 170.713 -1111.89 1 2
-0.857838 0.0342829 -0.512775 0 -0.0305061 0.992616 0.117399 0 0.513013 0.116352 -0.850458 0 -5241.84 170.713 -1111.89 1 2
-0.857838 0.0342829 -0.512775 0 -0.0305061 0.992616 0.117399 0 0.513013 0.116352 -0.850458 0 -5241.84 170.713 -1111.89 1 2
-0.857838 0.0342829 -0.512775 0 -0.0305061 0.992616 0.117399 0 0.513013 0.116352 -0.850458 0 -5241.84 170.713 -1111.89 1 2
-0.857838 0.0342829 -0.512775 0 -0.0305061 0.992616 0.117399 0 0.513013 0.116352 -0.850458 0 -5241.84 170.713 -1111.89 1 2
-0.857838 0.0342829 -0.512775 0 -0.0305061 0.992616 0.117399 0 0.513013 0.116352 -0.850458 0 -5241.84 170.713 -1111.89 1 2
-0.857838 0.0342829 -0.512775 0 -0.0305061 0.992616 0.117399 0 0.513013 0.116352 -0.850458 0 -5241.84 170.713 -1111.89 1 2
-0.857838 0.0342829 -0.512775 0 -0.0305061 0.992616 0.117399 0 0.513013 0.116352 -0.850458 0 -5241.84 170.713 -1111.89 1 2
-0.857838 0.0342829 -0.512775 0 -0.0305061 0.992616 0.117399 0 0.513013 0.116352 -0.850458 0 -5241.84 170.713 -1111.89 1 2
-0.857838 0.0342829 -0.512775 0 -0.0305061 0.992616 0.117399 0 0.513013 0.116352 -0.850458 0 -5241.84 170.713 -1111.89 1 2
-0.857838 0.0342829 -0.512775 0 -0.0305061 0.992616 0.117399 0 0.513013 0.116352 -0.850458 0 -5241.84 170.713 -1111.89 1 2
-0.857838 0.0342829 -0.512775 0 -0.0305061 0.992616 0.117399 0 0.513013 0.116352 -0.850458 0 -5241.84 170.713 -1111.89 1 2
-0.857838 0.0342829 -0.512775 0 -0.0305061 0.992616 0.117399 0 0.513013 0.116352 -0.850458 0 -5241.84 170.713 -1111.89 1 2
-0.860005 0.0247298 -0.509687 0 -0.0460584 0.990986 0.125798 0 0.508203 0.131662 -0.851114 0 -5246.89 108.911 -1104.58 1 3
-0.861583 0.0159209 -0.507366 0 -0.0577544 0.989943 0.129139 0 0.50432 0.140567 -0.851999 0 -5251.96 52.4761 -1097.73 1 3
-0.862857 0.00889947 -0.50537 0 -0.0658987 0.98933 0.129936 0 0.501134 0.145419 -0.853064 0 -5257.41 5.11779 -1091.97 1 3
-0.86423 0.00296582 -0.503089 0 -0.071348 0.989153 0.128396 0 0.498013 0.146858 -0.854644 0 -5263.77 -34.9129 -1085.15 1 3
-0.865641 -0.000670931 -0.500665 0 -0.0730586 0.989464 0.124991 0 0.495306 0.144775 -0.85657 0 -5271.53 -62.9934 -1076.8 1 3
-0.867452 -0.00074591 -0.49752 0 -0.0703377 0.990139 0.121153 0 0.492524 0.140089 -0.85895 0 -5282.24 -70.9504 -1064.82 1 3
-0.86933 -0.000554634 -0.494232 0 -0.065861 0.991211 0.114734 0 0.489825 0.132292 -0.861725 0 -5293.1 -75.9498 -1050.46 1 3
-0.871097 0.000538959 -0.491111 0 -0.060645 0.992228 0.108657 0 0.487353 0.124434 -0.864294 0 -5303.86 -73.8553 -1035.83 1 3
-0.872912 0.00195219 -0.487875 0 -0.0551709 0.993183 0.102687 0 0.484749 0.116553 -0.866853 0 -5314.31 -65.7976 -1019.9 1 3
-0.874732 0.00414215 -0.484589 0 -0.0496395 0.993938 0.0981001 0 0.482058 0.109866 -0.869224 0 -5324.54 -53.4844 -1003.45 1 3
-0.87633 0.00612566 -0.481672 0 -0.0449385 0.994519 0.0944066 0 0.47961 0.104377 -0.871252 0 -5333.99 -41.7586 -988.84 1 3
-0.877793 0.00802096 -0.478973 0 -0.0410937 0.994913 0.0919716 0 0.477274 0.100415 -0.872998 0 -5342.57 -30.8085 -976.256 1 3
-0.878978 0.0097228 -0.476764 0 -0.0379261 0.9952 0.0902172 0 0.475352 0.0973807 -0.87439 0 -5349.89 -20.7947 -966.845 1 3
-0.880099 0.0112695 -0.474657 0 -0.0355195 0.995354 0.0894917 0 0.47346 0.0956211 -0.87561 0 -5356.58 -12.6272 -958.651 1 3
-0.881225 0.0123675 -0.472536 0 -0.0336898 0.995472 0.0888817 0 0.471496 0.0942444 -0.876818 0 -5362.82 -7.10645 -949.562 1 3
-0.882375 0.013246 -0.47036 0 -0.0322933 0.995542 0.0886166 0 0.469437 0.0933825 -0.878014 0 -5368.51 -2.45222 -939.877 1 3
-0.883599 0.0141279 -0.468032 0 -0.0308833 0.99561 0.0883579 0 0.467226 0.0925273 -0.879283 0 -5373.93 2.00723 -929.192 1 3
-0.884662 0.0146213 -0.466005 0 -0.0298658 0.995678 0.0879375 0 0.465276 0.0917125 -0.880401 0 -5379.12 4.94831 -917.923 1 3
-0.885624 0.0151708 -0.464155 0 -0.0288446 0.99574 0.0875822 0 0.463506 0.0909533 -0.881413 0 -5383.74 8.46575 -907.428 1 3
-0.886424 0.0156899 -0.462608 0 -0.0279173 0.995794 0.0872671 0 0.462031 0.0902704 -0.882258 0 -5387.87 11.5506 -898.604 1 3
-0.887104 0.0162179 -0.461284 0 -0.0269928 0.995849 0.0869226 0 0.460779 0.0895607 -0.882985 0 -5391.45 14.2428 -891.306 1 3
-0.887646 0.0165633 -0.460229 0 -0.0264127 0.995877 0.0867832 0 0.459769 0.0891887 -0.883549 0 -5394.46 16.0606 -885.902 1 3
-0.88812 0.0169495 -0.459299 0 -0.0259004 0.995886 0.0868332 0 0.458881 0.0890143 -0.884027 0 -5397.16 17.9701 -881.415 1 3
-0.888423 0.0172922 -0.458701 0 -0.0254865 0.99589 0.0869062 0 0.458318 0.0889001 -0.884331 0 -5399.29 19.4458 -878.853 1 3
-0.88871 0.0176268 -0.45813 0 -0.0251049 0.99589 0.0870175 0 0.457781 0.0888347 -0.884616 0 -5401.14 21.1343 -876.886 1 3
-0.888971 0.0180485 -0.457608 0 -0.0246534 0.995888 0.0871716 0 0.4573 0.0887746 -0.884871 0 -5402.86 23.121 -875.384 1 3
-0.889211 0.0184557 -0.457126 0 -0.0242212 0.995886 0.0873227 0 0.456857 0.0887204 -0.885105 0 -5404.5 24.8957 -874.198 1 3
-0.889444 0.0188616 -0.456655 0 -0.0237598 0.995889 0.0874119 0 0.456426 0.088598 -0.885339 0 -5405.98 27.0365 -873.142 1 3
-0.889716 0.0192068 -0.456109 0 -0.0234011 0.995882 0.0875845 0 0.455913 0.0885989 -0.885603 0 -5407.4 28.6198 -871.615 1 3
-0.889951 0.0192038 -0.455652 0 -0.0233019 0.995893 0.0874845 0 0.455461 0.0884745 -0.885848 0 -5408.61 29.0138 -870.282 1 3
-0.890131 0.0191863 -0.455301 0 -0.0232506 0.9959 0.0874229 0 0.455112 0.0884038 -0.886035 0 -5409.73 29.1427 -869.37 1 3
-0.890295 0.0192431 -0.454978 0 -0.0231712 0.995898 0.0874621 0 0.454795 0.0884094 -0.886197 0 -5410.76 29.4809 -868.969 1 3
-0.89046 0.0192498 -0.454653 0 -0.0231386 0.995897 0.0874837 0 0.454472 0.0884208 -0.886362 0 -5411.69 29.4017 -868.731 1 3
-0.890599 0.019211 -0.454383 0 -0.0231361 0.9959 0.0874533 0 0.4542 0.0883985 -0.886503 0 -5412.55 29.0997 -868.759 1 3
-0.890718 0.0191866 -0.454152 0 -0.0231446 0.995899 0.0874667 0 0.453967 0.0884193 -0.88662 0 -5413.3 28.9044 -869.056 1 3
-0.890881 0.0192274 -0.453829 0 -0.0235154 0.995812 0.0883512 0 0.453627 0.0893824 -0.886698 0 -5415.21 28.2871 -871.098 1 3
-0.890984 0.0193875 -0.453621 0 -0.0236481 0.99575 0.0890064 0 0.453419 0.0900306 -0.886739 0 -5416.56 28.5046 -873.005 1 3
-0.89112 0.0194399 -0.45335 0 -0.0237797 0.995708 0.0894387 0 0.453144 0.0904812 -0.886834 0 -5417.77 28.5567 -873.927 1 3
-0.891269 0.0194948 -0.453055 0 -0.0238131 0.995685 0.0896901 0 0.452849 0.0907267 -0.886959 0 -5418.84 28.7335 -874.213 1 3
-0.891413 0.0196022 -0.452767 0 -0.0237679 0.995667 0.0899012 0 0.452567 0.0909004 -0.887085 0 -5419.82 29.1037 -873.993 1 3
-0.891558 0.0197037 -0.452477 0 -0.023718 0.995651 0.0900906 0 0.452285 0.0910528 -0.887214 0 -5420.66 29.3097 -873.538 1 3
-0.891707 0.0196921 -0.452184 0 -0.0237465 0.995642 0.0901872 0 0.451989 0.0911584 -0.887353 0 -5421.46 29.2838 -873.141 1 3
-0.891866 0.019695 -0.451871 0 -0.0237387 0.995636 0.0902487 0 0.451677 0.0912166 -0.887506 0 -5422.19 29.1577 -872.459 1 3
-0.891963 0.0196725 -0.45168 0 -0.0237569 0.995633 0.0902782 0 0.451484 0.0912554 -0.887601 0 -5422.79 28.9943 -872.047 1 3
-0.892045 0.0196332 -0.45152 0 -0.0237997 0.995629 0.0903123 0 0.451319 0.0913087 -0.887679 0 -5423.27 28.788 -871.819 1 3
