-0.801212 0 -0.598381 0 0 1 0 0 0.598381 0 -0.801212 0 -4458.74 0 -2796.41 1 0
-0.801212 0 -0.598381 0 0 1 0 0 0.598381 0 -0.801212 0 -4458.74 0 -2796.41 1 0
-0.801212 0 -0.598381 0 0 1 0 0 0.598381 0 -0.801212 0 -4458.74 0 -2796.41 1 0
-0.801212 0 -0.598381 0 0 1 0 0 0.598381 0 -0.801212 0 -4458.74 0 -2796.41 1 0
-0.801212 0 -0.598381 0 0 1 0 0 0.598381 0 -0.801212 0 -4458.74 0 -2796.41 1 0
-0.801212 0 -0.598381 0 0 1 0 0 0.598381 0 -0.801212 0 -4458.74 0 -2796.41 1 0
-0.801212 0 -0.598381 0 0 1 0 0 0.598381 0 -0.801212 0 -4458.74 0 -2796.41 1 0
-0.801212 0 -0.598381 0 0 1 0 0 0.598381 0 -0.801212 0 -4458.74 0 -2796.41 1 0
-0.801212 0 -0.598381 0 0 1 0 0 0.598381 0 -0.801212 0 -4458.74 0 -2796.41 1 0
-0.801212 0 -0.598381 0 0 1 0 0 0.598381 0 -0.801212 0 -4458.74 0 -2796.41 1 0
-0.801212 0 -0.598381 0 0 1 0 0 0.598381 0 -0.801212 0 -4458.74 0 -2796.41 1 0
-0.801212 0 -0.598381 0 0 1 0 0 0.598381 0 -0.801212 0 -4458.74 0 -2796.41 1 0
-0.801212 0 -0.598381 0 0 1 0 0 0.598381 0 -0.801212 0 -4458.74 0 -2796.41 1 0
-0.801212 0 -0.598381 0 0 1 0 0 0.598381 0 -0.801212 0 -4458.74 0 -2796.41 1 0
-0.801212 0 -0.598381 0 0 1 0 0 0.598381 0 -0.801212 0 -4458.74 0 -2796.41 1 0
-0.801212 0 -0.598381 0 0 1 0 0 0.598381 0 -0.801212 0 -4458.74 0 -2796.41 1 0
-0.801212 0 -0.598381 0 0 1 0 0 0.598381 0 -0.801212 0 -4458.74 0 -2796.41 1 0
-0.801212 0 -0.598381 0 0 1 0 0 0.598381 0 -0.801212 0 -4458.74 0 -2796.41 1 0
-0.801212 0 -0.598381 0 0 1 0 0 0.598381 0 -0.801212 0 -4458.74 0 -2796.41 1 0
-0.801212 0 -0.598381 0 0 1 0 0 0.598381 0 -0.801212 0 -4458.74 0 -2796.41 1 0
-0.801212 0 -0.598381 0 0 1 0 0 0.598381 0 -0.801212 0 -4458.74 0 -2796.41 1 0
-0.801212 0 -0.598381 0 0 1 0 0 0.598381 0 -0.801212 0 -4458.74 0 -2796.41 1 0
-0.801212 0 -0.598381 0 0 1 0 0 0.598381 0 -0.801212 0 -4458.74 0 -2796.41 1 0
-0.801212 0 -0.598381 0 0 1 0 0 0.598381 0 -0.801212 0 -4458.74 0 -2796.41 1 0
-0.801212 0 -0.598381 0 0 1 0 0 0.598381 0 -0.801212 0 -4458.74 0 -2796.41 1 0
-0.801212 0 -0.598381 0 0 1 0 0 0.598381 0 -0.801212 0 -4458.74 0 -2796.41 1 0
-0.801212 0 -0.598381 0 0 1 0 0 0.598381 0 -0.801212 0 -4458.74 0 -2796.41 1 0
-0.801212 0 -0.598381 0 0 1 0 0 0.598381 0 -0.801212 0 -4458.74 0 -2796.41 1 0
-0.801212 0 -0.598381 0 0 1 0 0 0.598381 0 -0.801212 0 -4458.74 0 -2796.41 1 0
-0.801212 0 -0.598381 0 0 1 0 0 0.598381 0 -0.801212 0 -4458.74 0 -2796.41 1 0
-0.801212 0 -0.598381 0 0 1 0 0 0.598381 0 -0.801212 0 -4458.74 0 -2796.41 1 0
-0.801212 0 -0.598381 0 0 1 0 0 0.598381 0 -0.801212 0 -4458.74 0 -2796.41 1 0
-0.801212 0 -0.598381 0 0 1 0 0 0.598381 0 -0.801212 0 -4458.74 0 -2796.41 1 0
-0.801212 0 -0.598381 0 0 1 0 0 0.598381 0 -0.801212 0 -4458.74 0 -2796.41 1 0
-0.801212 0 -0.598381 0 0 1 0 0 0.598381 0 -0.801212 0 -4458.74 0 -2796.41 1 0
-0.801212 0 -0.598381 0 0 1 0 0 0.598381 0 -0.801212 0 -4458.74 0 -2796.41 1 0
-0.801212 0 -0.598381 0 0 1 0 0 0.598381 0 -0.801212 0 -4458.74 0 -2796.41 1 0
-0.801212 0 -0.598381 0 0 1 0 0 0.598381 0 -0.801212 0 -4458.74 0 -2796.41 1 0
-0.801212 0 -0.598381 0 0 1 0 0 0.598381 0 -0.801212 0 -4458.74 0 -2796.41 1 0
-0.801212 0 -0.598381 0 0 1 0 0 0.598381 0 -0.801212 0 -4458.74 0 -2796.41 1 0
-0.801212 0 -0.598381 0 0 1 0 0 0.598381 0 -0.801212 0 -4458.74 0 -2796.41 1 0
-0.801212 0 -0.598381 0 0 1 0 0 0.598381 0 -0.801212 0 -4458.74 0 -2796.41 1 0
-0.801212 0 -0.598381 0 0 1 0 0 0.598381 0 -0.801212 0 -4458.74 0 -2796.41 1 0
-0.801212 0 -0.598381 0 0 1 0 0 0.598381 0 -0.801212 0 -4458.74 0 -2796.41 1 0
-0.801212 0 -0.598381 0 0 1 0 0 0.598381 0 -0.801212 0 -4458.74 0 -2796.41 1 0
-0.801212 0 -0.598381 0 0 1 0 0 0.598381 0 -0.801212 0 -4458.74 0 -2796.41 1 0
-0.801212 0 -0.598381 0 0 1 0 0 0.598381 0 -0.801212 0 -4458.74 0 -2796.41 1 0
-0.801212 0 -0.598381 0 0 1 0 0 0.598381 0 -0.801212 0 -4458.74 0 -2796.41 1 0
-0.801212 0 -0.598381 0 0 1 0 0 0.598381 0 -0.801212 0 -4458.74 0 -2796.41 1 0
-0.801212 0 -0.598381 0 0 1 0 0 0.598381 0 -0.801212 0 -4458.74 0 -2796.41 1 0
-0.801212 0 -0.598381 0 0 1 0 0 0.598381 0 -0.801212 0 -4458.74 0 -2796.41 1 0
-0.801212 0 -0.598381 0 0 1 0 0 0.598381 0 -0.801212 0 -4458.74 0 -2796.41 1 0
-0.801212 0 -0.598381 0 0 1 0 0 0.598381 0 -0.801212 0 -4458.74 0 -2796.41 1 0
-0.801212 0 -0.598381 0 0 1 0 0 0.598381 0 -0.801212 0 -4458.74 0 -2796.41 1 0
-0.801212 0 -0.598381 0 0 1 0 0 0.598381 0 -0.801212 0 -4458.74 0 -2796.41 1 0
-0.801212 0 -0.598381 0 0 1 0 0 0.598381 0 -0.801212 0 -4458.74 0 -2796.41 1 0
-0.801212 0 -0.598381 0 0 1 0 0 0.598381 0 -0.801212 0 -4458.74 0 -2796.41 1 0
-0.801212 0 -0.598381 0 0 1 0 0 0.598381 0 -0.801212 0 -4458.74 0 -2796.41 1 0
-0.801212 0 -0.598381 0 0 1 0 0 0.598381 0 -0.801212 0 -4458.74 0 -2796.41 1 0
-0.801212 0 -0.598381 0 0 1 0 0 0.598381 0 -0.801212 0 -4458.74 0 -2796.41 1 0
-0.801212 0 -0.598381 0 0 1 0 0 0.598381 0 -0.801212 0 -4458.74 0 -2796.41 1 0
-0.801212 0 -0.598381 0 0 1 0 0 0.598381 0 -0.801212 0 -4458.74 0 -2796.41 1 0
-0.801212 0 -0.598381 0 0 1 0 0 0.598381 0 -0.801212 0 -4458.74 0 -2796.41 1 0
-0.801212 0 -0.598381 0 0 1 0 0 0.598381 0 -0.801212 0 -4458.74 0 -2796.41 1 0
-0.801212 0 -0.598381 0 0 1 0 0 0.598381 0 -0.801212 0 -4458.74 0 -2796.41 1 0
-0.801212 0 -0.598381 0 0 1 0 0 0.598381 0 -0.801212 0 -4458.74 0 -2796.41 1 0
-0.801212 0 -0.598381 0 0 1 0 0 0.598381 0 -0.801212 0 -4458.74 0 -2796.41 1 0
-0.801212 0 -0.598381 0 0 1 0 0 0.598381 0 -0.801212 0 -4458.74 0 -2796.41 1 0
-0.801212 0 -0.598381 0 0 1 0 0 0.598381 0 -0.801212 0 -4458.74 0 -2796.41 1 0
-0.801212 0 -0.598381 0 0 1 0 0 0.598381 0 -0.801212 0 -4458.74 0 -2796.41 1 0
-0.801212 0 -0.598381 0 0 1 0 0 0.598381 0 -0.801212 0 -4458.74 0 -2796.41 1 0
-0.801212 0 -0.598381 0 0 1 0 0 0.598381 0 -0.801212 0 -4458.74 0 -2796.41 1 0
-0.801212 0 -0.598381 0 0 1 0 0 0.598381 0 -0.801212 0 -4458.74 0 -2796.41 1 0
-0.801212 0 -0.598381 0 0 1 0 0 0.598381 0 -0.801212 0 -4458.74 0 -2796.41 1 0
-0.801212 0 -0.598381 0 0 1 0 0 0.598381 0 -0.801212 0 -4458.74 0 -2796.41 1 0
-0.801212 0 -0.598381 0 0 1 0 0 0.598381 0 -0.801212 0 -4458.74 0 -2796.41 1 0
-0.801212 0 -0.598381 0 0 1 0 0 0.598381 0 -0.801212 0 -4458.74 0 -2796.41 1 0
-0.801212 0 -0.598381 0 0 1 0 0 0.598381 0 -0.801212 0 -4458.74 0 -2796.41 1 0
-0.851661 0.0215255 -0.52365 0 -0.0274746 0.995949 0.0856245 0 0.523372 0.0873102 -0.84762 0 -5315.35 135.887 -850.454 1 1
-0.852975 0.0215827 -0.521506 0 -0.0343197 0.994663 0.0972978 0 0.520823 0.10089 -0.847682 0 -5367.11 139.407 -903.25 1 1
-0.852975 0.0215827 -0.521506 0 -0.0343197 0.994663 0.0972978 0 0.520823 0.10089 -0.847682 0 -5367.11 139.407 -903.25 1 2
-0.852975 0.0215827 -0.521506 0 -0.0343197 0.994663 0.0972978 0 0.520823 0.10089 -0.847682 0 -5367.11 139.407 -903.25 1 2
-0.852975 0.0215827 -0.521506 0 -0.0343197 0.994663 0.0972978 0 0.520823 0.10089 -0.847682 0 -5367.11 139.407 -903.25 1 2
-0.852975 0.0215827 -0.521506 0 -0.0343197 0.994663 0.0972978 0 0.520823 0.10089 -0.847682 0 -5367.11 139.407 -903.25 1 2
-0.852975 0.0215827 -0.521506 0 -0.0343197 0.994663 0.0972978 0 0.520823 0.10089 -0.847682 0 -5367.11 139.407 -903.25 1 2
-0.852975 0.0215827 -0.521506 0 -0.0343197 0.994663 0.0972978 0 0.520823 0.10089 -0.847682 0 -5367.11 139.407 -903.25 1 2
-0.852975 0.0215827 -0.521506 0 -0.0343197 0.994663 0.0972978 0 0.520823 0.10089 -0.847682 0 -5367.11 139.407 -903.25 1 2
-0.852975 0.0215827 -0.521506 0 -0.0343197 0.994663 0.0972978 0 0.520823 0.10089 -0.847682 0 -5367.11 139.407 -903.25 1 2
-0.852975 0.0215827 -0.521506 0 -0.0343197 0.994663 0.0972978 0 0.520823 0.10089 -0.847682 0 -5367.11 139.407 -903.25 1 2
-0.852975 0.0215827 -0.521506 0 -0.0343197 0.994663 0.0972978 0 0.520823 0.10089 -0.847682 0 -5367.11 139.407 -903.25 1 2
-0.852975 0.0215827 -0.521506 0 -0.0343197 0.994663 0.0972978 0 0.520823 0.10089 -0.847682 0 -5367.11 139.407 -903.25 1 2
-0.852975 0.0215827 -0.521506 0 -0.0343197 0.994663 0.0972978 0 0.520823 0.10089 -0.847682 0 -5367.11 139.407 -903.25 1 2
-0.852975 0.0215827 -0.521506 0 -0.0343197 0.994663 0.0972978 0 0.520823 0.10089 -0.847682 0 -5367.11 139.407 -903.25 1 2
-0.852975 0.0215827 -0.521506 0 -0.0343197 0.994663 0.0972978 0 0.520823 0.10089 -0.847682 0 -5367.11 139.407 -903.25 1 2
-0.852975 0.0215827 -0.521506 0 -0.0343197 0.994663 0.0972978 0 0.520823 0.10089 -0.847682 0 -5367.11 139.407 -903.25 1 2
-0.852975 0.0215827 -0.521506 0 -0.0343197 0.994663 0.0972978 0 0.520823 0.10089 -0.847682 0 -5367.11 139.407 -903.25 1 2
-0.852975 0.0215827 -0.521506 0 -0.0343197 0.994663 0.0972978 0 0.520823 0.10089 -0.847682 0 -5367.11 139.407 -903.25 1 2
-0.852975 0.0215827 -0.521506 0 -0.0343197 0.994663 0.0972978 0 0.520823 0.10089 -0.847682 0 -5367.11 139.407 -903.25 1 2
-0.852975 0.0215827 -0.521506 0 -0.0343197 0.994663 0.0972978 0 0.520823 0.10089 -0.847682 0 -5367.11 139.407 -903.25 1 2
-0.852975 0.0215827 -0.521506 0 -0.0343197 0.994663 0.0972978 0 0.520823 0.10089 -0.847682 0 -5367.11 139.407 -903.25 1 2
-0.852975 0.0215827 -0.521506 0 -0.0343197 0.994663 0.0972978 0 0.520823 0.10089 -0.847682 0 -5367.11 139.407 -903.25 1 2
-0.852975 0.0215827 -0.521506 0 -0.0343197 0.994663 0.0972978 0 0.520823 0.10089 -0.847682 0 -5367.11 139.407 -903.25 1 2
-0.852975 0.0215827 -0.521506 0 -0.0343197 0.994663 0.0972978 0 0.520823 0.10089 -0.847682 0 -5367.11 139.407 -903.25 1 2
-0.852975 0.0215827 -0.521506 0 -0.0343197 0.994663 0.0972978 0 0.520823 0.10089 -0.847682 0 -5367.11 139.407 -903.25 1 2
-0.852975 0.0215827 -0.521506 0 -0.0343197 0.994663 0.0972978 0 0.520823 0.10089 -0.847682 0 -5367.11 139.407 -903.25 1 2
-0.852975 0.0215827 -0.521506 0 -0.0343197 0.994663 0.0972978 0 0.520823 0.10089 -0.847682 0 -5367.11 139.407 -903.25 1 2
-0.852975 0.0215827 -0.521506 0 -0.0343197 0.994663 0.0972978 0 0.520823 0.10089 -0.847682 0 -5367.11 139.407 -903.25 1 2
-0.852975 0.0215827 -0.521506 0 -0.0343197 0.994663 0.0972978 0 0.520823 0.10089 -0.847682 0 -5367.11 139.407 -903.25 1 2
-0.852975 0.0215827 -0.521506 0 -0.0343197 0.994663 0.0972978 0 0.520823 0.10089 -0.847682 0 -5367.11 139.407 -903.25 1 2
-0.852975 0.0215827 -0.521506 0 -0.0343197 0.994663 0.0972978 0 0.520823 0.10089 -0.847682 0 -5367.11 139.407 -903.25 1 2
-0.852975 0.0215827 -0.521506 0 -0.0343197 0.994663 0.0972978 0 0.520823 0.10089 -0.847682 0 -5367.11 139.407 -903.25 1 2
-0.852975 0.0215827 -0.521506 0 -0.0343197 0.994663 0.0972978 0 0.520823 0.10089 -0.847682 0 -5367.11 139.407 -903.25 1 2
-0.852975 0.0215827 -0.521506 0 -0.0343197 0.994663 0.0972978 0 0.520823 0.10089 -0.847682 0 -5367.11 139.407 -903.25 1 2
-0.852975 0.0215827 -0.521506 0 -0.0343197 0.994663 0.0972978 0 0.520823 0.10089 -0.847682 0 -5367.11 139.407 -903.25 1 2
-0.852975 0.0215827 -0.521506 0 -0.0343197 0.994663 0.0972978 0 0.520823 0.10089 -0.847682 0 -5367.11 139.407 -903.25 1 2
-0.852975 0.0215827 -0.521506 0 -0.0343197 0.994663 0.0972978 0 0.520823 0.10089 -0.847682 0 -5367.11 139.407 -903.25 1 2
-0.852975 0.0215827 -0.521506 0 -0.0343197 0.994663 0.0972978 0 0.520823 0.10089 -0.847682 0 -5367.11 139.407 -903.25 1 2
-0.852975 0.0215827 -0.521506 0 -0.0343197 0.994663 0.0972978 0 0.520823 0.10089 -0.847682 0 -5367.11 139.407 -903.25 1 2
-0.852975 0.0215827 -0.521506 0 -0.0343197 0.994663 0.0972978 0 0.520823 0.10089 -0.847682 0 -5367.11 139.407 -903.25 1 2
-0.852975 0.0215827 -0.521506 0 -0.0343197 0.994663 0.0972978 0 0.520823 0.10089 -0.847682 0 -5367.11 139.407 -903.25 1 2
-0.852975 0.0215827 -0.521506 0 -0.0343197 0.994663 0.0972978 0 0.520823 0.10089 -0.847682 0 -5367.11 139.407 -903.25 1 2
-0.852975 0.0215827 -0.521506 0 -0.0343197 0.994663 0.0972978 0 0.520823 0.10089 -0.847682 0 -5367.11 139.407 -903.25 1 2
-0.852975 0.0215827 -0.521506 0 -0.0343197 0.994663 0.0972978 0 0.520823 0.10089 -0.847682 0 -5367.11 139.407 -903.25 1 2
-0.852975 0.0215827 -0.521506 0 -0.0343197 0.994663 0.0972978 0 0.520823 0.10089 -0.847682 0 -5367.11 139.407 -903.25 1 2
-0.852975 0.0215827 -0.521506 0 -0.0343197 0.994663 0.0972978 0 0.520823 0.10089 -0.847682 0 -5367.11 139.407 -903.25 1 2
-0.852975 0.0215827 -0.521506 0 -0.0343197 0.994663 0.0972978 0 0.520823 0.10089 -0.847682 0 -5367.11 139.407 -903.25 1 2
-0.852975 0.0215827 -0.521506 0 -0.0343197 0.994663 0.0972978 0 0.520823 0.10089 -0.847682 0 -5367.11 139.407 -903.25 1 2
-0.852975 0.0215827 -0.521506 0 -0.0343197 0.994663 0.0972978 0 0.520823 0.10089 -0.847682 0 -5367.11 139.407 -903.25 1 2
-0.854631 0.0102578 -0.519135 0 -0.0528142 0.992902 0.106565 0 0.516543 0.118492 -0.848023 0 -5370.46 73.3341 -895.717 1 3
-0.855937 0.000282365 -0.517079 0 -0.0663859 0.991664 0.110432 0 0.5128 0.12885 -0.848784 0 -5374.11 14.4356 -888.604 1 3
-0.857054 -0.00746122 -0.515172 0 -0.07564 0.990883 0.111486 0 0.509644 0.134517 -0.849805 0 -5378.39 -34.2056 -882.576 1 3
-0.858329 -0.0138713 -0.512911 0 -0.0818584 0.990533 0.110197 0 0.506527 0.136572 -0.851339 0 -5383.63 -74.6447 -875.335 1 3
-0.85974 -0.0178583 -0.510419 0 -0.0840295 0.990715 0.106875 0 0.503772 0.134775 -0.853258 0 -5390.42 -102.235 -866.465 1 3
-0.861632 -0.0181448 -0.507209 0 -0.0816314 0.991304 0.103211 0 0.500925 0.130334 -0.855621 0 -5400.2 -109.079 -853.866 1 3
-0.863623 -0.0180874 -0.503813 0 -0.0773674 0.992273 0.0969976 0 0.498166 0.122748 -0.858349 0 -5410.22 -112.223 -838.803 1 3
-0.865507 -0.0170301 -0.500607 0 -0.072231 0.993219 0.0910932 0 0.495661 0.115001 -0.860869 0 -5420.28 -108.249 -823.513 1 3
-0.867428 -0.0156297 -0.497317 0 -0.0668 0.994116 0.0852704 0 0.493058 0.107187 -0.863368 0 -5430.02 -98.308 -806.966 1 3
-0.869366 -0.0134376 -0.493986 0 -0.0613087 0.99484 0.0808353 0 0.49035 0.100561 -0.865704 0 -5439.57 -84.4112 -789.96 1 3
-0.871067 -0.0114422 -0.491031 0 -0.056636 0.9954 0.0772746 0 0.487888 0.0951213 -0.867708 0 -5448.41 -71.3638 -774.877 1 3
-0.872616 -0.00952018 -0.488314 0 -0.0528451 0.995781 0.0750202 0 0.48554 0.0912688 -0.869437 0 -5456.42 -59.4548 -761.913 1 3
-0.873878 -0.00780316 -0.486083 0 -0.0497365 0.99606 0.0734262 0 0.483595 0.0883416 -0.870823 0 -5463.29 -48.7142 -752.219 1 3
-0.875051 -0.00623675 -0.48399 0 -0.047367 0.996221 0.0728017 0 0.481707 0.0866304 -0.87204 0 -5469.52 -40.1361 -743.789 1 3
-0.87623 -0.00512286 -0.481866 0 -0.0455787 0.996342 0.0722883 0 0.479733 0.085304 -0.873258 0 -5475.27 -34.2966 -734.475 1 3
-0.877424 -0.0042079 -0.479697 0 -0.0442112 0.996415 0.0721272 0 0.477674 0.0844941 -0.874465 0 -5480.45 -29.4491 -724.583 1 3
-0.878687 -0.00329011 -0.477387 0 -0.0428219 0.996489 0.071951 0 0.475474 0.0836651 -0.875742 0 -5485.35 -24.7835 -713.664 1 3
-0.879778 -0.00277304 -0.475377 0 -0.041834 0.996555 0.0716087 0 0.473541 0.0828866 -0.876863 0 -5490.08 -21.6659 -702.188 1 3
-0.880773 -0.00219486 -0.473534 0 -0.0408301 0.996617 0.0713246 0 0.471775 0.0821552 -0.877883 0 -5494.3 -17.9829 -691.492 1 3
-0.881599 -0.0016692 -0.471996 0 -0.0399307 0.996673 0.0710583 0 0.470307 0.0814921 -0.878732 0 -5498.09 -14.7374 -682.509 1 3
-0.882294 -0.00113106 -0.470697 0 -0.0390268 0.99673 0.0707585 0 0.469077 0.0807996 -0.879453 0 -5501.37 -11.8678 -675.084 1 3
-0.882851 -0.000771536 -0.469653 0 -0.0384672 0.996758 0.0706729 0 0.468076 0.0804599 -0.880018 0 -5504.14 -9.96348 -669.59 1 3
-0.883344 -0.000347889 -0.468725 0 -0.0379483 0.99677 0.0707764 0 0.467186 0.0803072 -0.880504 0 -5506.62 -8.02395 -665.026 1 3
-0.883659 2.27274e-05 -0.468132 0 -0.037525 0.996779 0.0708817 0 0.466626 0.0802018 -0.880811 0 -5508.61 -6.51723 -662.412 1 3
-0.883959 0.000375019 -0.467564 0 -0.0371471 0.996782 0.0710285 0 0.466086 0.080155 -0.881101 0 -5510.33 -4.82099 -660.394 1 3
-0.884232 0.000797796 -0.467047 0 -0.0367058 0.996787 0.0711956 0 0.465603 0.0800968 -0.881362 0 -5511.92 -2.81788 -658.842 1 3
-0.884485 0.00120378 -0.466568 0 -0.0362848 0.996791 0.0713578 0 0.465156 0.0800442 -0.881602 0 -5513.44 -1.02926 -657.607 1 3
-0.884728 0.00161813 -0.466105 0 -0.0358265 0.9968 0.0714637 0 0.464729 0.0799249 -0.881838 0 -5514.81 1.13535 -656.5 1 3
-0.885004 0.00196342 -0.46558 0 -0.0354802 0.996799 0.0716468 0 0.46423 0.0799265 -0.882101 0 -5516.1 2.71808 -654.913 1 3
-0.885236 0.00195497 -0.465139 0 -0.0353921 0.996809 0.0715466 0 0.463794 0.0797978 -0.882342 0 -5517.2 3.14515 -653.522 1 3
-0.885412 0.00194074 -0.464802 0 -0.0353462 0.996815 0.0714939 0 0.46346 0.0797305 -0.882523 0 -5518.23 3.29571 -652.581 1 3
-0.885577 0.00199215 -0.464489 0 -0.0352782 0.996814 0.0715353 0 0.463151 0.0797363 -0.882685 0 -5519.17 3.62983 -652.147 1 3
-0.885742 0.00199509 -0.464173 0 -0.0352563 0.996813 0.0715611 0 0.462837 0.0797497 -0.882849 0 -5520.03 3.54639 -651.867 1 3
-0.88588 0.00195098 -0.46391 0 -0.0352646 0.996815 0.0715332 0 0.462571 0.0797294 -0.88299 0 -5520.82 3.24661 -651.861 1 3
-0.885997 0.00192573 -0.463686 0 -0.0352794 0.996813 0.0715506 0 0.462346 0.0797522 -0.883106 0 -5521.51 3.04466 -652.13 1 3
-0.88616 0.00196108 -0.463376 0 -0.0356633 0.996736 0.0724209 0 0.462006 0.080702 -0.883198 0 -5523.31 2.19488 -654.141 1 3
-0.88626 0.00211541 -0.463183 0 -0.0358058 0.996684 0.0730631 0 0.461802 0.0813376 -0.883246 0 -5524.6 2.26039 -656.031 1 3
-0.886399 0.00216358 -0.462917 0 -0.0359499 0.996647 0.0734955 0 0.461524 0.0817882 -0.88335 0 -5525.72 2.20466 -656.93 1 3
-0.886548 0.00221882 -0.462631 0 -0.035991 0.996627 0.0737501 0 0.461234 0.0820335 -0.883478 0 -5526.71 2.32243 -657.187 1 3
-0.886695 0.00232978 -0.462348 0 -0.0359497 0.996613 0.0739666 0 0.460954 0.0822072 -0.883608 0 -5527.61 2.65102 -656.936 1 3
-0.886842 0.00243837 -0.462067 0 -0.0359039 0.996599 0.0741692 0 0.460676 0.0823663 -0.883738 0 -5528.37 2.82243 -656.452 1 3
-0.886988 0.00242845 -0.461787 0 -0.0359348 0.996591 0.0742635 0 0.460393 0.082465 -0.883877 0 -5529.08 2.76878 -656.027 1 3
-0.887149 0.0024338 -0.461477 0 -0.0359297 0.996586 0.0743275 0 0.460083 0.0825203 -0.884033 0 -5529.73 2.62864 -655.315 1 3
-0.887251 0.0024163 -0.461281 0 -0.0359474 0.996583 0.0743633 0 0.459885 0.0825608 -0.884132 0 -5530.27 2.4531 -654.882 1 3
-0.887331 0.00238084 -0.461126 0 -0.0359916 0.996579 0.0744029 0 0.459726 0.0826167 -0.88421 0 -5530.7 2.23275 -654.637 1 3
