-0.967285 0 0.25369 0 0 1 0 0 -0.25369 0 -0.967285 0 -5082.29 0 -1549 1 0
-0.967285 0 0.25369 0 0 1 0 0 -0.25369 0 -0.967285 0 -5082.29 0 -1549 1 0
-0.967285 0 0.25369 0 0 1 0 0 -0.25369 0 -0.967285 0 -5082.29 0 -1549 1 0
-0.967285 0 0.25369 0 0 1 0 0 -0.25369 0 -0.967285 0 -5082.29 0 -1549 1 0
-0.967285 0 0.25369 0 0 1 0 0 -0.25369 0 -0.967285 0 -5082.29 0 -1549 1 0
-0.967285 0 0.25369 0 0 1 0 0 -0.25369 0 -0.967285 0 -5082.29 0 -1549 1 0
-0.967285 0 0.25369 0 0 1 0 0 -0.25369 0 -0.967285 0 -5082.29 0 -1549 1 0
-0.967285 0 0.25369 0 0 1 0 0 -0.25369 0 -0.967285 0 -5082.29 0 -1549 1 0
-0.967285 0 0.25369 0 0 1 0 0 -0.25369 0 -0.967285 0 -5082.29 0 -1549 1 0
-0.967285 0 0.25369 0 0 1 0 0 -0.25369 0 -0.967285 0 -5082.29 0 -1549 1 0
-0.967285 0 0.25369 0 0 1 0 0 -0.25369 0 -0.967285 0 -5082.29 0 -1549 1 0
-0.967285 0 0.25369 0 0 1 0 0 -0.25369 0 -0.967285 0 -5082.29 0 -1549 1 0
-0.967285 0 0.25369 0 0 1 0 0 -0.25369 0 -0.967285 0 -5082.29 0 -1549 1 0
-0.967285 0 0.25369 0 0 1 0 0 -0.25369 0 -0.967285 0 -5082.29 0 -1549 1 0
-0.967285 0 0.25369 0 0 1 0 0 -0.25369 0 -0.967285 0 -5082.29 0 -1549 1 0
-0.967285 0 0.25369 0 0 1 0 0 -0.25369 0 -0.967285 0 -5082.29 0 -1549 1 0
-0.967285 0 0.25369 0 0 1 0 0 -0.25369 0 -0.967285 0 -5082.29 0 -1549 1 0
-0.967285 0 0.25369 0 0 1 0 0 -0.25369 0 -0.967285 0 -5082.29 0 -1549 1 0
-0.967285 0 0.25369 0 0 1 0 0 -0.25369 0 -0.967285 0 -5082.29 0 -1549 1 0
-0.967285 0 0.25369 0 0 1 0 0 -0.25369 0 -0.967285 0 -5082.29 0 -1549 1 0
-0.967285 0 0.25369 0 0 1 0 0 -0.25369 0 -0.967285 0 -5082.29 0 -1549 1 0
-0.967285 0 0.25369 0 0 1 0 0 -0.25369 0 -0.967285 0 -5082.29 0 -1549 1 0
-0.967285 0 0.25369 0 0 1 0 0 -0.25369 0 -0.967285 0 -5082.29 0 -1549 1 0
-0.967285 0 0.25369 0 0 1 0 0 -0.25369 0 -0.967285 0 -5082.29 0 -1549 1 0
-0.967285 0 0.25369 0 0 1 0 0 -0.25369 0 -0.967285 0 -5082.29 0 -1549 1 0
-0.967285 0 0.25369 0 0 1 0 0 -0.25369 0 -0.967285 0 -5082.29 0 -1549 1 0
-0.967285 0 0.25369 0 0 1 0 0 -0.25369 0 -0.967285 0 -5082.29 0 -1549 1 0
-0.967285 0 0.25369 0 0 1 0 0 -0.25369 0 -0.967285 0 -5082.29 0 -1549 1 0
-0.967285 0 0.25369 0 0 1 0 0 -0.25369 0 -0.967285 0 -5082.29 0 -1549 1 0
-0.967285 0 0.25369 0 0 1 0 0 -0.25369 0 -0.967285 0 -5082.29 0 -1549 1 0
-0.967285 0 0.25369 0 0 1 0 0 -0.25369 0 -0.967285 0 -5082.29 0 -1549 1 0
-0.967285 0 0.25369 0 0 1 0 0 -0.25369 0 -0.967285 0 -5082.29 0 -1549 1 0
-0.967285 0 0.25369 0 0 1 0 0 -0.25369 0 -0.967285 0 -5082.29 0 -1549 1 0
-0.967285 0 0.25369 0 0 1 0 0 -0.25369 0 -0.967285 0 -5082.29 0 -1549 1 0
-0.967285 0 0.25369 0 0 1 0 0 -0.25369 0 -0.967285 0 -5082.29 0 -1549 1 0
-0.967285 0 0.25369 0 0 1 0 0 -0.25369 0 -0.967285 0 -5082.29 0 -1549 1 0
-0.967285 0 0.25369 0 0 1 0 0 -0.25369 0 -0.967285 0 -5082.29 0 -1549 1 0
-0.967285 0 0.25369 0 0 1 0 0 -0.25369 0 -0.967285 0 -5082.29 0 -1549 1 0
-0.967285 0 0.25369 0 0 1 0 0 -0.25369 0 -0.967285 0 -5082.29 0 -1549 1 0
-0.967285 0 0.25369 0 0 1 0 0 -0.25369 0 -0.967285 0 -5082.29 0 -1549 1 0
-0.967285 0 0.25369 0 0 1 0 0 -0.25369 0 -0.967285 0 -5082.29 0 -1549 1 0
-0.967285 0 0.25369 0 0 1 0 0 -0.25369 0 -0.967285 0 -5082.29 0 -1549 1 0
-0.967285 0 0.25369 0 0 1 0 0 -0.25369 0 -0.967285 0 -5082.29 0 -1549 1 0
-0.967285 0 0.25369 0 0 1 0 0 -0.25369 0 -0.967285 0 -5082.29 0 -1549 1 0
-0.967285 0 0.25369 0 0 1 0 0 -0.25369 0 -0.967285 0 -5082.29 0 -1549 1 0
-0.967285 0 0.25369 0 0 1 0 0 -0.25369 0 -0.967285 0 -5082.29 0 -1549 1 0
-0.967285 0 0.25369 0 0 1 0 0 -0.25369 0 -0.967285 0 -5082.29 0 -1549 1 0
-0.967285 0 0.25369 0 0 1 0 0 -0.25369 0 -0.967285 0 -5082.29 0 -1549 1 0
-0.967285 0 0.25369 0 0 1 0 0 -0.25369 0 -0.967285 0 -5082.29 0 -1549 1 0
-0.967285 0 0.25369 0 0 1 0 0 -0.25369 0 -0.967285 0 -5082.29 0 -1549 1 0
-0.967285 0 0.25369 0 0 1 0 0 -0.25369 0 -0.967285 0 -5082.29 0 -1549 1 0
-0.967285 0 0.25369 0 0 1 0 0 -0.25369 0 -0.967285 0 -5082.29 0 -1549 1 0
-0.967285 0 0.25369 0 0 1 0 0 -0.25369 0 -0.967285 0 -5082.29 0 -1549 1 0
-0.967285 0 0.25369 0 0 1 0 0 -0.25369 0 -0.967285 0 -5082.29 0 -1549 1 0
-0.967285 0 0.25369 0 0 1 0 0 -0.25369 0 -0.967285 0 -5082.29 0 -1549 1 0
-0.967285 0 0.25369 0 0 1 0 0 -0.25369 0 -0.967285 0 -5082.29 0 -1549 1 0
-0.967285 0 0.25369 0 0 1 0 0 -0.25369 0 -0.967285 0 -5082.29 0 -1549 1 0
-0.967285 0 0.25369 0 0 1 0 0 -0.25369 0 -0.967285 0 -5082.29 0 -1549 1 0
-0.967285 0 0.25369 0 0 1 0 0 -0.25369 0 -0.967285 0 -5082.29 0 -1549 1 0
-0.967285 0 0.25369 0 0 1 0 0 -0.25369 0 -0.967285 0 -5082.29 0 -1549 1 0
-0.967285 0 0.25369 0 0 1 0 0 -0.25369 0 -0.967285 0 -5082.29 0 -1549 1 0
-0.967285 0 0.25369 0 0 1 0 0 -0.25369 0 -0.967285 0 -5082.29 0 -1549 1 0
-0.967285 0 0.25369 0 0 1 0 0 -0.25369 0 -0.967285 0 -5082.29 0 -1549 1 0
-0.967285 0 0.25369 0 0 1 0 0 -0.25369 0 -0.967285 0 -5082.29 0 -1549 1 0
-0.967285 0 0.25369 0 0 1 0 0 -0.25369 0 -0.967285 0 -5082.29 0 -1549 1 0
-0.967285 0 0.25369 0 0 1 0 0 -0.25369 0 -0.967285 0 -5082.29 0 -1549 1 0
-0.950512 -0.0855196 0.298685 0 -0.062943 0.99444 0.0844233 0 -0.304245 0.0614452 -0.95061 0 -5325.52 8.76384 505.144 1 1
-0.954885 -0.0296069 0.295497 0 0.00415294 0.99359 0.112971 0 -0.296947 0.109102 -0.948641 0 -5399.61 18.449 514.436 1 1
-0.954885 -0.0296069 0.295497 0 0.00415294 0.99359 0.112971 0 -0.296947 0.109102 -0.948641 0 -5399.61 18.449 514.436 1 2
-0.954885 -0.0296069 0.295497 0 0.00415294 0.99359 0.112971 0 -0.296947 0.109102 -0.948641 0 -5399.61 18.449 514.436 1 2
-0.954885 -0.0296069 0.295497 0 0.00415294 0.99359 0.112971 0 -0.296947 0.109102 -0.948641 0 -5399.61 18.449 514.436 1 2
-0.954885 -0.0296069 0.295497 0 0.00415294 0.99359 0.112971 0 -0.296947 0.109102 -0.948641 0 -5399.61 18.449 514.436 1 2
-0.954885 -0.0296069 0.295497 0 0.00415294 0.99359 0.112971 0 -0.296947 0.109102 -0.948641 0 -5399.61 18.449 514.436 1 2
-0.954885 -0.0296069 0.295497 0 0.00415294 0.99359 0.112971 0 -0.296947 0.109102 -0.948641 0 -5399.61 18.449 514.436 1 2
-0.954885 -0.0296069 0.295497 0 0.00415294 0.99359 0.112971 0 -0.296947 0.109102 -0.948641 0 -5399.61 18.449 514.436 1 2
-0.954885 -0.0296069 0.295497 0 0.00415294 0.99359 0.112971 0 -0.296947 0.109102 -0.948641 0 -5399.61 18.449 514.436 1 2
-0.954885 -0.0296069 0.295497 0 0.00415294 0.99359 0.112971 0 -0.296947 0.109102 -0.948641 0 -5399.61 18.449 514.436 1 2
-0.954885 -0.0296069 0.295497 0 0.00415294 0.99359 0.112971 0 -0.296947 0.109102 -0.948641 0 -5399.61 18.449 514.436 1 2
-0.954885 -0.0296069 0.295497 0 0.00415294 0.99359 0.112971 0 -0.296947 0.109102 -0.948641 0 -5399.61 18.449 514.436 1 2
-0.954885 -0.0296069 0.295497 0 0.00415294 0.99359 0.112971 0 -0.296947 0.109102 -0.948641 0 -5399.61 18.449 514.436 1 2
-0.954885 -0.0296069 0.295497 0 0.00415294 0.99359 0.112971 0 -0.296947 0.109102 -0.948641 0 -5399.61 18.449 514.436 1 2
-0.954885 -0.0296069 0.295497 0 0.00415294 0.99359 0.112971 0 -0.296947 0.109102 -0.948641 0 -5399.61 18.449 514.436 1 2
-0.954885 -0.0296069 0.295497 0 0.00415294 0.99359 0.112971 0 -0.296947 0.109102 -0.948641 0 -5399.61 18.449 514.436 1 2
-0.954885 -0.0296069 0.295497 0 0.00415294 0.99359 0.112971 0 -0.296947 0.109102 -0.948641 0 -5399.61 18.449 514.436 1 2
-0.954885 -0.0296069 0.295497 0 0.00415294 0.99359 0.112971 0 -0.296947 0.109102 -0.948641 0 -5399.61 18.449 514.436 1 2
-0.954885 -0.0296069 0.295497 0 0.00415294 0.99359 0.112971 0 -0.296947 0.109102 -0.948641 0 -5399.61 18.449 514.436 1 2
-0.954885 -0.0296069 0.295497 0 0.00415294 0.99359 0.112971 0 -0.296947 0.109102 -0.948641 0 -5399.61 18.449 514.436 1 2
-0.954885 -0.0296069 0.295497 0 0.00415294 0.99359 0.112971 0 -0.296947 0.109102 -0.948641 0 -5399.61 18.449 514.436 1 2
-0.954885 -0.0296069 0.295497 0 0.00415294 0.99359 0.112971 0 -0.296947 0.109102 -0.948641 0 -5399.61 18.449 514.436 1 2
-0.954885 -0.0296069 0.295497 0 0.00415294 0.99359 0.112971 0 -0.296947 0.109102 -0.948641 0 -5399.61 18.449 514.436 1 2
-0.954885 -0.0296069 0.295497 0 0.00415294 0.99359 0.112971 0 -0.296947 0.109102 -0.948641 0 -5399.61 18.449 514.436 1 2
-0.954885 -0.0296069 0.295497 0 0.00415294 0.99359 0.112971 0 -0.296947 0.109102 -0.948641 0 -5399.61 18.449 514.436 1 2
-0.954885 -0.0296069 0.295497 0 0.00415294 0.99359 0.112971 0 -0.296947 0.109102 -0.948641 0 -5399.61 18.449 514.436 1 2
-0.954885 -0.0296069 0.295497 0 0.00415294 0.99359 0.112971 0 -0.296947 0.109102 -0.948641 0 -5399.61 18.449 514.436 1 2
-0.954885 -0.0296069 0.295497 0 0.00415294 0.99359 0.112971 0 -0.296947 0.109102 -0.948641 0 -5399.61 18.449 514.436 1 2
-0.954885 -0.0296069 0.295497 0 0.00415294 0.99359 0.112971 0 -0.296947 0.109102 -0.948641 0 -5399.61 18.449 514.436 1 2
-0.954885 -0.0296069 0.295497 0 0.00415294 0.99359 0.112971 0 -0.296947 0.109102 -0.948641 0 -5399.61 18.449 514.436 1 2
-0.954885 -0.0296069 0.295497 0 0.00415294 0.99359 0.112971 0 -0.296947 0.109102 -0.948641 0 -5399.61 18.449 514.436 1 2
-0.954885 -0.0296069 0.295497 0 0.00415294 0.99359 0.112971 0 -0.296947 0.109102 -0.948641 0 -5399.61 18.449 514.436 1 2
-0.954885 -0.0296069 0.295497 0 0.00415294 0.99359 0.112971 0 -0.296947 0.109102 -0.948641 0 -5399.61 18.449 514.436 1 2
-0.954885 -0.0296069 0.295497 0 0.00415294 0.99359 0.112971 0 -0.296947 0.109102 -0.948641 0 -5399.61 18.449 514.436 1 2
-0.954885 -0.0296069 0.295497 0 0.00415294 0.99359 0.112971 0 -0.296947 0.109102 -0.948641 0 -5399.61 18.449 514.436 1 2
-0.954885 -0.0296069 0.295497 0 0.00415294 0.99359 0.112971 0 -0.296947 0.109102 -0.948641 0 -5399.61 18.449 514.436 1 2
-0.954885 -0.0296069 0.295497 0 0.00415294 0.99359 0.112971 0 -0.296947 0.109102 -0.948641 0 -5399.61 18.449 514.436 1 2
-0.954885 -0.0296069 0.295497 0 0.00415294 0.99359 0.112971 0 -0.296947 0.109102 -0.948641 0 -5399.61 18.449 514.436 1 2
-0.954885 -0.0296069 0.295497 0 0.00415294 0.99359 0.112971 0 -0.296947 0.109102 -0.948641 0 -5399.61 18.449 514.436 1 2
-0.954885 -0.0296069 0.295497 0 0.00415294 0.99359 0.112971 0 -0.296947 0.109102 -0.948641 0 -5399.61 18.449 514.436 1 2
-0.954885 -0.0296069 0.295497 0 0.00415294 0.99359 0.112971 0 -0.296947 0.109102 -0.948641 0 -5399.61 18.449 514.436 1 2
-0.954885 -0.0296069 0.295497 0 0.00415294 0.99359 0.112971 0 -0.296947 0.109102 -0.948641 0 -5399.61 18.449 514.436 1 2
-0.954885 -0.0296069 0.295497 0 0.00415294 0.99359 0.112971 0 -0.296947 0.109102 -0.948641 0 -5399.61 18.449 514.436 1 2
-0.954885 -0.0296069 0.295497 0 0.00415294 0.99359 0.112971 0 -0.296947 0.109102 -0.948641 0 -5399.61 18.449 514.436 1 2
-0.954885 -0.0296069 0.295497 0 0.00415294 0.99359 0.112971 0 -0.296947 0.109102 -0.948641 0 -5399.61 18.449 514.436 1 2
-0.954885 -0.0296069 0.295497 0 0.00415294 0.99359 0.112971 0 -0.296947 0.109102 -0.948641 0 -5399.61 18.449 514.436 1 2
-0.954885 -0.0296069 0.295497 0 0.00415294 0.99359 0.112971 0 -0.296947 0.109102 -0.948641 0 -5399.61 18.449 514.436 1 2
-0.954885 -0.0296069 0.295497 0 0.00415294 0.99359 0.112971 0 -0.296947 0.109102 -0.948641 0 -5399.61 18.449 514.436 1 2
-0.954885 -0.0296069 0.295497 0 0.00415294 0.99359 0.112971 0 -0.296947 0.109102 -0.948641 0 -5399.61 18.449 514.436 1 2
-0.954885 -0.0296069 0.295497 0 0.00415294 0.99359 0.112971 0 -0.296947 0.109102 -0.948641 0 -5399.61 18.449 514.436 1 2
-0.954885 -0.0296069 0.295497 0 0.00415294 0.99359 0.112971 0 -0.296947 0.109102 -0.948641 0 -5399.61 18.449 514.436 1 2
-0.954885 -0.0296069 0.295497 0 0.00415294 0.99359 0.112971 0 -0.296947 0.109102 -0.948641 0 -5399.61 18.449 514.436 1 2
-0.954885 -0.0296069 0.295497 0 0.00415294 0.99359 0.112971 0 -0.296947 0.109102 -0.948641 0 -5399.61 18.449 514.436 1 2
-0.954885 -0.0296069 0.295497 0 0.00415294 0.99359 0.112971 0 -0.296947 0.109102 -0.948641 0 -5399.61 18.449 514.436 1 2
-0.954885 -0.0296069 0.295497 0 0.00415294 0.99359 0.112971 0 -0.296947 0.109102 -0.948641 0 -5399.61 18.449 514.436 1 2
-0.954885 -0.0296069 0.295497 0 0.00415294 0.99359 0.112971 0 -0.296947 0.109102 -0.948641 0 -5399.61 18.449 514.436 1 2
-0.954885 -0.0296069 0.295497 0 0.00415294 0.99359 0.112971 0 -0.296947 0.109102 -0.948641 0 -5399.61 18.449 514.436 1 2
-0.954885 -0.0296069 0.295497 0 0.00415294 0.99359 0.112971 0 -0.296947 0.109102 -0.948641 0 -5399.61 18.449 514.436 1 2
-0.954885 -0.0296069 0.295497 0 0.00415294 0.99359 0.112971 0 -0.296947 0.109102 -0.948641 0 -5399.61 18.449 514.436 1 2
-0.954885 -0.0296069 0.295497 0 0.00415294 0.99359 0.112971 0 -0.296947 0.109102 -0.948641 0 -5399.61 18.449 514.436 1 2
-0.954885 -0.0296069 0.295497 0 0.00415294 0.99359 0.112971 0 -0.296947 0.109102 -0.948641 0 -5399.61 18.449 514.436 1 2
-0.954777 -0.0491618 0.293229 0 -0.0138299 0.992511 0.12137 0 -0.297 0.111826 -0.948307 0 -5398.84 -58.5485 523.61 1 3
-0.954026 -0.0632971 0.292965 0 -0.0277473 0.991901 0.123949 0 -0.298438 0.110122 -0.948055 0 -5398.27 -121.003 532.479 1 3
-0.953101 -0.0728664 0.293749 0 -0.0376504 0.991591 0.12381 0 -0.300301 0.106943 -0.94783 0 -5398.46 -169.582 540.121 1 3
-0.952104 -0.0791437 0.295356 0 -0.0446772 0.991563 0.121679 0 -0.302494 0.102655 -0.947607 0 -5399.31 -206.909 548.741 1 3
-0.951257 -0.0810642 0.297556 0 -0.0476066 0.991869 0.118025 0 -0.304704 0.0981063 -0.947381 0 -5401.72 -228.972 558.822 1 3
-0.950494 -0.0785562 0.300649 0 -0.0458692 0.992388 0.114285 0 -0.307339 0.0948371 -0.946863 0 -5406.55 -230.033 572.509 1 3
-0.949749 -0.0735681 0.304244 0 -0.0421917 0.993206 0.108455 0 -0.310156 0.0901682 -0.9464 0 -5411.51 -224.27 588.566 1 3
-0.949085 -0.0674972 0.307705 0 -0.0372175 0.99396 0.103238 0 -0.312815 0.0865298 -0.945864 0 -5416.97 -212.199 604.514 1 3
-0.948339 -0.0608748 0.311363 0 -0.0316363 0.994672 0.0981124 0 -0.315677 0.0831934 -0.945213 0 -5421.99 -194.453 621.515 1 3
-0.947519 -0.0544672 0.315026 0 -0.0259005 0.995219 0.0941687 0 -0.318649 0.0810673 -0.9444 0 -5426.75 -174.606 638.754 1 3
-0.946719 -0.0490528 0.318303 0 -0.0209762 0.995626 0.0910445 0 -0.321376 0.0795168 -0.943607 0 -5431.29 -156.828 653.901 1 3
-0.945963 -0.0448463 0.321159 0 -0.0169943 0.995886 0.0890083 0 -0.32383 0.0787407 -0.942833 0 -5435.33 -141.933 666.853 1 3
-0.945318 -0.0414077 0.32351 0 -0.0136455 0.996061 0.0876177 0 -0.325864 0.0784122 -0.942159 0 -5438.95 -129.111 676.471 1 3
-0.944672 -0.0389481 0.325695 0 -0.011041 0.996139 0.0870987 0 -0.32783 0.0786837 -0.941455 0 -5442.05 -119.771 684.772 1 3
-0.943966 -0.0371527 0.327946 0 -0.00911067 0.996199 0.0866342 0 -0.329918 0.0787919 -0.940716 0 -5444.55 -113.275 693.928 1 3
-0.943232 -0.0358998 0.33019 0 -0.007637 0.996223 0.0864979 0 -0.332048 0.0790659 -0.939943 0 -5446.42 -108.217 703.604 1 3
-0.942435 -0.0346622 0.332589 0 -0.0061878 0.99625 0.0862946 0 -0.334333 0.079269 -0.939116 0 -5447.8 -103.245 714.316 1 3
-0.941751 -0.0336856 0.334619 0 -0.00513431 0.996295 0.0858455 0 -0.336271 0.079127 -0.938435 0 -5449.61 -99.5156 725.71 1 3
-0.9411 -0.0327594 0.336537 0 -0.00409803 0.996328 0.0855252 0 -0.338103 0.0791086 -0.937778 0 -5451.04 -95.3759 736.281 1 3
-0.940532 -0.0319171 0.338201 0 -0.00317142 0.996358 0.0852097 0 -0.339689 0.07907 -0.937208 0 -5452.44 -91.7016 745.16 1 3
-0.940047 -0.0310978 0.339624 0 -0.0022854 0.996386 0.0849086 0 -0.341037 0.0790419 -0.936721 0 -5453.66 -88.3865 752.466 1 3
-0.93966 -0.0306022 0.340738 0 -0.00169048 0.996394 0.0848256 0 -0.342106 0.0791312 -0.936324 0 -5454.79 -86.3521 757.853 1 3
-0.939318 -0.0301907 0.341715 0 -0.001138 0.996389 0.0849032 0 -0.343044 0.0793622 -0.935961 0 -5455.81 -84.528 762.304 1 3
-0.939106 -0.0298549 0.342329 0 -0.000695229 0.996382 0.0849884 0 -0.343627 0.0795751 -0.935729 0 -5456.87 -83.1529 764.837 1 3
-0.938905 -0.0295649 0.342903 0 -0.000287497 0.996371 0.0851193 0 -0.344175 0.0798204 -0.935506 0 -5457.71 -81.6607 766.769 1 3
-0.93873 -0.0292358 0.34341 0 0.000154432 0.99636 0.0852461 0 -0.344652 0.0800761 -0.935309 0 -5458.53 -79.8663 768.255 1 3
-0.938564 -0.0289411 0.343888 0 0.000568453 0.996346 0.0854023 0 -0.345103 0.0803511 -0.935119 0 -5459.33 -78.318 769.421 1 3
-0.938415 -0.0285761 0.344327 0 0.0010382 0.996336 0.0855166 0 -0.345509 0.0806075 -0.934947 0 -5460.01 -76.3528 770.469 1 3
-0.938235 -0.0283805 0.344832 0 0.00136362 0.996319 0.0857097 0 -0.345995 0.0808861 -0.934743 0 -5460.5 -75.0707 771.977 1 3
-0.938098 -0.0283108 0.345211 0 0.00143687 0.996327 0.0856135 0 -0.346367 0.0808099 -0.934612 0 -5460.98 -74.5171 773.331 1 3
-0.937982 -0.0282823 0.34553 0 0.00148492 0.99633 0.0855825 0 -0.346682 0.0807879 -0.934497 0 -5461.51 -74.3371 774.231 1 3
-0.937884 -0.0282789 0.345794 0 0.00154082 0.996323 0.0856583 0 -0.346945 0.0808703 -0.934393 0 -5462.02 -74.1281 774.602 1 3
-0.937783 -0.0283009 0.346066 0 0.00154768 0.996322 0.0856721 0 -0.347218 0.0808774 -0.93429 0 -5462.41 -74.2373 774.854 1 3
-0.937699 -0.0283284 0.346292 0 0.00153442 0.996323 0.085659 0 -0.347445 0.0808537 -0.934208 0 -5462.81 -74.5214 774.841 1 3
-0.937634 -0.0283666 0.346466 0 0.00151634 0.996322 0.0856768 0 -0.347622 0.0808588 -0.934142 0 -5463.19 -74.7488 774.563 1 3
-0.937538 -0.029033 0.346669 0 0.00112081 0.996254 0.0864658 0 -0.347881 0.0814535 -0.933994 0 -5464.42 -76.7462 772.55 1 3
-0.93751 -0.0294434 0.34671 0 0.000926193 0.996199 0.0871038 0 -0.347957 0.0819818 -0.933919 0 -5465.4 -77.578 770.664 1 3
-0.937445 -0.0297854 0.346856 0 0.000749838 0.996158 0.0875692 0 -0.348132 0.0823514 -0.933821 0 -5466.13 -78.261 769.771 1 3
-0.937356 -0.0299699 0.347081 0 0.000676935 0.996134 0.0878428 0 -0.348372 0.0825749 -0.933712 0 -5466.69 -78.5141 769.511 1 3
-0.937255 -0.0300507 0.347348 0 0.000696561 0.996115 0.088058 0 -0.348645 0.0827747 -0.933592 0 -5467.14 -78.4933 769.753 1 3
-0.937147 -0.0301492 0.34763 0 0.000704665 0.996095 0.0882888 0 -0.348934 0.0829846 -0.933466 0 -5467.43 -78.6476 770.208 1 3
-0.937041 -0.0302594 0.347907 0 0.00065499 0.996085 0.088399 0 -0.34922 0.0830613 -0.933352 0 -5467.69 -78.8595 770.617 1 3
-0.936919 -0.0302985 0.34823 0 0.000668197 0.996079 0.0884637 0 -0.349545 0.083116 -0.933226 0 -5467.84 -79.1006 771.315 1 3
-0.936841 -0.0303768 0.348433 0 0.000630736 0.996073 0.0885347 0 -0.349754 0.0831627 -0.933143 0 -5468.07 -79.3752 771.716 1 3
-0.936785 -0.0304627 0.348577 0 0.000577003 0.996067 0.0885987 0 -0.349905 0.0831991 -0.933083 0 -5468.27 -79.6914 771.936 1 3
