0.484397 0 -0.874848 0 0 1 0 0 0.874848 0 0.484397 0 -4.78555 0 262.875 1 0
0.484397 0 -0.874848 0 0 1 0 0 0.874848 0 0.484397 0 -4.78555 0 262.875 1 0
0.484397 0 -0.874848 0 0 1 0 0 0.874848 0 0.484397 0 -4.78555 0 262.875 1 0
0.484397 0 -0.874848 0 0 1 0 0 0.874848 0 0.484397 0 -4.78555 0 262.875 1 0
0.484397 0 -0.874848 0 0 1 0 0 0.874848 0 0.484397 0 -4.78555 0 262.875 1 0
0.484397 0 -0.874848 0 0 1 0 0 0.874848 0 0.484397 0 -4.78555 0 262.875 1 0
0.484397 0 -0.874848 0 0 1 0 0 0.874848 0 0.484397 0 -4.78555 0 262.875 1 0
0.484397 0 -0.874848 0 0 1 0 0 0.874848 0 0.484397 0 -4.78555 0 262.875 1 0
0.484397 0 -0.874848 0 0 1 0 0 0.874848 0 0.484397 0 -4.78555 0 262.875 1 0
0.484397 0 -0.874848 0 0 1 0 0 0.874848 0 0.484397 0 -4.78555 0 262.875 1 0
0.484397 0 -0.874848 0 0 1 0 0 0.874848 0 0.484397 0 -4.78555 0 262.875 1 0
0.484397 0 -0.874848 0 0 1 0 0 0.874848 0 0.484397 0 -4.78555 0 262.875 1 0
0.484397 0 -0.874848 0 0 1 0 0 0.874848 0 0.484397 0 -4.78555 0 262.875 1 0
0.484397 0 -0.874848 0 0 1 0 0 0.874848 0 0.484397 0 -4.78555 0 262.875 1 0
0.484397 0 -0.874848 0 0 1 0 0 0.874848 0 0.484397 0 -4.78555 0 262.875 1 0
0.484397 0 -0.874848 0 0 1 0 0 0.874848 0 0.484397 0 -4.78555 0 262.875 1 0
0.484397 0 -0.874848 0 0 1 0 0 0.874848 0 0.484397 0 -4.78555 0 262.875 1 0
0.484397 0 -0.874848 0 0 1 0 0 0.874848 0 0.484397 0 -4.78555 0 262.875 1 0
0.484397 0 -0.874848 0 0 1 0 0 0.874848 0 0.484397 0 -4.78555 0 262.875 1 0
0.484397 0 -0.874848 0 0 1 0 0 0.874848 0 0.484397 0 -4.78555 0 262.875 1 0
0.484397 0 -0.874848 0 0 1 0 0 0.874848 0 0.484397 0 -4.78555 0 262.875 1 0
0.484397 0 -0.874848 0 0 1 0 0 0.874848 0 0.484397 0 -4.78555 0 262.875 1 0
0.484397 0 -0.874848 0 0 1 0 0 0.874848 0 0.484397 0 -4.78555 0 262.875 1 0
0.484397 0 -0.874848 0 0 1 0 0 0.874848 0 0.484397 0 -4.78555 0 262.875 1 0
0.484397 0 -0.874848 0 0 1 0 0 0.874848 0 0.484397 0 -4.78555 0 262.875 1 0
0.484397 0 -0.874848 0 0 1 0 0 0.874848 0 0.484397 0 -4.78555 0 262.875 1 0
0.484397 0 -0.874848 0 0 1 0 0 0.874848 0 0.484397 0 -4.78555 0 262.875 1 0
0.484397 0 -0.874848 0 0 1 0 0 0.874848 0 0.484397 0 -4.78555 0 262.875 1 0
0.484397 0 -0.874848 0 0 1 0 0 0.874848 0 0.484397 0 -4.78555 0 262.875 1 0
0.484397 0 -0.874848 0 0 1 0 0 0.874848 0 0.484397 0 -4.78555 0 262.875 1 0
0.484397 0 -0.874848 0 0 1 0 0 0.874848 0 0.484397 0 -4.78555 0 262.875 1 0
0.484397 0 -0.874848 0 0 1 0 0 0.874848 0 0.484397 0 -4.78555 0 262.875 1 0
0.484397 0 -0.874848 0 0 1 0 0 0.874848 0 0.484397 0 -4.78555 0 262.875 1 0
0.484397 0 -0.874848 0 0 1 0 0 0.874848 0 0.484397 0 -4.78555 0 262.875 1 0
0.484397 0 -0.874848 0 0 1 0 0 0.874848 0 0.484397 0 -4.78555 0 262.875 1 0
0.484397 0 -0.874848 0 0 1 0 0 0.874848 0 0.484397 0 -4.78555 0 262.875 1 0
0.484397 0 -0.874848 0 0 1 0 0 0.874848 0 0.484397 0 -4.78555 0 262.875 1 0
0.484397 0 -0.874848 0 0 1 0 0 0.874848 0 0.484397 0 -4.78555 0 262.875 1 0
0.484397 0 -0.874848 0 0 1 0 0 0.874848 0 0.484397 0 -4.78555 0 262.875 1 0
0.484397 0 -0.874848 0 0 1 0 0 0.874848 0 0.484397 0 -4.78555 0 262.875 1 0
0.484397 0 -0.874848 0 0 1 0 0 0.874848 0 0.484397 0 -4.78555 0 262.875 1 0
0.484397 0 -0.874848 0 0 1 0 0 0.874848 0 0.484397 0 -4.78555 0 262.875 1 0
0.484397 0 -0.874848 0 0 1 0 0 0.874848 0 0.484397 0 -4.78555 0 262.875 1 0
0.484397 0 -0.874848 0 0 1 0 0 0.874848 0 0.484397 0 -4.78555 0 262.875 1 0
0.484397 0 -0.874848 0 0 1 0 0 0.874848 0 0.484397 0 -4.78555 0 262.875 1 0
0.484397 0 -0.874848 0 0 1 0 0 0.874848 0 0.484397 0 -4.78555 0 262.875 1 0
0.484397 0 -0.874848 0 0 1 0 0 0.874848 0 0.484397 0 -4.78555 0 262.875 1 0
0.484397 0 -0.874848 0 0 1 0 0 0.874848 0 0.484397 0 -4.78555 0 262.875 1 0
0.484397 0 -0.874848 0 0 1 0 0 0.874848 0 0.484397 0 -4.78555 0 262.875 1 0
0.484397 0 -0.874848 0 0 1 0 0 0.874848 0 0.484397 0 -4.78555 0 262.875 1 0
0.484397 0 -0.874848 0 0 1 0 0 0.874848 0 0.484397 0 -4.78555 0 262.875 1 0
0.484397 0 -0.874848 0 0 1 0 0 0.874848 0 0.484397 0 -4.78555 0 262.875 1 0
0.484397 0 -0.874848 0 0 1 0 0 0.874848 0 0.484397 0 -4.78555 0 262.875 1 0
0.484397 0 -0.874848 0 0 1 0 0 0.874848 0 0.484397 0 -4.78555 0 262.875 1 0
0.484397 0 -0.874848 0 0 1 0 0 0.874848 0 0.484397 0 -4.78555 0 262.875 1 0
0.484397 0 -0.874848 0 0 1 0 0 0.874848 0 0.484397 0 -4.78555 0 262.875 1 0
0.484397 0 -0.874848 0 0 1 0 0 0.874848 0 0.484397 0 -4.78555 0 262.875 1 0
0.484397 0 -0.874848 0 0 1 0 0 0.874848 0 0.484397 0 -4.78555 0 262.875 1 0
0.484397 0 -0.874848 0 0 1 0 0 0.874848 0 0.484397 0 -4.78555 0 262.875 1 0
0.484397 0 -0.874848 0 0 1 0 0 0.874848 0 0.484397 0 -4.78555 0 262.875 1 0
0.484397 0 -0.874848 0 0 1 0 0 0.874848 0 0.484397 0 -4.78555 0 262.875 1 0
0.484397 0 -0.874848 0 0 1 0 0 0.874848 0 0.484397 0 -4.78555 0 262.875 1 0
0.484397 0 -0.874848 0 0 1 0 0 0.874848 0 0.484397 0 -4.78555 0 262.875 1 0
0.484397 0 -0.874848 0 0 1 0 0 0.874848 0 0.484397 0 -4.78555 0 262.875 1 0
0.484397 0 -0.874848 0 0 1 0 0 0.874848 0 0.484397 0 -4.78555 0 262.875 1 0
0.484397 0 -0.874848 0 0 1 0 0 0.874848 0 0.484397 0 -4.78555 0 262.875 1 0
0.484397 0 -0.874848 0 0 1 0 0 0.874848 0 0.484397 0 -4.78555 0 262.875 1 0
0.484397 0 -0.874848 0 0 1 0 0 0.874848 0 0.484397 0 -4.78555 0 262.875 1 0
0.484397 0 -0.874848 0 0 1 0 0 0.874848 0 0.484397 0 -4.78555 0 262.875 1 0
0.484397 0 -0.874848 0 0 1 0 0 0.874848 0 0.484397 0 -4.78555 0 262.875 1 0
0.484397 0 -0.874848 0 0 1 0 0 0.874848 0 0.484397 0 -4.78555 0 262.875 1 0
0.484397 0 -0.874848 0 0 1 0 0 0.874848 0 0.484397 0 -4.78555 0 262.875 1 0
0.484397 0 -0.874848 0 0 1 0 0 0.874848 0 0.484397 0 -4.78555 0 262.875 1 0
0.484397 0 -0.874848 0 0 1 0 0 0.874848 0 0.484397 0 -4.78555 0 262.875 1 0
0.484397 0 -0.874848 0 0 1 0 0 0.874848 0 0.484397 0 -4.78555 0 262.875 1 0
0.484397 0 -0.874848 0 0 1 0 0 0.874848 0 0.484397 0 -4.78555 0 262.875 1 0
0.484397 0 -0.874848 0 0 1 0 0 0.874848 0 0.484397 0 -4.78555 0 262.875 1 0
0.484397 0 -0.874848 0 0 1 0 0 0.874848 0 0.484397 0 -4.78555 0 262.875 1 0
0.484397 0 -0.874848 0 0 1 0 0 0.874848 0 0.484397 0 -4.78555 0 262.875 1 0
0.484397 0 -0.874848 0 0 1 0 0 0.874848 0 0.484397 0 -4.78555 0 262.875 1 0
0.484397 0 -0.874848 0 0 1 0 0 0.874848 0 0.484397 0 -4.78555 0 262.875 1 0
0.484397 0 -0.874848 0 0 1 0 0 0.874848 0 0.484397 0 -4.78555 0 262.875 1 0
0.484397 0 -0.874848 0 0 1 0 0 0.874848 0 0.484397 0 -4.78555 0 262.875 1 0
0.484397 0 -0.874848 0 0 1 0 0 0.874848 0 0.484397 0 -4.78555 0 262.875 1 0
0.484397 0 -0.874848 0 0 1 0 0 0.874848 0 0.484397 0 -4.78555 0 262.875 1 0
0.484397 0 -0.874848 0 0 1 0 0 0.874848 0 0.484397 0 -4.78555 0 262.875 1 0
0.484397 0 -0.874848 0 0 1 0 0 0.874848 0 0.484397 0 -4.78555 0 262.875 1 0
0.484397 0 -0.874848 0 0 1 0 0 0.874848 0 0.484397 0 -4.78555 0 262.875 1 0
0.484397 0 -0.874848 0 0 1 0 0 0.874848 0 0.484397 0 -4.78555 0 262.875 1 0
0.484397 0 -0.874848 0 0 1 0 0 0.874848 0 0.484397 0 -4.78555 0 262.875 1 0
0.484397 0 -0.874848 0 0 1 0 0 0.874848 0 0.484397 0 -4.78555 0 262.875 1 0
0.484397 0 -0.874848 0 0 1 0 0 0.874848 0 0.484397 0 -4.78555 0 262.875 1 0
0.484397 0 -0.874848 0 0 1 0 0 0.874848 0 0.484397 0 -4.78555 0 262.875 1 0
0.484397 0 -0.874848 0 0 1 0 0 0.874848 0 0.484397 0 -4.78555 0 262.875 1 0
0.484397 0 -0.874848 0 0 1 0 0 0.874848 0 0.484397 0 -4.78555 0 262.875 1 0
0.484397 0 -0.874848 0 0 1 0 0 0.874848 0 0.484397 0 -4.78555 0 262.875 1 0
0.484397 0 -0.874848 0 0 1 0 0 0.874848 0 0.484397 0 -4.78555 0 262.875 1 0
0.484397 0 -0.874848 0 0 1 0 0 0.874848 0 0.484397 0 -4.78555 0 262.875 1 0
0.484397 0 -0.874848 0 0 1 0 0 0.874848 0 0.484397 0 -4.78555 0 262.875 1 0
0.484397 0 -0.874848 0 0 1 0 0 0.874848 0 0.484397 0 -4.78555 0 262.875 1 0
0.484397 0 -0.874848 0 0 1 0 0 0.874848 0 0.484397 0 -4.78555 0 262.875 1 0
0.484397 0 -0.874848 0 0 1 0 0 0.874848 0 0.484397 0 -4.78555 0 262.875 1 0
0.484397 0 -0.874848 0 0 1 0 0 0.874848 0 0.484397 0 -4.78555 0 262.875 1 0
0.484397 0 -0.874848 0 0 1 0 0 0.874848 0 0.484397 0 -4.78555 0 262.875 1 0
0.484397 0 -0.874848 0 0 1 0 0 0.874848 0 0.484397 0 -4.78555 0 262.875 1 0
0.484397 0 -0.874848 0 0 1 0 0 0.874848 0 0.484397 0 -4.78555 0 262.875 1 0
0.484397 0 -0.874848 0 0 1 0 0 0.874848 0 0.484397 0 -4.78555 0 262.875 1 0
0.484397 0 -0.874848 0 0 1 0 0 0.874848 0 0.484397 0 -4.78555 0 262.875 1 0
0.484397 0 -0.874848 0 0 1 0 0 0.874848 0 0.484397 0 -4.78555 0 262.875 1 0
0.484397 0 -0.874848 0 0 1 0 0 0.874848 0 0.484397 0 -4.78555 0 262.875 1 0
0.484397 0 -0.874848 0 0 1 0 0 0.874848 0 0.484397 0 -4.78555 0 262.875 1 0
0.484397 0 -0.874848 0 0 1 0 0 0.874848 0 0.484397 0 -4.78555 0 262.875 1 0
0.484397 0 -0.874848 0 0 1 0 0 0.874848 0 0.484397 0 -4.78555 0 262.875 1 0
0.484397 0 -0.874848 0 0 1 0 0 0.874848 0 0.484397 0 -4.78555 0 262.875 1 0
0.484397 0 -0.874848 0 0 1 0 0 0.874848 0 0.484397 0 -4.78555 0 262.875 1 0
0.484397 0 -0.874848 0 0 1 0 0 0.874848 0 0.484397 0 -4.78555 0 262.875 1 0
0.484397 0 -0.874848 0 0 1 0 0 0.874848 0 0.484397 0 -4.78555 0 262.875 1 0
0.484397 0 -0.874848 0 0 1 0 0 0.874848 0 0.484397 0 -4.78555 0 262.875 1 0
0.484397 0 -0.874848 0 0 1 0 0 0.874848 0 0.484397 0 -4.78555 0 262.875 1 0
0.484397 0 -0.874848 0 0 1 0 0 0.874848 0 0.484397 0 -4.78555 0 262.875 1 0
0.484397 0 -0.874848 0 0 1 0 0 0.874848 0 0.484397 0 -4.78555 0 262.875 1 0
0.484397 0 -0.874848 0 0 1 0 0 0.874848 0 0.484397 0 -4.78555 0 262.875 1 0
0.484397 0 -0.874848 0 0 1 0 0 0.874848 0 0.484397 0 -4.78555 0 262.875 1 0
0.484397 0 -0.874848 0 0 1 0 0 0.874848 0 0.484397 0 -4.78555 0 262.875 1 0
0.484397 0 -0.874848 0 0 1 0 0 0.874848 0 0.484397 0 -4.78555 0 262.875 1 0
0.484397 0 -0.874848 0 0 1 0 0 0.874848 0 0.484397 0 -4.78555 0 262.875 1 0
0.260556 0.0831269 -0.961873 0 -0.0145539 0.996511 0.0821779 0 0.965349 -0.00741297 0.260857 0 97.6563 217.821 -405.766 1 1
0.255423 0.0762426 -0.963819 0 -0.0255964 0.99707 0.0720896 0 0.966491 0.00625697 0.256626 0 132.415 222.292 -478.816 1 1
0.252373 0.0923413 -0.963214 0 -0.0349037 0.995657 0.0863064 0 0.967 0.0118383 0.2545 0 132.817 196.092 -495.583 1 3
0.248883 0.103793 -0.962956 0 -0.0428546 0.994448 0.0961117 0 0.967585 0.0173466 0.251949 0 132.51 171.718 -509.637 1 3
0.245575 0.111054 -0.962995 0 -0.0494253 0.993558 0.101975 0 0.968117 0.0225538 0.249482 0 131.046 149.512 -521.523 1 3
0.242305 0.114172 -0.963459 0 -0.054129 0.993096 0.104071 0 0.968689 0.0269341 0.246812 0 128.281 128.989 -531.638 1 3
0.239129 0.112076 -0.964498 0 -0.0551743 0.99328 0.101741 0 0.969419 0.0288863 0.243706 0 124.069 107.016 -540.363 1 3
0.235558 0.104454 -0.966231 0 -0.0524893 0.994124 0.0946732 0 0.970442 0.0284157 0.239656 0 118.296 84.3586 -548.078 1 3
0.231368 0.0900801 -0.968687 0 -0.0478939 0.995551 0.0811389 0 0.971687 0.0276212 0.234653 0 112.32 60.2857 -554.692 1 3
0.22691 0.0738811 -0.971109 0 -0.0423866 0.996923 0.065941 0 0.972993 0.0261994 0.229343 0 105.987 41.5088 -560.536 1 3
0.221993 0.0580193 -0.973321 0 -0.0363713 0.998026 0.0511965 0 0.97437 0.0240357 0.223665 0 99.4697 28.1164 -566.325 1 3
0.216686 0.043642 -0.975265 0 -0.0302551 0.998821 0.037974 0 0.975773 0.0212784 0.21775 0 92.7796 18.8125 -572.457 1 3
0.211189 0.0316986 -0.976931 0 -0.0248849 0.999324 0.0270456 0 0.977128 0.0185991 0.211835 0 86.2899 12.5138 -579.122 1 3
0.206206 0.0223211 -0.978254 0 -0.0201798 0.999624 0.018555 0 0.9783 0.0159148 0.206579 0 80.0184 8.43735 -585.945 1 3
0.201897 0.0150956 -0.97929 0 -0.0164647 0.999792 0.0120171 0 0.979268 0.0136974 0.202104 0 74.3891 5.91093 -592.545 1 3
0.197917 0.00995791 -0.980168 0 -0.0135628 0.99988 0.00741955 0 0.980125 0.0118254 0.198029 0 69.1451 4.30059 -599.26 1 3
0.193611 0.00595931 -0.98106 0 -0.0115393 0.999926 0.00379663 0 0.98101 0.0105857 0.193666 0 64.2048 3.30867 -605.968 1 3
0.189344 0.00300498 -0.981906 0 -0.0098834 0.99995 0.00115436 0 0.981861 0.009486 0.189364 0 59.6124 2.70184 -612.424 1 3
0.185135 0.000477659 -0.982713 0 -0.00839905 0.999964 -0.00109627 0 0.982677 0.00845682 0.185133 0 55.3785 2.07846 -618.601 1 3
0.181172 -0.00117905 -0.983451 0 -0.00723632 0.999971 -0.00253194 0 0.983425 0.00757528 0.181158 0 52.0729 1.71288 -624.203 1 3
0.17739 -0.00241304 -0.984138 0 -0.00638541 0.999973 -0.00360283 0 0.98412 0.00692323 0.17737 0 48.9967 1.3265 -629.305 1 3
0.173851 -0.00331642 -0.984766 0 -0.00579028 0.999974 -0.00438985 0 0.984755 0.00646526 0.173827 0 46.1562 0.915948 -634.052 1 3
0.170683 -0.00410588 -0.985317 0 -0.00527829 0.999973 -0.00508129 0 0.985312 0.00606809 0.170657 0 43.6631 0.556694 -638.41 1 3
0.168037 -0.00468419 -0.98577 0 -0.00503555 0.999972 -0.00561004 0 0.985768 0.00590659 0.168009 0 41.467 0.266426 -642.367 1 3
0.165482 -0.00506378 -0.9862 0 -0.0047521 0.999971 -0.00593189 0 0.986201 0.00566814 0.165454 0 39.34 0.123382 -646.05 1 3
0.163555 -0.00530842 -0.98652 0 -0.00458656 0.999971 -0.0061412 0 0.986524 0.00552915 0.163525 0 37.4614 -0.0324972 -649.331 1 3
0.161812 -0.00553407 -0.986806 0 -0.00443668 0.99997 -0.00633541 0 0.986812 0.0054033 0.161783 0 35.804 -0.209499 -652.478 1 3
0.160237 -0.00563447 -0.987062 0 -0.00426227 0.99997 -0.00640008 0 0.987069 0.00523266 0.160208 0 34.212 -0.38576 -655.6 1 3
0.158915 -0.00570714 -0.987276 0 -0.00408763 0.999971 -0.00643848 0 0.987284 0.00505879 0.158887 0 32.6133 -0.61436 -658.58 1 3
0.157731 -0.00573208 -0.987466 0 -0.00388559 0.999972 -0.00642533 0 0.987475 0.00485036 0.157704 0 31.0753 -0.828884 -661.598 1 3
0.156595 -0.00573013 -0.987646 0 -0.00365185 0.999973 -0.00638066 0 0.987656 0.00460591 0.15657 0 29.6361 -1.02621 -664.52 1 3
0.155554 -0.00573142 -0.987811 0 -0.00355248 0.999973 -0.00636141 0 0.987821 0.00449872 0.15553 0 28.3475 -1.18619 -667.411 1 3
0.154607 -0.00572738 -0.987959 0 -0.00347164 0.999974 -0.00634031 0 0.98797 0.00441009 0.154583 0 27.096 -1.30675 -670.199 1 3
0.153736 -0.00577173 -0.988095 0 -0.00341879 0.999974 -0.00637304 0 0.988106 0.00435786 0.153712 0 25.9272 -1.53469 -672.922 1 3
0.152992 -0.00575974 -0.988211 0 -0.0034548 0.999974 -0.00636316 0 0.988221 0.00438758 0.152968 0 24.8498 -1.74428 -675.635 1 3
0.152405 -0.00572071 -0.988302 0 -0.00348593 0.999974 -0.00632583 0 0.988312 0.00440923 0.152381 0 23.8464 -1.9816 -678.263 1 3
0.151898 -0.00566082 -0.98838 0 -0.00345335 0.999974 -0.00625795 0 0.98839 0.00436379 0.151874 0 22.9283 -2.20967 -680.753 1 3
0.151857 -0.00463634 -0.988392 0 -0.00372194 0.999979 -0.00526254 0 0.988395 0.00447789 0.151837 0 21.0895 -1.72613 -683.329 1 3
0.151854 -0.00386311 -0.988395 0 -0.0038023 0.999983 -0.00449257 0 0.988396 0.00444039 0.151837 0 19.5785 -1.57638 -685.8 1 3
0.151749 -0.00332967 -0.988413 0 -0.00378344 0.999985 -0.00394952 0 0.988412 0.00433894 0.151734 0 18.2001 -1.52192 -688.145 1 3
0.151491 -0.00301216 -0.988454 0 -0.00368953 0.999987 -0.00361277 0 0.988452 0.00419423 0.151478 0 17.0147 -1.57872 -690.423 1 3
0.151087 -0.00278839 -0.988517 0 -0.00361334 0.999988 -0.00337302 0 0.988514 0.00408147 0.151075 0 16.0053 -1.64466 -692.404 1 3
0.150644 -0.00251136 -0.988585 0 -0.00355053 0.999989 -0.00308137 0 0.988582 0.00397419 0.150633 0 15.1721 -1.68032 -694.252 1 3
0.150263 -0.002322 -0.988643 0 -0.00353037 0.99999 -0.00288523 0 0.98864 0.00392382 0.150253 0 14.3772 -1.76748 -695.938 1 3
0.149815 -0.0021691 -0.988712 0 -0.0035547 0.99999 -0.00273247 0 0.988708 0.00392393 0.149806 0 13.6998 -1.86518 -697.449 1 3
0.149475 -0.0020523 -0.988763 0 -0.00356874 0.99999 -0.0026151 0 0.988759 0.00391953 0.149466 0 13.1228 -1.95052 -698.751 1 3
0.149205 -0.00198371 -0.988804 0 -0.00360179 0.99999 -0.00254964 0 0.9888 0.00394189 0.149196 0 12.6541 -2.02888 -699.858 1 3
