0.210864 0 -0.977515 0 0 1 0 0 0.977515 0 0.210864 0 -1359.45 0 -1111.27 1 0
0.210864 0 -0.977515 0 0 1 0 0 0.977515 0 0.210864 0 -1359.45 0 -1111.27 1 0
0.210864 0 -0.977515 0 0 1 0 0 0.977515 0 0.210864 0 -1359.45 0 -1111.27 1 0
0.210864 0 -0.977515 0 0 1 0 0 0.977515 0 0.210864 0 -1359.45 0 -1111.27 1 0
0.210864 0 -0.977515 0 0 1 0 0 0.977515 0 0.210864 0 -1359.45 0 -1111.27 1 0
0.210864 0 -0.977515 0 0 1 0 0 0.977515 0 0.210864 0 -1359.45 0 -1111.27 1 0
0.210864 0 -0.977515 0 0 1 0 0 0.977515 0 0.210864 0 -1359.45 0 -1111.27 1 0
0.210864 0 -0.977515 0 0 1 0 0 0.977515 0 0.210864 0 -1359.45 0 -1111.27 1 0
0.210864 0 -0.977515 0 0 1 0 0 0.977515 0 0.210864 0 -1359.45 0 -1111.27 1 0
0.210864 0 -0.977515 0 0 1 0 0 0.977515 0 0.210864 0 -1359.45 0 -1111.27 1 0
0.210864 0 -0.977515 0 0 1 0 0 0.977515 0 0.210864 0 -1359.45 0 -1111.27 1 0
0.210864 0 -0.977515 0 0 1 0 0 0.977515 0 0.210864 0 -1359.45 0 -1111.27 1 0
0.210864 0 -0.977515 0 0 1 0 0 0.977515 0 0.210864 0 -1359.45 0 -1111.27 1 0
0.210864 0 -0.977515 0 0 1 0 0 0.977515 0 0.210864 0 -1359.45 0 -1111.27 1 0
0.210864 0 -0.977515 0 0 1 0 0 0.977515 0 0.210864 0 -1359.45 0 -1111.27 1 0
0.210864 0 -0.977515 0 0 1 0 0 0.977515 0 0.210864 0 -1359.45 0 -1111.27 1 0
0.210864 0 -0.977515 0 0 1 0 0 0.977515 0 0.210864 0 -1359.45 0 -1111.27 1 0
0.210864 0 -0.977515 0 0 1 0 0 0.977515 0 0.210864 0 -1359.45 0 -1111.27 1 0
0.210864 0 -0.977515 0 0 1 0 0 0.977515 0 0.210864 0 -1359.45 0 -1111.27 1 0
0.210864 0 -0.977515 0 0 1 0 0 0.977515 0 0.210864 0 -1359.45 0 -1111.27 1 0
0.210864 0 -0.977515 0 0 1 0 0 0.977515 0 0.210864 0 -1359.45 0 -1111.27 1 0
0.210864 0 -0.977515 0 0 1 0 0 0.977515 0 0.210864 0 -1359.45 0 -1111.27 1 0
0.210864 0 -0.977515 0 0 1 0 0 0.977515 0 0.210864 0 -1359.45 0 -1111.27 1 0
0.210864 0 -0.977515 0 0 1 0 0 0.977515 0 0.210864 0 -1359.45 0 -1111.27 1 0
0.210864 0 -0.977515 0 0 1 0 0 0.977515 0 0.210864 0 -1359.45 0 -1111.27 1 0
0.210864 0 -0.977515 0 0 1 0 0 0.977515 0 0.210864 0 -1359.45 0 -1111.27 1 0
0.210864 0 -0.977515 0 0 1 0 0 0.977515 0 0.210864 0 -1359.45 0 -1111.27 1 0
0.210864 0 -0.977515 0 0 1 0 0 0.977515 0 0.210864 0 -1359.45 0 -1111.27 1 0
0.210864 0 -0.977515 0 0 1 0 0 0.977515 0 0.210864 0 -1359.45 0 -1111.27 1 0
0.210864 0 -0.977515 0 0 1 0 0 0.977515 0 0.210864 0 -1359.45 0 -1111.27 1 0
0.210864 0 -0.977515 0 0 1 0 0 0.977515 0 0.210864 0 -1359.45 0 -1111.27 1 0
0.210864 0 -0.977515 0 0 1 0 0 0.977515 0 0.210864 0 -1359.45 0 -1111.27 1 0
0.210864 0 -0.977515 0 0 1 0 0 0.977515 0 0.210864 0 -1359.45 0 -1111.27 1 0
0.210864 0 -0.977515 0 0 1 0 0 0.977515 0 0.210864 0 -1359.45 0 -1111.27 1 0
0.210864 0 -0.977515 0 0 1 0 0 0.977515 0 0.210864 0 -1359.45 0 -1111.27 1 0
0.210864 0 -0.977515 0 0 1 0 0 0.977515 0 0.210864 0 -1359.45 0 -1111.27 1 0
0.210864 0 -0.977515 0 0 1 0 0 0.977515 0 0.210864 0 -1359.45 0 -1111.27 1 0
0.210864 0 -0.977515 0 0 1 0 0 0.977515 0 0.210864 0 -1359.45 0 -1111.27 1 0
0.210864 0 -0.977515 0 0 1 0 0 0.977515 0 0.210864 0 -1359.45 0 -1111.27 1 0
0.210864 0 -0.977515 0 0 1 0 0 0.977515 0 0.210864 0 -1359.45 0 -1111.27 1 0
0.210864 0 -0.977515 0 0 1 0 0 0.977515 0 0.210864 0 -1359.45 0 -1111.27 1 0
0.210864 0 -0.977515 0 0 1 0 0 0.977515 0 0.210864 0 -1359.45 0 -1111.27 1 0
0.210864 0 -0.977515 0 0 1 0 0 0.977515 0 0.210864 0 -1359.45 0 -1111.27 1 0
0.210864 0 -0.977515 0 0 1 0 0 0.977515 0 0.210864 0 -1359.45 0 -1111.27 1 0
0.210864 0 -0.977515 0 0 1 0 0 0.977515 0 0.210864 0 -1359.45 0 -1111.27 1 0
0.210864 0 -0.977515 0 0 1 0 0 0.977515 0 0.210864 0 -1359.45 0 -1111.27 1 0
0.210864 0 -0.977515 0 0 1 0 0 0.977515 0 0.210864 0 -1359.45 0 -1111.27 1 0
0.210864 0 -0.977515 0 0 1 0 0 0.977515 0 0.210864 0 -1359.45 0 -1111.27 1 0
0.210864 0 -0.977515 0 0 1 0 0 0.977515 0 0.210864 0 -1359.45 0 -1111.27 1 0
0.210864 0 -0.977515 0 0 1 0 0 0.977515 0 0.210864 0 -1359.45 0 -1111.27 1 0
0.210864 0 -0.977515 0 0 1 0 0 0.977515 0 0.210864 0 -1359.45 0 -1111.27 1 0
0.210864 0 -0.977515 0 0 1 0 0 0.977515 0 0.210864 0 -1359.45 0 -1111.27 1 0
0.210864 0 -0.977515 0 0 1 0 0 0.977515 0 0.210864 0 -1359.45 0 -1111.27 1 0
0.210864 0 -0.977515 0 0 1 0 0 0.977515 0 0.210864 0 -1359.45 0 -1111.27 1 0
0.210864 0 -0.977515 0 0 1 0 0 0.977515 0 0.210864 0 -1359.45 0 -1111.27 1 0
0.210864 0 -0.977515 0 0 1 0 0 0.977515 0 0.210864 0 -1359.45 0 -1111.27 1 0
0.210864 0 -0.977515 0 0 1 0 0 0.977515 0 0.210864 0 -1359.45 0 -1111.27 1 0
0.210864 0 -0.977515 0 0 1 0 0 0.977515 0 0.210864 0 -1359.45 0 -1111.27 1 0
0.210864 0 -0.977515 0 0 1 0 0 0.977515 0 0.210864 0 -1359.45 0 -1111.27 1 0
0.210864 0 -0.977515 0 0 1 0 0 0.977515 0 0.210864 0 -1359.45 0 -1111.27 1 0
0.210864 0 -0.977515 0 0 1 0 0 0.977515 0 0.210864 0 -1359.45 0 -1111.27 1 0
0.210864 0 -0.977515 0 0 1 0 0 0.977515 0 0.210864 0 -1359.45 0 -1111.27 1 0
0.210864 0 -0.977515 0 0 1 0 0 0.977515 0 0.210864 0 -1359.45 0 -1111.27 1 0
0.210864 0 -0.977515 0 0 1 0 0 0.977515 0 0.210864 0 -1359.45 0 -1111.27 1 0
0.210864 0 -0.977515 0 0 1 0 0 0.977515 0 0.210864 0 -1359.45 0 -1111.27 1 0
0.210864 0 -0.977515 0 0 1 0 0 0.977515 0 0.210864 0 -1359.45 0 -1111.27 1 0
0.210864 0 -0.977515 0 0 1 0 0 0.977515 0 0.210864 0 -1359.45 0 -1111.27 1 0
0.210864 0 -0.977515 0 0 1 0 0 0.977515 0 0.210864 0 -1359.45 0 -1111.27 1 0
0.210864 0 -0.977515 0 0 1 0 0 0.977515 0 0.210864 0 -1359.45 0 -1111.27 1 0
0.210864 0 -0.977515 0 0 1 0 0 0.977515 0 0.210864 0 -1359.45 0 -1111.27 1 0
0.210864 0 -0.977515 0 0 1 0 0 0.977515 0 0.210864 0 -1359.45 0 -1111.27 1 0
0.210864 0 -0.977515 0 0 1 0 0 0.977515 0 0.210864 0 -1359.45 0 -1111.27 1 0
0.210864 0 -0.977515 0 0 1 0 0 0.977515 0 0.210864 0 -1359.45 0 -1111.27 1 0
0.210864 0 -0.977515 0 0 1 0 0 0.977515 0 0.210864 0 -1359.45 0 -1111.27 1 0
0.210864 0 -0.977515 0 0 1 0 0 0.977515 0 0.210864 0 -1359.45 0 -1111.27 1 0
0.210864 0 -0.977515 0 0 1 0 0 0.977515 0 0.210864 0 -1359.45 0 -1111.27 1 0
0.210864 0 -0.977515 0 0 1 0 0 0.977515 0 0.210864 0 -1359.45 0 -1111.27 1 0
0.210864 0 -0.977515 0 0 1 0 0 0.977515 0 0.210864 0 -1359.45 0 -1111.27 1 0
0.210864 0 -0.977515 0 0 1 0 0 0.977515 0 0.210864 0 -1359.45 0 -1111.27 1 0
0.210864 0 -0.977515 0 0 1 0 0 0.977515 0 0.210864 0 -1359.45 0 -1111.27 1 0
0.210864 0 -0.977515 0 0 1 0 0 0.977515 0 0.210864 0 -1359.45 0 -1111.27 1 0
0.210864 0 -0.977515 0 0 1 0 0 0.977515 0 0.210864 0 -1359.45 0 -1111.27 1 0
0.210864 0 -0.977515 0 0 1 0 0 0.977515 0 0.210864 0 -1359.45 0 -1111.27 1 0
0.210864 0 -0.977515 0 0 1 0 0 0.977515 0 0.210864 0 -1359.45 0 -1111.27 1 0
0.210864 0 -0.977515 0 0 1 0 0 0.977515 0 0.210864 0 -1359.45 0 -1111.27 1 0
0.210864 0 -0.977515 0 0 1 0 0 0.977515 0 0.210864 0 -1359.45 0 -1111.27 1 0
0.210864 0 -0.977515 0 0 1 0 0 0.977515 0 0.210864 0 -1359.45 0 -1111.27 1 0
0.210864 0 -0.977515 0 0 1 0 0 0.977515 0 0.210864 0 -1359.45 0 -1111.27 1 0
0.210864 0 -0.977515 0 0 1 0 0 0.977515 0 0.210864 0 -1359.45 0 -1111.27 1 0
0.210864 0 -0.977515 0 0 1 0 0 0.977515 0 0.210864 0 -1359.45 0 -1111.27 1 0
0.210864 0 -0.977515 0 0 1 0 0 0.977515 0 0.210864 0 -1359.45 0 -1111.27 1 0
0.210864 0 -0.977515 0 0 1 0 0 0.977515 0 0.210864 0 -1359.45 0 -1111.27 1 0
0.210864 0 -0.977515 0 0 1 0 0 0.977515 0 0.210864 0 -1359.45 0 -1111.27 1 0
0.210864 0 -0.977515 0 0 1 0 0 0.977515 0 0.210864 0 -1359.45 0 -1111.27 1 0
0.210864 0 -0.977515 0 0 1 0 0 0.977515 0 0.210864 0 -1359.45 0 -1111.27 1 0
0.210864 0 -0.977515 0 0 1 0 0 0.977515 0 0.210864 0 -1359.45 0 -1111.27 1 0
0.210864 0 -0.977515 0 0 1 0 0 0.977515 0 0.210864 0 -1359.45 0 -1111.27 1 0
0.210864 0 -0.977515 0 0 1 0 0 0.977515 0 0.210864 0 -1359.45 0 -1111.27 1 0
0.210864 0 -0.977515 0 0 1 0 0 0.977515 0 0.210864 0 -1359.45 0 -1111.27 1 0
0.210864 0 -0.977515 0 0 1 0 0 0.977515 0 0.210864 0 -1359.45 0 -1111.27 1 0
0.210864 0 -0.977515 0 0 1 0 0 0.977515 0 0.210864 0 -1359.45 0 -1111.27 1 0
0.210864 0 -0.977515 0 0 1 0 0 0.977515 0 0.210864 0 -1359.45 0 -1111.27 1 0
0.210864 0 -0.977515 0 0 1 0 0 0.977515 0 0.210864 0 -1359.45 0 -1111.27 1 0
0.210864 0 -0.977515 0 0 1 0 0 0.977515 0 0.210864 0 -1359.45 0 -1111.27 1 0
0.210864 0 -0.977515 0 0 1 0 0 0.977515 0 0.210864 0 -1359.45 0 -1111.27 1 0
0.210864 0 -0.977515 0 0 1 0 0 0.977515 0 0.210864 0 -1359.45 0 -1111.27 1 0
0.210864 0 -0.977515 0 0 1 0 0 0.977515 0 0.210864 0 -1359.45 0 -1111.27 1 0
0.210864 0 -0.977515 0 0 1 0 0 0.977515 0 0.210864 0 -1359.45 0 -1111.27 1 0
0.210864 0 -0.977515 0 0 1 0 0 0.977515 0 0.210864 0 -1359.45 0 -1111.27 1 0
0.210864 0 -0.977515 0 0 1 0 0 0.977515 0 0.210864 0 -1359.45 0 -1111.27 1 0
0.036598 0.07108 -0.996799 0 -0.0315867 0.997051 0.0699382 0 0.998831 0.028926 0.0387353 0 -1794.33 219.236 -825.056 1 1
0.0180134 0.0809408 -0.996556 0 -0.0343146 0.996181 0.08029 0 0.999249 0.0327501 0.020722 0 -1775.79 226.387 -899.614 1 1
0.0180134 0.0809408 -0.996556 0 -0.0343146 0.996181 0.08029 0 0.999249 0.0327501 0.020722 0 -1775.79 226.387 -899.614 1 2
0.0180134 0.0809408 -0.996556 0 -0.0343146 0.996181 0.08029 0 0.999249 0.0327501 0.020722 0 -1775.79 226.387 -899.614 1 2
0.0180134 0.0809408 -0.996556 0 -0.0343146 0.996181 0.08029 0 0.999249 0.0327501 0.020722 0 -1775.79 226.387 -899.614 1 2
0.0180134 0.0809408 -0.996556 0 -0.0343146 0.996181 0.08029 0 0.999249 0.0327501 0.020722 0 -1775.79 226.387 -899.614 1 2
0.0180134 0.0809408 -0.996556 0 -0.0343146 0.996181 0.08029 0 0.999249 0.0327501 0.020722 0 -1775.79 226.387 -899.614 1 2
0.0180134 0.0809408 -0.996556 0 -0.0343146 0.996181 0.08029 0 0.999249 0.0327501 0.020722 0 -1775.79 226.387 -899.614 1 2
0.0180134 0.0809408 -0.996556 0 -0.0343146 0.996181 0.08029 0 0.999249 0.0327501 0.020722 0 -1775.79 226.387 -899.614 1 2
0.0180134 0.0809408 -0.996556 0 -0.0343146 0.996181 0.08029 0 0.999249 0.0327501 0.020722 0 -1775.79 226.387 -899.614 1 2
0.0180134 0.0809408 -0.996556 0 -0.0343146 0.996181 0.08029 0 0.999249 0.0327501 0.020722 0 -1775.79 226.387 -899.614 1 2
0.0180134 0.0809408 -0.996556 0 -0.0343146 0.996181 0.08029 0 0.999249 0.0327501 0.020722 0 -1775.79 226.387 -899.614 1 2
0.0180134 0.0809408 -0.996556 0 -0.0343146 0.996181 0.08029 0 0.999249 0.0327501 0.020722 0 -1775.79 226.387 -899.614 1 2
0.0180134 0.0809408 -0.996556 0 -0.0343146 0.996181 0.08029 0 0.999249 0.0327501 0.020722 0 -1775.79 226.387 -899.614 1 2
0.0180134 0.0809408 -0.996556 0 -0.0343146 0.996181 0.08029 0 0.999249 0.0327501 0.020722 0 -1775.79 226.387 -899.614 1 2
0.0180134 0.0809408 -0.996556 0 -0.0343146 0.996181 0.08029 0 0.999249 0.0327501 0.020722 0 -1775.79 226.387 -899.614 1 2
0.0180134 0.0809408 -0.996556 0 -0.0343146 0.996181 0.08029 0 0.999249 0.0327501 0.020722 0 -1775.79 226.387 -899.614 1 2
0.0180134 0.0809408 -0.996556 0 -0.0343146 0.996181 0.08029 0 0.999249 0.0327501 0.020722 0 -1775.79 226.387 -899.614 1 2
0.00965113 0.0931042 -0.99561 0 -0.0408283 0.994862 0.0926385 0 0.99912 0.039755 0.0134028 0 -1779.26 188.206 -907.978 1 3
0.00333714 0.100448 -0.994937 0 -0.0466321 0.993875 0.100185 0 0.998907 0.0460616 0.00800081 0 -1783 152.352 -914.218 1 3
-0.0011317 0.104508 -0.994523 0 -0.0509022 0.993229 0.10443 0 0.998703 0.0507417 0.00419563 0 -1787.54 120.44 -919.615 1 3
-0.00488503 0.105096 -0.99445 0 -0.0537511 0.992997 0.105206 0 0.998542 0.0539667 0.000798202 0 -1793.36 91.5001 -923.56 1 3
-0.00817331 0.102031 -0.994748 0 -0.0537693 0.993297 0.102324 0 0.99852 0.0543232 -0.00263238 0 -1800.4 65.8568 -925.742 1 3
-0.0113686 0.0960204 -0.995314 0 -0.0498605 0.994086 0.0964714 0 0.998691 0.0507237 -0.00651378 0 -1810.04 48.1035 -925.824 1 3
-0.0147278 0.0846029 -0.996306 0 -0.0443646 0.995377 0.0851799 0 0.998907 0.0454553 -0.0109063 0 -1819.65 29.3595 -923.807 1 3
-0.0182537 0.0719821 -0.997239 0 -0.0385248 0.996614 0.0726421 0 0.999091 0.0397445 -0.0154188 0 -1829.28 16.5237 -920.688 1 3
-0.0222362 0.060019 -0.99795 0 -0.0328327 0.997614 0.0607304 0 0.999213 0.0341158 -0.0202125 0 -1838.76 9.77349 -916.978 1 3
-0.0267425 0.0495049 -0.998416 0 -0.027199 0.998367 0.050231 0 0.999272 0.0284992 -0.0253523 0 -1848.02 7.28953 -913.142 1 3
-0.0314237 0.0409595 -0.998667 0 -0.02239 0.99888 0.0416728 0 0.999255 0.0236697 -0.0304714 0 -1856.72 6.81332 -910.054 1 3
-0.0359284 0.0344337 -0.998761 0 -0.0185336 0.999211 0.035116 0 0.999182 0.0197723 -0.0352619 0 -1864.79 7.71381 -908.231 1 3
-0.0398044 0.0294613 -0.998773 0 -0.0155589 0.999426 0.0301007 0 0.999086 0.0167379 -0.0393232 0 -1871.8 9.44266 -907.448 1 3
-0.0433874 0.0260256 -0.998719 0 -0.013396 0.999556 0.0266294 0 0.998969 0.0145343 -0.0430195 0 -1878.08 11.3204 -907.474 1 3
-0.047071 0.0233209 -0.998619 0 -0.0119899 0.999642 0.0239099 0 0.99882 0.0130988 -0.0467745 0 -1884.03 12.5554 -907.287 1 3
-0.0506922 0.0215384 -0.998482 0 -0.0109244 0.999696 0.0221192 0 0.998655 0.0120291 -0.0504415 0 -1889.51 13.8629 -906.898 1 3
-0.0543141 0.0200472 -0.998323 0 -0.00994542 0.999738 0.0206167 0 0.998474 0.0110485 -0.0541005 0 -1894.64 14.9347 -906.104 1 3
-0.0578714 0.0189526 -0.998144 0 -0.00928601 0.999766 0.0195218 0 0.998281 0.0103985 -0.0576819 0 -1899.22 15.7068 -904.879 1 3
-0.0612021 0.0182727 -0.997958 0 -0.00853852 0.999786 0.0188298 0 0.998089 0.00967351 -0.061033 0 -1903.39 16.599 -903.568 1 3
-0.0641467 0.0176366 -0.997785 0 -0.00798869 0.999803 0.0181859 0 0.997909 0.00913755 -0.0639932 0 -1907.05 17.1812 -902.454 1 3
-0.0667606 0.0170323 -0.997624 0 -0.00754962 0.999817 0.017575 0 0.99774 0.008705 -0.0666198 0 -1910.23 17.4952 -901.714 1 3
-0.0688149 0.0166168 -0.997491 0 -0.00722287 0.999827 0.017154 0 0.997603 0.00838519 -0.0686829 0 -1912.92 17.7065 -901.683 1 3
-0.0706264 0.0165745 -0.997365 0 -0.00690249 0.99983 0.0171043 0 0.997479 0.00809232 -0.0704999 0 -1915.41 18.1798 -901.912 1 3
-0.0719445 0.0166893 -0.997269 0 -0.00661606 0.99983 0.0172094 0 0.997387 0.00783611 -0.0718218 0 -1917.43 18.5427 -902.791 1 3
-0.0731062 0.0168611 -0.997182 0 -0.00628893 0.999829 0.017367 0 0.997304 0.00754084 -0.0729877 0 -1919.22 18.9533 -903.888 1 3
-0.0741552 0.0170835 -0.9971 0 -0.00590178 0.999828 0.0175692 0 0.997229 0.00718752 -0.0740416 0 -1920.91 19.5038 -905.192 1 3
-0.0750864 0.0172406 -0.997028 0 -0.00554751 0.999828 0.0177068 0 0.997162 0.00686057 -0.0749778 0 -1922.59 19.9919 -906.578 1 3
-0.07596 0.0173972 -0.996959 0 -0.00509464 0.999828 0.0178354 0 0.997098 0.00643392 -0.0758583 0 -1924.15 20.6676 -908.008 1 3
-0.0769026 0.0175726 -0.996884 0 -0.00475306 0.999827 0.0179912 0 0.997027 0.00612182 -0.0768058 0 -1925.61 21.1544 -909.205 1 3
-0.0778417 0.0177584 -0.996808 0 -0.00466186 0.999824 0.0181762 0 0.996955 0.00606185 -0.0777452 0 -1926.85 21.198 -910.652 1 3
-0.0786603 0.0179498 -0.99674 0 -0.00463817 0.99982 0.0183713 0 0.996891 0.00606815 -0.078563 0 -1927.99 21.2084 -912.202 1 3
-0.0793468 0.0182044 -0.996681 0 -0.00453413 0.999816 0.0186226 0 0.996837 0.00599672 -0.0792497 0 -1929.06 21.1867 -913.933 1 3
-0.0799731 0.0183804 -0.996628 0 -0.00451892 0.999813 0.0188017 0 0.996787 0.00600732 -0.0798751 0 -1930.09 21.0261 -915.674 1 3
-0.0804966 0.018491 -0.996583 0 -0.00452616 0.999811 0.0189165 0 0.996745 0.00603341 -0.0803976 0 -1931.03 20.7846 -917.444 1 3
-0.0809291 0.0185565 -0.996547 0 -0.00451374 0.99981 0.0189838 0 0.99671 0.0060345 -0.08083 0 -1931.92 20.5866 -919.172 1 3
-0.0808831 0.0201191 -0.996521 0 -0.00489866 0.999776 0.0205824 0 0.996712 0.00654639 -0.0807664 0 -1934.35 21.2631 -922.394 1 3
-0.0808934 0.0212059 -0.996497 0 -0.00498774 0.999753 0.02168 0 0.99671 0.00672404 -0.0807676 0 -1936.22 21.7901 -925.143 1 3
-0.0810983 0.0219991 -0.996463 0 -0.0050353 0.999735 0.0224812 0 0.996693 0.00684067 -0.080966 0 -1937.86 22.0359 -927.287 1 3
-0.0814227 0.0223647 -0.996429 0 -0.00500758 0.999726 0.0228479 0 0.996667 0.00685003 -0.0812884 0 -1939.26 22.2238 -928.951 1 3
-0.081821 0.02266 -0.996389 0 -0.00492266 0.99972 0.02314 0 0.996635 0.00679822 -0.0816865 0 -1940.49 22.4251 -930.106 1 3
-0.0822406 0.0229103 -0.996349 0 -0.00489265 0.999714 0.0233915 0 0.9966 0.00679851 -0.082105 0 -1941.52 22.5251 -931.057 1 3
-0.0826046 0.0230904 -0.996315 0 -0.00488043 0.99971 0.0235737 0 0.99657 0.00680974 -0.082468 0 -1942.47 22.5169 -931.961 1 3
-0.0829952 0.0232242 -0.996279 0 -0.00488626 0.999707 0.0237112 0 0.996538 0.00683599 -0.0828574 0 -1943.3 22.4169 -932.589 1 3
-0.0833144 0.0233284 -0.99625 0 -0.00489105 0.999704 0.0238184 0 0.996511 0.00685712 -0.0831757 0 -1943.97 22.332 -933.214 1 3
-0.0835672 0.0233906 -0.996228 0 -0.00490488 0.999703 0.0238837 0 0.99649 0.00688227 -0.0834276 0 -1944.52 22.2202 -933.797 1 3
