0.0987067 0 0.995117 0 0 1 0 0 -0.995117 0 0.0987067 0 -3525.91 0 57.1227 1 0
0.0987067 0 0.995117 0 0 1 0 0 -0.995117 0 0.0987067 0 -3525.91 0 57.1227 1 0
0.0987067 0 0.995117 0 0 1 0 0 -0.995117 0 0.0987067 0 -3525.91 0 57.1227 1 0
0.0987067 0 0.995117 0 0 1 0 0 -0.995117 0 0.0987067 0 -3525.91 0 57.1227 1 0
0.0987067 0 0.995117 0 0 1 0 0 -0.995117 0 0.0987067 0 -3525.91 0 57.1227 1 0
0.0987067 0 0.995117 0 0 1 0 0 -0.995117 0 0.0987067 0 -3525.91 0 57.1227 1 0
0.0987067 0 0.995117 0 0 1 0 0 -0.995117 0 0.0987067 0 -3525.91 0 57.1227 1 0
0.0987067 0 0.995117 0 0 1 0 0 -0.995117 0 0.0987067 0 -3525.91 0 57.1227 1 0
0.0987067 0 0.995117 0 0 1 0 0 -0.995117 0 0.0987067 0 -3525.91 0 57.1227 1 0
0.0987067 0 0.995117 0 0 1 0 0 -0.995117 0 0.0987067 0 -3525.91 0 57.1227 1 0
0.0987067 0 0.995117 0 0 1 0 0 -0.995117 0 0.0987067 0 -3525.91 0 57.1227 1 0
0.0987067 0 0.995117 0 0 1 0 0 -0.995117 0 0.0987067 0 -3525.91 0 57.1227 1 0
0.0987067 0 0.995117 0 0 1 0 0 -0.995117 0 0.0987067 0 -3525.91 0 57.1227 1 0
0.0987067 0 0.995117 0 0 1 0 0 -0.995117 0 0.0987067 0 -3525.91 0 57.1227 1 0
0.0987067 0 0.995117 0 0 1 0 0 -0.995117 0 0.0987067 0 -3525.91 0 57.1227 1 0
0.0987067 0 0.995117 0 0 1 0 0 -0.995117 0 0.0987067 0 -3525.91 0 57.1227 1 0
0.0987067 0 0.995117 0 0 1 0 0 -0.995117 0 0.0987067 0 -3525.91 0 57.1227 1 0
0.0987067 0 0.995117 0 0 1 0 0 -0.995117 0 0.0987067 0 -3525.91 0 57.1227 1 0
0.0987067 0 0.995117 0 0 1 0 0 -0.995117 0 0.0987067 0 -3525.91 0 57.1227 1 0
0.0987067 0 0.995117 0 0 1 0 0 -0.995117 0 0.0987067 0 -3525.91 0 57.1227 1 0
0.0987067 0 0.995117 0 0 1 0 0 -0.995117 0 0.0987067 0 -3525.91 0 57.1227 1 0
0.0987067 0 0.995117 0 0 1 0 0 -0.995117 0 0.0987067 0 -3525.91 0 57.1227 1 0
0.0987067 0 0.995117 0 0 1 0 0 -0.995117 0 0.0987067 0 -3525.91 0 57.1227 1 0
0.0987067 0 0.995117 0 0 1 0 0 -0.995117 0 0.0987067 0 -3525.91 0 57.1227 1 0
0.0987067 0 0.995117 0 0 1 0 0 -0.995117 0 0.0987067 0 -3525.91 0 57.1227 1 0
0.0987067 0 0.995117 0 0 1 0 0 -0.995117 0 0.0987067 0 -3525.91 0 57.1227 1 0
0.0987067 0 0.995117 0 0 1 0 0 -0.995117 0 0.0987067 0 -3525.91 0 57.1227 1 0
0.0987067 0 0.995117 0 0 1 0 0 -0.995117 0 0.0987067 0 -3525.91 0 57.1227 1 0
0.0987067 0 0.995117 0 0 1 0 0 -0.995117 0 0.0987067 0 -3525.91 0 57.1227 1 0
0.0987067 0 0.995117 0 0 1 0 0 -0.995117 0 0.0987067 0 -3525.91 0 57.1227 1 0
0.0987067 0 0.995117 0 0 1 0 0 -0.995117 0 0.0987067 0 -3525.91 0 57.1227 1 0
0.0987067 0 0.995117 0 0 1 0 0 -0.995117 0 0.0987067 0 -3525.91 0 57.1227 1 0
0.0987067 0 0.995117 0 0 1 0 0 -0.995117 0 0.0987067 0 -3525.91 0 57.1227 1 0
0.0987067 0 0.995117 0 0 1 0 0 -0.995117 0 0.0987067 0 -3525.91 0 57.1227 1 0
0.0987067 0 0.995117 0 0 1 0 0 -0.995117 0 0.0987067 0 -3525.91 0 57.1227 1 0
0.0987067 0 0.995117 0 0 1 0 0 -0.995117 0 0.0987067 0 -3525.91 0 57.1227 1 0
0.0987067 0 0.995117 0 0 1 0 0 -0.995117 0 0.0987067 0 -3525.91 0 57.1227 1 0
0.0987067 0 0.995117 0 0 1 0 0 -0.995117 0 0.0987067 0 -3525.91 0 57.1227 1 0
0.0987067 0 0.995117 0 0 1 0 0 -0.995117 0 0.0987067 0 -3525.91 0 57.1227 1 0
0.0987067 0 0.995117 0 0 1 0 0 -0.995117 0 0.0987067 0 -3525.91 0 57.1227 1 0
0.0987067 0 0.995117 0 0 1 0 0 -0.995117 0 0.0987067 0 -3525.91 0 57.1227 1 0
0.0987067 0 0.995117 0 0 1 0 0 -0.995117 0 0.0987067 0 -3525.91 0 57.1227 1 0
0.0987067 0 0.995117 0 0 1 0 0 -0.995117 0 0.0987067 0 -3525.91 0 57.1227 1 0
0.0987067 0 0.995117 0 0 1 0 0 -0.995117 0 0.0987067 0 -3525.91 0 57.1227 1 0
0.128222 -0.0575074 0.990077 0 0.0133106 0.998327 0.0562628 0 -0.991656 0.00596441 0.128773 0 -3286.09 -61.5706 1306.08 1 1
0.136809 -0.0507022 0.989299 0 0.0035779 0.998708 0.0506896 0 -0.990591 -0.00339519 0.136814 0 -3292.47 -67.2466 1382.07 1 1
0.136809 -0.0507022 0.989299 0 0.0035779 0.998708 0.0506896 0 -0.990591 -0.00339519 0.136814 0 -3292.47 -67.2466 1382.07 1 2
0.136809 -0.0507022 0.989299 0 0.0035779 0.998708 0.0506896 0 -0.990591 -0.00339519 0.136814 0 -3292.47 -67.2466 1382.07 1 2
0.136809 -0.0507022 0.989299 0 0.0035779 0.998708 0.0506896 0 -0.990591 -0.00339519 0.136814 0 -3292.47 -67.2466 1382.07 1 2
0.136809 -0.0507022 0.989299 0 0.0035779 0.998708 0.0506896 0 -0.990591 -0.00339519 0.136814 0 -3292.47 -67.2466 1382.07 1 2
0.136809 -0.0507022 0.989299 0 0.0035779 0.998708 0.0506896 0 -0.990591 -0.00339519 0.136814 0 -3292.47 -67.2466 1382.07 1 2
0.136809 -0.0507022 0.989299 0 0.0035779 0.998708 0.0506896 0 -0.990591 -0.00339519 0.136814 0 -3292.47 -67.2466 1382.07 1 2
0.136809 -0.0507022 0.989299 0 0.0035779 0.998708 0.0506896 0 -0.990591 -0.00339519 0.136814 0 -3292.47 -67.2466 1382.07 1 2
0.136809 -0.0507022 0.989299 0 0.0035779 0.998708 0.0506896 0 -0.990591 -0.00339519 0.136814 0 -3292.47 -67.2466 1382.07 1 2
0.136809 -0.0507022 0.989299 0 0.0035779 0.998708 0.0506896 0 -0.990591 -0.00339519 0.136814 0 -3292.47 -67.2466 1382.07 1 2
0.136809 -0.0507022 0.989299 0 0.0035779 0.998708 0.0506896 0 -0.990591 -0.00339519 0.136814 0 -3292.47 -67.2466 1382.07 1 2
0.136809 -0.0507022 0.989299 0 0.0035779 0.998708 0.0506896 0 -0.990591 -0.00339519 0.136814 0 -3292.47 -67.2466 1382.07 1 2
0.136809 -0.0507022 0.989299 0 0.0035779 0.998708 0.0506896 0 -0.990591 -0.00339519 0.136814 0 -3292.47 -67.2466 1382.07 1 2
0.136809 -0.0507022 0.989299 0 0.0035779 0.998708 0.0506896 0 -0.990591 -0.00339519 0.136814 0 -3292.47 -67.2466 1382.07 1 2
0.136809 -0.0507022 0.989299 0 0.0035779 0.998708 0.0506896 0 -0.990591 -0.00339519 0.136814 0 -3292.47 -67.2466 1382.07 1 2
0.136809 -0.0507022 0.989299 0 0.0035779 0.998708 0.0506896 0 -0.990591 -0.00339519 0.136814 0 -3292.47 -67.2466 1382.07 1 2
0.136809 -0.0507022 0.989299 0 0.0035779 0.998708 0.0506896 0 -0.990591 -0.00339519 0.136814 0 -3292.47 -67.2466 1382.07 1 2
0.136809 -0.0507022 0.989299 0 0.0035779 0.998708 0.0506896 0 -0.990591 -0.00339519 0.136814 0 -3292.47 -67.2466 1382.07 1 2
0.136809 -0.0507022 0.989299 0 0.0035779 0.998708 0.0506896 0 -0.990591 -0.00339519 0.136814 0 -3292.47 -67.2466 1382.07 1 2
0.136809 -0.0507022 0.989299 0 0.0035779 0.998708 0.0506896 0 -0.990591 -0.00339519 0.136814 0 -3292.47 -67.2466 1382.07 1 2
0.136809 -0.0507022 0.989299 0 0.0035779 0.998708 0.0506896 0 -0.990591 -0.00339519 0.136814 0 -3292.47 -67.2466 1382.07 1 2
0.136809 -0.0507022 0.989299 0 0.0035779 0.998708 0.0506896 0 -0.990591 -0.00339519 0.136814 0 -3292.47 -67.2466 1382.07 1 2
0.136809 -0.0507022 0.989299 0 0.0035779 0.998708 0.0506896 0 -0.990591 -0.00339519 0.136814 0 -3292.47 -67.2466 1382.07 1 2
0.136809 -0.0507022 0.989299 0 0.0035779 0.998708 0.0506896 0 -0.990591 -0.00339519 0.136814 0 -3292.47 -67.2466 1382.07 1 2
0.136809 -0.0507022 0.989299 0 0.0035779 0.998708 0.0506896 0 -0.990591 -0.00339519 0.136814 0 -3292.47 -67.2466 1382.07 1 2
0.136809 -0.0507022 0.989299 0 0.0035779 0.998708 0.0506896 0 -0.990591 -0.00339519 0.136814 0 -3292.47 -67.2466 1382.07 1 2
0.136809 -0.0507022 0.989299 0 0.0035779 0.998708 0.0506896 0 -0.990591 -0.00339519 0.136814 0 -3292.47 -67.2466 1382.07 1 2
0.136809 -0.0507022 0.989299 0 0.0035779 0.998708 0.0506896 0 -0.990591 -0.00339519 0.136814 0 -3292.47 -67.2466 1382.07 1 2
0.136809 -0.0507022 0.989299 0 0.0035779 0.998708 0.0506896 0 -0.990591 -0.00339519 0.136814 0 -3292.47 -67.2466 1382.07 1 2
0.136809 -0.0507022 0.989299 0 0.0035779 0.998708 0.0506896 0 -0.990591 -0.00339519 0.136814 0 -3292.47 -67.2466 1382.07 1 2
0.136809 -0.0507022 0.989299 0 0.0035779 0.998708 0.0506896 0 -0.990591 -0.00339519 0.136814 0 -3292.47 -67.2466 1382.07 1 2
0.136809 -0.0507022 0.989299 0 0.0035779 0.998708 0.0506896 0 -0.990591 -0.00339519 0.136814 0 -3292.47 -67.2466 1382.07 1 2
0.136809 -0.0507022 0.989299 0 0.0035779 0.998708 0.0506896 0 -0.990591 -0.00339519 0.136814 0 -3292.47 -67.2466 1382.07 1 2
0.136809 -0.0507022 0.989299 0 0.0035779 0.998708 0.0506896 0 -0.990591 -0.00339519 0.136814 0 -3292.47 -67.2466 1382.07 1 2
0.136809 -0.0507022 0.989299 0 0.0035779 0.998708 0.0506896 0 -0.990591 -0.00339519 0.136814 0 -3292.47 -67.2466 1382.07 1 2
0.136809 -0.0507022 0.989299 0 0.0035779 0.998708 0.0506896 0 -0.990591 -0.00339519 0.136814 0 -3292.47 -67.2466 1382.07 1 2
0.136809 -0.0507022 0.989299 0 0.0035779 0.998708 0.0506896 0 -0.990591 -0.00339519 0.136814 0 -3292.47 -67.2466 1382.07 1 2
0.136809 -0.0507022 0.989299 0 0.0035779 0.998708 0.0506896 0 -0.990591 -0.00339519 0.136814 0 -3292.47 -67.2466 1382.07 1 2
0.136809 -0.0507022 0.989299 0 0.0035779 0.998708 0.0506896 0 -0.990591 -0.00339519 0.136814 0 -3292.47 -67.2466 1382.07 1 2
0.136809 -0.0507022 0.989299 0 0.0035779 0.998708 0.0506896 0 -0.990591 -0.00339519 0.136814 0 -3292.47 -67.2466 1382.07 1 2
0.136809 -0.0507022 0.989299 0 0.0035779 0.998708 0.0506896 0 -0.990591 -0.00339519 0.136814 0 -3292.47 -67.2466 1382.07 1 2
0.136809 -0.0507022 0.989299 0 0.0035779 0.998708 0.0506896 0 -0.990591 -0.00339519 0.136814 0 -3292.47 -67.2466 1382.07 1 2
0.136809 -0.0507022 0.989299 0 0.0035779 0.998708 0.0506896 0 -0.990591 -0.00339519 0.136814 0 -3292.47 -67.2466 1382.07 1 2
0.136809 -0.0507022 0.989299 0 0.0035779 0.998708 0.0506896 0 -0.990591 -0.00339519 0.136814 0 -3292.47 -67.2466 1382.07 1 2
0.136809 -0.0507022 0.989299 0 0.0035779 0.998708 0.0506896 0 -0.990591 -0.00339519 0.136814 0 -3292.47 -67.2466 1382.07 1 2
0.136809 -0.0507022 0.989299 0 0.0035779 0.998708 0.0506896 0 -0.990591 -0.00339519 0.136814 0 -3292.47 -67.2466 1382.07 1 2
0.136809 -0.0507022 0.989299 0 0.0035779 0.998708 0.0506896 0 -0.990591 -0.00339519 0.136814 0 -3292.47 -67.2466 1382.07 1 2
0.136809 -0.0507022 0.989299 0 0.0035779 0.998708 0.0506896 0 -0.990591 -0.00339519 0.136814 0 -3292.47 -67.2466 1382.07 1 2
0.136809 -0.0507022 0.989299 0 0.0035779 0.998708 0.0506896 0 -0.990591 -0.00339519 0.136814 0 -3292.47 -67.2466 1382.07 1 2
0.136809 -0.0507022 0.989299 0 0.0035779 0.998708 0.0506896 0 -0.990591 -0.00339519 0.136814 0 -3292.47 -67.2466 1382.07 1 2
0.136809 -0.0507022 0.989299 0 0.0035779 0.998708 0.0506896 0 -0.990591 -0.00339519 0.136814 0 -3292.47 -67.2466 1382.07 1 2
0.136809 -0.0507022 0.989299 0 0.0035779 0.998708 0.0506896 0 -0.990591 -0.00339519 0.136814 0 -3292.47 -67.2466 1382.07 1 2
0.136809 -0.0507022 0.989299 0 0.0035779 0.998708 0.0506896 0 -0.990591 -0.00339519 0.136814 0 -3292.47 -67.2466 1382.07 1 2
0.136809 -0.0507022 0.989299 0 0.0035779 0.998708 0.0506896 0 -0.990591 -0.00339519 0.136814 0 -3292.47 -67.2466 1382.07 1 2
0.136809 -0.0507022 0.989299 0 0.0035779 0.998708 0.0506896 0 -0.990591 -0.00339519 0.136814 0 -3292.47 -67.2466 1382.07 1 2
0.136809 -0.0507022 0.989299 0 0.0035779 0.998708 0.0506896 0 -0.990591 -0.00339519 0.136814 0 -3292.47 -67.2466 1382.07 1 2
0.136809 -0.0507022 0.989299 0 0.0035779 0.998708 0.0506896 0 -0.990591 -0.00339519 0.136814 0 -3292.47 -67.2466 1382.07 1 2
0.136809 -0.0507022 0.989299 0 0.0035779 0.998708 0.0506896 0 -0.990591 -0.00339519 0.136814 0 -3292.47 -67.2466 1382.07 1 2
0.136809 -0.0507022 0.989299 0 0.0035779 0.998708 0.0506896 0 -0.990591 -0.00339519 0.136814 0 -3292.47 -67.2466 1382.07 1 2
0.136809 -0.0507022 0.989299 0 0.0035779 0.998708 0.0506896 0 -0.990591 -0.00339519 0.136814 0 -3292.47 -67.2466 1382.07 1 2
0.136809 -0.0507022 0.989299 0 0.0035779 0.998708 0.0506896 0 -0.990591 -0.00339519 0.136814 0 -3292.47 -67.2466 1382.07 1 2
0.136809 -0.0507022 0.989299 0 0.0035779 0.998708 0.0506896 0 -0.990591 -0.00339519 0.136814 0 -3292.47 -67.2466 1382.07 1 2
0.136809 -0.0507022 0.989299 0 0.0035779 0.998708 0.0506896 0 -0.990591 -0.00339519 0.136814 0 -3292.47 -67.2466 1382.07 1 2
0.136809 -0.0507022 0.989299 0 0.0035779 0.998708 0.0506896 0 -0.990591 -0.00339519 0.136814 0 -3292.47 -67.2466 1382.07 1 2
0.136809 -0.0507022 0.989299 0 0.0035779 0.998708 0.0506896 0 -0.990591 -0.00339519 0.136814 0 -3292.47 -67.2466 1382.07 1 2
0.136809 -0.0507022 0.989299 0 0.0035779 0.998708 0.0506896 0 -0.990591 -0.00339519 0.136814 0 -3292.47 -67.2466 1382.07 1 2
0.136809 -0.0507022 0.989299 0 0.0035779 0.998708 0.0506896 0 -0.990591 -0.00339519 0.136814 0 -3292.47 -67.2466 1382.07 1 2
0.136809 -0.0507022 0.989299 0 0.0035779 0.998708 0.0506896 0 -0.990591 -0.00339519 0.136814 0 -3292.47 -67.2466 1382.07 1 2
0.136809 -0.0507022 0.989299 0 0.0035779 0.998708 0.0506896 0 -0.990591 -0.00339519 0.136814 0 -3292.47 -67.2466 1382.07 1 2
0.136809 -0.0507022 0.989299 0 0.0035779 0.998708 0.0506896 0 -0.990591 -0.00339519 0.136814 0 -3292.47 -67.2466 1382.07 1 2
0.136809 -0.0507022 0.989299 0 0.0035779 0.998708 0.0506896 0 -0.990591 -0.00339519 0.136814 0 -3292.47 -67.2466 1382.07 1 2
0.136809 -0.0507022 0.989299 0 0.0035779 0.998708 0.0506896 0 -0.990591 -0.00339519 0.136814 0 -3292.47 -67.2466 1382.07 1 2
0.136809 -0.0507022 0.989299 0 0.0035779 0.998708 0.0506896 0 -0.990591 -0.00339519 0.136814 0 -3292.47 -67.2466 1382.07 1 2
0.136809 -0.0507022 0.989299 0 0.0035779 0.998708 0.0506896 0 -0.990591 -0.00339519 0.136814 0 -3292.47 -67.2466 1382.07 1 2
0.136809 -0.0507022 0.989299 0 0.0035779 0.998708 0.0506896 0 -0.990591 -0.00339519 0.136814 0 -3292.47 -67.2466 1382.07 1 2
0.136809 -0.0507022 0.989299 0 0.0035779 0.998708 0.0506896 0 -0.990591 -0.00339519 0.136814 0 -3292.47 -67.2466 1382.07 1 2
0.136809 -0.0507022 0.989299 0 0.0035779 0.998708 0.0506896 0 -0.990591 -0.00339519 0.136814 0 -3292.47 -67.2466 1382.07 1 2
0.136809 -0.0507022 0.989299 0 0.0035779 0.998708 0.0506896 0 -0.990591 -0.00339519 0.136814 0 -3292.47 -67.2466 1382.07 1 2
0.136809 -0.0507022 0.989299 0 0.0035779 0.998708 0.0506896 0 -0.990591 -0.00339519 0.136814 0 -3292.47 -67.2466 1382.07 1 2
0.136809 -0.0507022 0.989299 0 0.0035779 0.998708 0.0506896 0 -0.990591 -0.00339519 0.136814 0 -3292.47 -67.2466 1382.07 1 2
0.136809 -0.0507022 0.989299 0 0.0035779 0.998708 0.0506896 0 -0.990591 -0.00339519 0.136814 0 -3292.47 -67.2466 1382.07 1 2
0.136809 -0.0507022 0.989299 0 0.0035779 0.998708 0.0506896 0 -0.990591 -0.00339519 0.136814 0 -3292.47 -67.2466 1382.07 1 2
0.136809 -0.0507022 0.989299 0 0.0035779 0.998708 0.0506896 0 -0.990591 -0.00339519 0.136814 0 -3292.47 -67.2466 1382.07 1 2
0.137018 -0.0543597 0.989076 0 -0.0116732 0.998335 0.0564856 0 -0.9905 -0.0192852 0.136155 0 -3288.04 -108.561 1390.07 1 3
0.138109 -0.0546116 0.98891 0 -0.0245257 0.997984 0.0585378 0 -0.990113 -0.0323383 0.136491 0 -3284.19 -139.877 1397.18 1 3
0.139359 -0.0536266 0.988789 0 -0.0344682 0.997665 0.0589659 0 -0.989642 -0.0422992 0.137186 0 -3281.12 -163.25 1402.59 1 3
0.140875 -0.0514558 0.988689 0 -0.0418638 0.997446 0.0578765 0 -0.989142 -0.0495437 0.138361 0 -3278.74 -180.022 1408.15 1 3
0.142561 -0.0488534 0.98858 0 -0.0458177 0.997385 0.0558958 0 -0.988725 -0.053263 0.13995 0 -3277.53 -188.938 1414.04 1 3
0.145071 -0.047087 0.9883 0 -0.0452086 0.997508 0.0541618 0 -0.988388 -0.052537 0.142581 0 -3277.89 -187.013 1421.15 1 3
0.147804 -0.0441122 0.988032 0 -0.0428997 0.997779 0.0509649 0 -0.988086 -0.0499191 0.145583 0 -3278.45 -180.791 1429.57 1 3
0.150398 -0.0418516 0.987739 0 -0.0393084 0.99806 0.0482742 0 -0.987844 -0.0460868 0.148461 0 -3279.68 -172.142 1437.89 1 3
0.153093 -0.0394062 0.987426 0 -0.0346648 0.998376 0.0452177 0 -0.987604 -0.0411514 0.151478 0 -3280.7 -160.409 1447 1 3
0.155947 -0.0377301 0.987045 0 -0.0297065 0.998639 0.0428668 0 -0.987319 -0.0360066 0.154614 0 -3281.55 -148.148 1456.15 1 3
0.158546 -0.0364788 0.986677 0 -0.0253799 0.998836 0.0410066 0 -0.987025 -0.0315432 0.157436 0 -3282.76 -137.353 1463.88 1 3
0.160914 -0.0359103 0.986315 0 -0.0217465 0.998966 0.0399188 0 -0.986729 -0.0278724 0.159967 0 -3284.07 -128.821 1470.24 1 3
0.162685 -0.0356956 0.986032 0 -0.0187774 0.999052 0.039265 0 -0.986499 -0.024903 0.161861 0 -3285.45 -121.683 1474.65 1 3
0.164312 -0.0360399 0.98575 0 -0.016596 0.99909 0.039294 0 -0.986269 -0.022816 0.163565 0 -3286.48 -117.01 1478.17 1 3
0.166186 -0.0362086 0.985429 0 -0.0150074 0.999117 0.0392425 0 -0.98598 -0.0213102 0.165496 0 -3286.95 -113.849 1482.3 1 3
0.168185 -0.0364037 0.985083 0 -0.0138214 0.999133 0.0392827 0 -0.985659 -0.0202219 0.167536 0 -3286.91 -111.374 1486.91 1 3
0.170383 -0.0365527 0.9847 0 -0.0126201 0.999149 0.0392727 0 -0.985297 -0.0191184 0.169776 0 -3286.26 -108.822 1492.15 1 3
0.172586 -0.0361522 0.984331 0 -0.011784 0.999179 0.0387636 0 -0.984924 -0.0182895 0.172018 0 -3286.6 -106.582 1498.68 1 3
0.174667 -0.0360002 0.983969 0 -0.0108575 0.9992 0.0384848 0 -0.984568 -0.0174054 0.174137 0 -3286.6 -104.118 1504.55 1 3
0.176455 -0.0358691 0.983655 0 -0.0100214 0.999219 0.0382343 0 -0.984258 -0.0166043 0.175958 0 -3286.69 -101.856 1509.3 1 3
0.177932 -0.0358042 0.983391 0 -0.00923105 0.999233 0.0380512 0 -0.984 -0.0158482 0.177465 0 -3286.77 -99.8968 1513.14 1 3
0.179083 -0.0358205 0.983182 0 -0.00877178 0.999239 0.0380032 0 -0.983795 -0.01543 0.178632 0 -3286.94 -98.7826 1515.76 1 3
0.180065 -0.0360035 0.982996 0 -0.00831334 0.999239 0.0381213 0 -0.98362 -0.0150363 0.179629 0 -3287.09 -98.0005 1517.79 1 3
0.180649 -0.0362003 0.982881 0 -0.00796752 0.999236 0.038267 0 -0.983515 -0.014744 0.180222 0 -3287.53 -97.4225 1518.73 1 3
0.18113 -0.0363747 0.982786 0 -0.00761932 0.999234 0.0383877 0 -0.98343 -0.0144413 0.180714 0 -3287.83 -96.7972 1519.33 1 3
0.181551 -0.0365276 0.982703 0 -0.00725769 0.999233 0.0384829 0 -0.983355 -0.0141188 0.181147 0 -3288.15 -95.9246 1519.69 1 3
0.18191 -0.036707 0.98263 0 -0.00693799 0.99923 0.0386115 0 -0.983291 -0.0138413 0.181515 0 -3288.45 -95.2481 1519.87 1 3
0.182248 -0.0368093 0.982563 0 -0.00651437 0.999232 0.038642 0 -0.983231 -0.0134432 0.181868 0 -3288.72 -94.3183 1520.07 1 3
0.182693 -0.0370303 0.982472 0 -0.00625086 0.999227 0.0388242 0 -0.98315 -0.0132342 0.18232 0 -3288.75 -93.7788 1520.5 1 3
0.182944 -0.0369334 0.982429 0 -0.00623125 0.99923 0.0387254 0 -0.983104 -0.0132063 0.182573 0 -3288.87 -93.1736 1521.25 1 3
0.183187 -0.0369144 0.982385 0 -0.006259 0.999231 0.0387145 0 -0.983058 -0.0132408 0.182815 0 -3289.09 -92.9008 1521.55 1 3
0.18333 -0.0369583 0.982356 0 -0.00625729 0.999229 0.0387608 0 -0.983031 -0.0132529 0.182958 0 -3289.36 -92.7643 1521.48 1 3
0.183476 -0.0369478 0.98233 0 -0.0062956 0.999229 0.0387593 0 -0.983004 -0.0132958 0.183102 0 -3289.52 -92.823 1521.31 1 3
0.183509 -0.036918 0.982325 0 -0.00637292 0.999229 0.0387439 0 -0.982997 -0.0133701 0.183132 0 -3289.66 -92.9974 1521.08 1 3
0.18353 -0.0369363 0.98232 0 -0.00642458 0.999227 0.0387723 0 -0.982993 -0.0134269 0.183151 0 -3289.82 -93.1423 1520.69 1 3
0.183289 -0.0375063 0.982343 0 -0.00686908 0.999199 0.0394315 0 -0.983035 -0.0139752 0.182884 0 -3290.57 -94.7791 1519.11 1 3
0.183055 -0.0379412 0.98237 0 -0.00709594 0.999178 0.0399126 0 -0.983077 -0.0142771 0.182636 0 -3291.24 -95.662 1517.72 1 3
0.183019 -0.0382335 0.982366 0 -0.00728335 0.999163 0.0402442 0 -0.983082 -0.0145204 0.182588 0 -3291.65 -96.3052 1516.95 1 3
0.18307 -0.0384093 0.982349 0 -0.00736551 0.999155 0.040439 0 -0.983072 -0.0146387 0.182632 0 -3291.9 -96.6659 1516.58 1 3
0.183215 -0.0385226 0.982318 0 -0.00740016 0.99915 0.0405629 0 -0.983045 -0.014701 0.182774 0 -3292.04 -96.7881 1516.52 1 3
0.183383 -0.0386966 0.98228 0 -0.00745389 0.999141 0.0407525 0 -0.983013 -0.0147951 0.182937 0 -3292.02 -97.0474 1516.54 1 3
0.183552 -0.0387502 0.982246 0 -0.00752132 0.999138 0.0408221 0 -0.982981 -0.0148808 0.183102 0 -3291.97 -97.19 1516.55 1 3
0.183773 -0.0387861 0.982203 0 -0.00757702 0.999136 0.0408724 0 -0.98294 -0.0149534 0.18332 0 -3291.85 -97.3515 1516.75 1 3
0.183896 -0.0388314 0.982178 0 -0.00766062 0.999132 0.040936 0 -0.982916 -0.015052 0.183439 0 -3291.84 -97.4934 1516.82 1 3
0.183979 -0.0388745 0.982161 0 -0.00773823 0.999129 0.0409957 0 -0.9829 -0.0151425 0.183518 0 -3291.89 -97.6691 1516.79 1 3
