-0.926114 0 -0.377243 0 0 1 0 0 0.377243 0 -0.926114 0 -4646.61 0 -2647.81 1 0
-0.926114 0 -0.377243 0 0 1 0 0 0.377243 0 -0.926114 0 -4646.61 0 -2647.81 1 0
-0.926114 0 -0.377243 0 0 1 0 0 0.377243 0 -0.926114 0 -4646.61 0 -2647.81 1 0
-0.926114 0 -0.377243 0 0 1 0 0 0.377243 0 -0.926114 0 -4646.61 0 -2647.81 1 0
-0.926114 0 -0.377243 0 0 1 0 0 0.377243 0 -0.926114 0 -4646.61 0 -2647.81 1 0
-0.926114 0 -0.377243 0 0 1 0 0 0.377243 0 -0.926114 0 -4646.61 0 -2647.81 1 0
-0.926114 0 -0.377243 0 0 1 0 0 0.377243 0 -0.926114 0 -4646.61 0 -2647.81 1 0
-0.926114 0 -0.377243 0 0 1 0 0 0.377243 0 -0.926114 0 -4646.61 0 -2647.81 1 0
-0.926114 0 -0.377243 0 0 1 0 0 0.377243 0 -0.926114 0 -4646.61 0 -2647.81 1 0
-0.926114 0 -0.377243 0 0 1 0 0 0.377243 0 -0.926114 0 -4646.61 0 -2647.81 1 0
-0.926114 0 -0.377243 0 0 1 0 0 0.377243 0 -0.926114 0 -4646.61 0 -2647.81 1 0
-0.926114 0 -0.377243 0 0 1 0 0 0.377243 0 -0.926114 0 -4646.61 0 -2647.81 1 0
-0.926114 0 -0.377243 0 0 1 0 0 0.377243 0 -0.926114 0 -4646.61 0 -2647.81 1 0
-0.926114 0 -0.377243 0 0 1 0 0 0.377243 0 -0.926114 0 -4646.61 0 -2647.81 1 0
-0.926114 0 -0.377243 0 0 1 0 0 0.377243 0 -0.926114 0 -4646.61 0 -2647.81 1 0
-0.926114 0 -0.377243 0 0 1 0 0 0.377243 0 -0.926114 0 -4646.61 0 -2647.81 1 0
-0.926114 0 -0.377243 0 0 1 0 0 0.377243 0 -0.926114 0 -4646.61 0 -2647.81 1 0
-0.926114 0 -0.377243 0 0 1 0 0 0.377243 0 -0.926114 0 -4646.61 0 -2647.81 1 0
-0.926114 0 -0.377243 0 0 1 0 0 0.377243 0 -0.926114 0 -4646.61 0 -2647.81 1 0
-0.926114 0 -0.377243 0 0 1 0 0 0.377243 0 -0.926114 0 -4646.61 0 -2647.81 1 0
-0.926114 0 -0.377243 0 0 1 0 0 0.377243 0 -0.926114 0 -4646.61 0 -2647.81 1 0
-0.926114 0 -0.377243 0 0 1 0 0 0.377243 0 -0.926114 0 -4646.61 0 -2647.81 1 0
-0.926114 0 -0.377243 0 0 1 0 0 0.377243 0 -0.926114 0 -4646.61 0 -2647.81 1 0
-0.926114 0 -0.377243 0 0 1 0 0 0.377243 0 -0.926114 0 -4646.61 0 -2647.81 1 0
-0.926114 0 -0.377243 0 0 1 0 0 0.377243 0 -0.926114 0 -4646.61 0 -2647.81 1 0
-0.926114 0 -0.377243 0 0 1 0 0 0.377243 0 -0.926114 0 -4646.61 0 -2647.81 1 0
-0.926114 0 -0.377243 0 0 1 0 0 0.377243 0 -0.926114 0 -4646.61 0 -2647.81 1 0
-0.926114 0 -0.377243 0 0 1 0 0 0.377243 0 -0.926114 0 -4646.61 0 -2647.81 1 0
-0.926114 0 -0.377243 0 0 1 0 0 0.377243 0 -0.926114 0 -4646.61 0 -2647.81 1 0
-0.926114 0 -0.377243 0 0 1 0 0 0.377243 0 -0.926114 0 -4646.61 0 -2647.81 1 0
-0.926114 0 -0.377243 0 0 1 0 0 0.377243 0 -0.926114 0 -4646.61 0 -2647.81 1 0
-0.926114 0 -0.377243 0 0 1 0 0 0.377243 0 -0.926114 0 -4646.61 0 -2647.81 1 0
-0.926114 0 -0.377243 0 0 1 0 0 0.377243 0 -0.926114 0 -4646.61 0 -2647.81 1 0
-0.926114 0 -0.377243 0 0 1 0 0 0.377243 0 -0.926114 0 -4646.61 0 -2647.81 1 0
-0.926114 0 -0.377243 0 0 1 0 0 0.377243 0 -0.926114 0 -4646.61 0 -2647.81 1 0
-0.926114 0 -0.377243 0 0 1 0 0 0.377243 0 -0.926114 0 -4646.61 0 -2647.81 1 0
-0.926114 0 -0.377243 0 0 1 0 0 0.377243 0 -0.926114 0 -4646.61 0 -2647.81 1 0
-0.926114 0 -0.377243 0 0 1 0 0 0.377243 0 -0.926114 0 -4646.61 0 -2647.81 1 0
-0.926114 0 -0.377243 0 0 1 0 0 0.377243 0 -0.926114 0 -4646.61 0 -2647.81 1 0
-0.926114 0 -0.377243 0 0 1 0 0 0.377243 0 -0.926114 0 -4646.61 0 -2647.81 1 0
-0.926114 0 -0.377243 0 0 1 0 0 0.377243 0 -0.926114 0 -4646.61 0 -2647.81 1 0
-0.926114 0 -0.377243 0 0 1 0 0 0.377243 0 -0.926114 0 -4646.61 0 -2647.81 1 0
-0.926114 0 -0.377243 0 0 1 0 0 0.377243 0 -0.926114 0 -4646.61 0 -2647.81 1 0
-0.926114 0 -0.377243 0 0 1 0 0 0.377243 0 -0.926114 0 -4646.61 0 -2647.81 1 0
-0.926114 0 -0.377243 0 0 1 0 0 0.377243 0 -0.926114 0 -4646.61 0 -2647.81 1 0
-0.926114 0 -0.377243 0 0 1 0 0 0.377243 0 -0.926114 0 -4646.61 0 -2647.81 1 0
-0.926114 0 -0.377243 0 0 1 0 0 0.377243 0 -0.926114 0 -4646.61 0 -2647.81 1 0
-0.926114 0 -0.377243 0 0 1 0 0 0.377243 0 -0.926114 0 -4646.61 0 -2647.81 1 0
-0.926114 0 -0.377243 0 0 1 0 0 0.377243 0 -0.926114 0 -4646.61 0 -2647.81 1 0
-0.926114 0 -0.377243 0 0 1 0 0 0.377243 0 -0.926114 0 -4646.61 0 -2647.81 1 0
-0.926114 0 -0.377243 0 0 1 0 0 0.377243 0 -0.926114 0 -4646.61 0 -2647.81 1 0
-0.926114 0 -0.377243 0 0 1 0 0 0.377243 0 -0.926114 0 -4646.61 0 -2647.81 1 0
-0.926114 0 -0.377243 0 0 1 0 0 0.377243 0 -0.926114 0 -4646.61 0 -2647.81 1 0
-0.926114 0 -0.377243 0 0 1 0 0 0.377243 0 -0.926114 0 -4646.61 0 -2647.81 1 0
-0.926114 0 -0.377243 0 0 1 0 0 0.377243 0 -0.926114 0 -4646.61 0 -2647.81 1 0
-0.926114 0 -0.377243 0 0 1 0 0 0.377243 0 -0.926114 0 -4646.61 0 -2647.81 1 0
-0.926114 0 -0.377243 0 0 1 0 0 0.377243 0 -0.926114 0 -4646.61 0 -2647.81 1 0
-0.926114 0 -0.377243 0 0 1 0 0 0.377243 0 -0.926114 0 -4646.61 0 -2647.81 1 0
-0.926114 0 -0.377243 0 0 1 0 0 0.377243 0 -0.926114 0 -4646.61 0 -2647.81 1 0
-0.926114 0 -0.377243 0 0 1 0 0 0.377243 0 -0.926114 0 -4646.61 0 -2647.81 1 0
-0.926114 0 -0.377243 0 0 1 0 0 0.377243 0 -0.926114 0 -4646.61 0 -2647.81 1 0
-0.926114 0 -0.377243 0 0 1 0 0 0.377243 0 -0.926114 0 -4646.61 0 -2647.81 1 0
-0.926114 0 -0.377243 0 0 1 0 0 0.377243 0 -0.926114 0 -4646.61 0 -2647.81 1 0
-0.926114 0 -0.377243 0 0 1 0 0 0.377243 0 -0.926114 0 -4646.61 0 -2647.81 1 0
-0.926114 0 -0.377243 0 0 1 0 0 0.377243 0 -0.926114 0 -4646.61 0 -2647.81 1 0
-0.926114 0 -0.377243 0 0 1 0 0 0.377243 0 -0.926114 0 -4646.61 0 -2647.81 1 0
-0.926114 0 -0.377243 0 0 1 0 0 0.377243 0 -0.926114 0 -4646.61 0 -2647.81 1 0
-0.926114 0 -0.377243 0 0 1 0 0 0.377243 0 -0.926114 0 -4646.61 0 -2647.81 1 0
-0.926114 0 -0.377243 0 0 1 0 0 0.377243 0 -0.926114 0 -4646.61 0 -2647.81 1 0
-0.926114 0 -0.377243 0 0 1 0 0 0.377243 0 -0.926114 0 -4646.61 0 -2647.81 1 0
-0.926114 0 -0.377243 0 0 1 0 0 0.377243 0 -0.926114 0 -4646.61 0 -2647.81 1 0
-0.926114 0 -0.377243 0 0 1 0 0 0.377243 0 -0.926114 0 -4646.61 0 -2647.81 1 0
-0.926114 0 -0.377243 0 0 1 0 0 0.377243 0 -0.926114 0 -4646.61 0 -2647.81 1 0
-0.926114 0 -0.377243 0 0 1 0 0 0.377243 0 -0.926114 0 -4646.61 0 -2647.81 1 0
-0.926114 0 -0.377243 0 0 1 0 0 0.377243 0 -0.926114 0 -4646.61 0 -2647.81 1 0
-0.926114 0 -0.377243 0 0 1 0 0 0.377243 0 -0.926114 0 -4646.61 0 -2647.81 1 0
-0.953068 0.00171242 -0.302751 0 -0.0278513 0.995248 0.0933061 0 0.301472 0.0973591 -0.948491 0 -5401.21 117.022 -637.163 1 1
-0.955887 0.0142231 -0.293389 0 -0.0119348 0.996122 0.087175 0 0.293491 0.086831 -0.95201 0 -5477.31 119.002 -681.612 1 1
-0.955887 0.0142231 -0.293389 0 -0.0119348 0.996122 0.087175 0 0.293491 0.086831 -0.95201 0 -5477.31 119.002 -681.612 1 2
-0.955887 0.0142231 -0.293389 0 -0.0119348 0.996122 0.087175 0 0.293491 0.086831 -0.95201 0 -5477.31 119.002 -681.612 1 2
-0.955887 0.0142231 -0.293389 0 -0.0119348 0.996122 0.087175 0 0.293491 0.086831 -0.95201 0 -5477.31 119.002 -681.612 1 2
-0.955887 0.0142231 -0.293389 0 -0.0119348 0.996122 0.087175 0 0.293491 0.086831 -0.95201 0 -5477.31 119.002 -681.612 1 2
-0.955887 0.0142231 -0.293389 0 -0.0119348 0.996122 0.087175 0 0.293491 0.086831 -0.95201 0 -5477.31 119.002 -681.612 1 2
-0.955887 0.0142231 -0.293389 0 -0.0119348 0.996122 0.087175 0 0.293491 0.086831 -0.95201 0 -5477.31 119.002 -681.612 1 2
-0.955887 0.0142231 -0.293389 0 -0.0119348 0.996122 0.087175 0 0.293491 0.086831 -0.95201 0 -5477.31 119.002 -681.612 1 2
-0.955887 0.0142231 -0.293389 0 -0.0119348 0.996122 0.087175 0 0.293491 0.086831 -0.95201 0 -5477.31 119.002 -681.612 1 2
-0.955887 0.0142231 -0.293389 0 -0.0119348 0.996122 0.087175 0 0.293491 0.086831 -0.95201 0 -5477.31 119.002 -681.612 1 2
-0.955887 0.0142231 -0.293389 0 -0.0119348 0.996122 0.087175 0 0.293491 0.086831 -0.95201 0 -5477.31 119.002 -681.612 1 2
-0.955887 0.0142231 -0.293389 0 -0.0119348 0.996122 0.087175 0 0.293491 0.086831 -0.95201 0 -5477.31 119.002 -681.612 1 2
-0.955887 0.0142231 -0.293389 0 -0.0119348 0.996122 0.087175 0 0.293491 0.086831 -0.95201 0 -5477.31 119.002 -681.612 1 2
-0.955887 0.0142231 -0.293389 0 -0.0119348 0.996122 0.087175 0 0.293491 0.086831 -0.95201 0 -5477.31 119.002 -681.612 1 2
-0.955887 0.0142231 -0.293389 0 -0.0119348 0.996122 0.087175 0 0.293491 0.086831 -0.95201 0 -5477.31 119.002 -681.612 1 2
-0.955887 0.0142231 -0.293389 0 -0.0119348 0.996122 0.087175 0 0.293491 0.086831 -0.95201 0 -5477.31 119.002 -681.612 1 2
-0.955887 0.0142231 -0.293389 0 -0.0119348 0.996122 0.087175 0 0.293491 0.086831 -0.95201 0 -5477.31 119.002 -681.612 1 2
-0.955887 0.0142231 -0.293389 0 -0.0119348 0.996122 0.087175 0 0.293491 0.086831 -0.95201 0 -5477.31 119.002 -681.612 1 2
-0.955887 0.0142231 -0.293389 0 -0.0119348 0.996122 0.087175 0 0.293491 0.086831 -0.95201 0 -5477.31 119.002 -681.612 1 2
-0.955887 0.0142231 -0.293389 0 -0.0119348 0.996122 0.087175 0 0.293491 0.086831 -0.95201 0 -5477.31 119.002 -681.612 1 2
-0.955887 0.0142231 -0.293389 0 -0.0119348 0.996122 0.087175 0 0.293491 0.086831 -0.95201 0 -5477.31 119.002 -681.612 1 2
-0.955887 0.0142231 -0.293389 0 -0.0119348 0.996122 0.087175 0 0.293491 0.086831 -0.95201 0 -5477.31 119.002 -681.612 1 2
-0.955887 0.0142231 -0.293389 0 -0.0119348 0.996122 0.087175 0 0.293491 0.086831 -0.95201 0 -5477.31 119.002 -681.612 1 2
-0.955887 0.0142231 -0.293389 0 -0.0119348 0.996122 0.087175 0 0.293491 0.086831 -0.95201 0 -5477.31 119.002 -681.612 1 2
-0.955887 0.0142231 -0.293389 0 -0.0119348 0.996122 0.087175 0 0.293491 0.086831 -0.95201 0 -5477.31 119.002 -681.612 1 2
-0.955887 0.0142231 -0.293389 0 -0.0119348 0.996122 0.087175 0 0.293491 0.086831 -0.95201 0 -5477.31 119.002 -681.612 1 2
-0.955887 0.0142231 -0.293389 0 -0.0119348 0.996122 0.087175 0 0.293491 0.086831 -0.95201 0 -5477.31 119.002 -681.612 1 2
-0.955887 0.0142231 -0.293389 0 -0.0119348 0.996122 0.087175 0 0.293491 0.086831 -0.95201 0 -5477.31 119.002 -681.612 1 2
-0.955887 0.0142231 -0.293389 0 -0.0119348 0.996122 0.087175 0 0.293491 0.086831 -0.95201 0 -5477.31 119.002 -681.612 1 2
-0.955887 0.0142231 -0.293389 0 -0.0119348 0.996122 0.087175 0 0.293491 0.086831 -0.95201 0 -5477.31 119.002 -681.612 1 2
-0.955887 0.0142231 -0.293389 0 -0.0119348 0.996122 0.087175 0 0.293491 0.086831 -0.95201 0 -5477.31 119.002 -681.612 1 2
-0.955887 0.0142231 -0.293389 0 -0.0119348 0.996122 0.087175 0 0.293491 0.086831 -0.95201 0 -5477.31 119.002 -681.612 1 2
-0.955887 0.0142231 -0.293389 0 -0.0119348 0.996122 0.087175 0 0.293491 0.086831 -0.95201 0 -5477.31 119.002 -681.612 1 2
-0.955887 0.0142231 -0.293389 0 -0.0119348 0.996122 0.087175 0 0.293491 0.086831 -0.95201 0 -5477.31 119.002 -681.612 1 2
-0.955887 0.0142231 -0.293389 0 -0.0119348 0.996122 0.087175 0 0.293491 0.086831 -0.95201 0 -5477.31 119.002 -681.612 1 2
-0.955887 0.0142231 -0.293389 0 -0.0119348 0.996122 0.087175 0 0.293491 0.086831 -0.95201 0 -5477.31 119.002 -681.612 1 2
-0.955887 0.0142231 -0.293389 0 -0.0119348 0.996122 0.087175 0 0.293491 0.086831 -0.95201 0 -5477.31 119.002 -681.612 1 2
-0.955887 0.0142231 -0.293389 0 -0.0119348 0.996122 0.087175 0 0.293491 0.086831 -0.95201 0 -5477.31 119.002 -681.612 1 2
-0.955887 0.0142231 -0.293389 0 -0.0119348 0.996122 0.087175 0 0.293491 0.086831 -0.95201 0 -5477.31 119.002 -681.612 1 2
-0.955887 0.0142231 -0.293389 0 -0.0119348 0.996122 0.087175 0 0.293491 0.086831 -0.95201 0 -5477.31 119.002 -681.612 1 2
-0.955887 0.0142231 -0.293389 0 -0.0119348 0.996122 0.087175 0 0.293491 0.086831 -0.95201 0 -5477.31 119.002 -681.612 1 2
-0.955887 0.0142231 -0.293389 0 -0.0119348 0.996122 0.087175 0 0.293491 0.086831 -0.95201 0 -5477.31 119.002 -681.612 1 2
-0.955887 0.0142231 -0.293389 0 -0.0119348 0.996122 0.087175 0 0.293491 0.086831 -0.95201 0 -5477.31 119.002 -681.612 1 2
-0.955887 0.0142231 -0.293389 0 -0.0119348 0.996122 0.087175 0 0.293491 0.086831 -0.95201 0 -5477.31 119.002 -681.612 1 2
-0.955887 0.0142231 -0.293389 0 -0.0119348 0.996122 0.087175 0 0.293491 0.086831 -0.95201 0 -5477.31 119.002 -681.612 1 2
-0.955887 0.0142231 -0.293389 0 -0.0119348 0.996122 0.087175 0 0.293491 0.086831 -0.95201 0 -5477.31 119.002 -681.612 1 2
-0.955887 0.0142231 -0.293389 0 -0.0119348 0.996122 0.087175 0 0.293491 0.086831 -0.95201 0 -5477.31 119.002 -681.612 1 2
-0.955887 0.0142231 -0.293389 0 -0.0119348 0.996122 0.087175 0 0.293491 0.086831 -0.95201 0 -5477.31 119.002 -681.612 1 2
-0.955887 0.0142231 -0.293389 0 -0.0119348 0.996122 0.087175 0 0.293491 0.086831 -0.95201 0 -5477.31 119.002 -681.612 1 2
-0.955887 0.0142231 -0.293389 0 -0.0119348 0.996122 0.087175 0 0.293491 0.086831 -0.95201 0 -5477.31 119.002 -681.612 1 2
-0.955887 0.0142231 -0.293389 0 -0.0119348 0.996122 0.087175 0 0.293491 0.086831 -0.95201 0 -5477.31 119.002 -681.612 1 2
-0.956684 -0.00257245 -0.291118 0 -0.0318135 0.994896 0.0957556 0 0.289386 0.100869 -0.951883 0 -5479.79 49.3685 -673.408 1 3
-0.957179 -0.0158753 -0.28906 0 -0.0463905 0.994003 0.0990242 0 0.285754 0.108194 -0.952176 0 -5482.59 -11.6626 -665.61 1 3
-0.957604 -0.02549 -0.286956 0 -0.0562823 0.993437 0.0995742 0 0.282535 0.111503 -0.952754 0 -5486.05 -61.4587 -658.914 1 3
-0.958109 -0.0326733 -0.284534 0 -0.0629281 0.99321 0.0978459 0 0.279405 0.111652 -0.95366 0 -5490.53 -102.205 -651.071 1 3
-0.95879 -0.0364373 -0.281768 0 -0.0654487 0.993395 0.0942439 0 0.276473 0.108802 -0.954843 0 -5496.56 -129.23 -641.636 1 3
-0.959853 -0.0358398 -0.278205 0 -0.0633156 0.99389 0.0904114 0 0.273264 0.104396 -0.956257 0 -5505.49 -134.988 -628.392 1 3
-0.96101 -0.034068 -0.274408 0 -0.0592896 0.994688 0.0841478 0 0.270084 0.0971364 -0.957924 0 -5514.71 -136.275 -612.679 1 3
-0.962115 -0.0311135 -0.270862 0 -0.054237 0.995453 0.0783065 0 0.267194 0.0900307 -0.959428 0 -5524.07 -130.438 -596.83 1 3
-0.963239 -0.027739 -0.267211 0 -0.0488195 0.996168 0.0725725 0 0.264173 0.0829498 -0.960902 0 -5533.08 -118.631 -579.798 1 3
-0.964359 -0.0238792 -0.263518 0 -0.0433191 0.99673 0.0682081 0 0.261028 0.0771925 -0.96224 0 -5541.88 -103.185 -562.355 1 3
-0.965332 -0.0204991 -0.26022 0 -0.0386118 0.997158 0.064685 0 0.258155 0.0724901 -0.96338 0 -5550.06 -88.8567 -546.916 1 3
-0.966184 -0.0175642 -0.257253 0 -0.0347713 0.99744 0.0624919 0 0.255497 0.0693238 -0.964321 0 -5557.43 -76.0651 -533.656 1 3
-0.966867 -0.0150863 -0.254834 0 -0.0316184 0.997643 0.0609026 0 0.253315 0.0669421 -0.965065 0 -5563.78 -64.6641 -523.736 1 3
-0.967499 -0.0130781 -0.252538 0 -0.0292187 0.997754 0.0602694 0 0.251183 0.0656894 -0.965708 0 -5569.5 -55.7163 -515.099 1 3
-0.968123 -0.0116363 -0.250205 0 -0.0274389 0.997835 0.0597631 0 0.248968 0.0647234 -0.966347 0 -5574.71 -49.5985 -505.568 1 3
-0.968746 -0.0105229 -0.24783 0 -0.0260834 0.997882 0.0595875 0 0.246678 0.0641894 -0.966969 0 -5579.35 -44.584 -495.483 1 3
-0.969395 -0.00942756 -0.245324 0 -0.0247373 0.997928 0.0593998 0 0.244255 0.0636505 -0.96762 0 -5583.67 -39.7323 -484.34 1 3
-0.969949 -0.00874238 -0.243152 0 -0.0237883 0.997974 0.0590114 0 0.242144 0.0630222 -0.968191 0 -5587.92 -36.4366 -472.644 1 3
-0.970462 -0.00801408 -0.24112 0 -0.0228238 0.998015 0.0586903 0 0.240171 0.06246 -0.968719 0 -5591.68 -32.5843 -461.753 1 3
-0.970888 -0.00735348 -0.23942 0 -0.0219574 0.998052 0.0583873 0 0.238524 0.0619446 -0.969159 0 -5595.08 -29.1839 -452.605 1 3
-0.971246 -0.0066622 -0.237984 0 -0.0210739 0.99809 0.0580648 0 0.237142 0.0614105 -0.969532 0 -5598.03 -26.1539 -445.042 1 3
-0.97153 -0.006233 -0.236834 0 -0.0205315 0.998108 0.0579552 0 0.236025 0.0611678 -0.96982 0 -5600.53 -24.173 -439.439 1 3
-0.971781 -0.00578487 -0.235814 0 -0.020025 0.998114 0.0580368 0 0.235034 0.0611212 -0.970064 0 -5602.78 -22.2014 -434.786 1 3
-0.971941 -0.00540037 -0.235164 0 -0.0196108 0.998116 0.0581312 0 0.234407 0.0611118 -0.970216 0 -5604.62 -20.6762 -432.119 1 3
-0.972093 -0.00504263 -0.234542 0 -0.0192368 0.998115 0.0582703 0 0.233806 0.061156 -0.970358 0 -5606.2 -18.976 -430.055 1 3
-0.97223 -0.00462265 -0.233982 0 -0.0188066 0.998115 0.0584249 0 0.233271 0.0612028 -0.970484 0 -5607.66 -16.9671 -428.452 1 3
-0.972358 -0.0042277 -0.233457 0 -0.018406 0.998113 0.0585867 0 0.232769 0.0612642 -0.970601 0 -5609.05 -15.1777 -427.171 1 3
-0.97248 -0.00379507 -0.232957 0 -0.0179601 0.998113 0.0587146 0 0.232294 0.0612827 -0.970713 0 -5610.31 -13.0058 -426.024 1 3
-0.972616 -0.00346766 -0.232391 0 -0.0176358 0.998107 0.0589173 0 0.231746 0.0614023 -0.970836 0 -5611.45 -11.4457 -424.4 1 3
-0.972728 -0.0034498 -0.231924 0 -0.0175721 0.998112 0.0588539 0 0.231283 0.0613243 -0.970952 0 -5612.43 -11.0007 -422.975 1 3
-0.972815 -0.00343303 -0.231557 0 -0.0175278 0.998114 0.0588397 0 0.230918 0.0612989 -0.97104 0 -5613.37 -10.8527 -422.015 1 3
-0.972895 -0.0033801 -0.231222 0 -0.017469 0.99811 0.0589122 0 0.230586 0.0613546 -0.971116 0 -5614.23 -10.5403 -421.566 1 3
-0.972975 -0.00338234 -0.230886 0 -0.0174557 0.998109 0.0589385 0 0.23025 0.061376 -0.971194 0 -5615 -10.6325 -421.257 1 3
-0.973041 -0.00341908 -0.230606 0 -0.0174738 0.998109 0.0589319 0 0.229969 0.0613727 -0.971261 0 -5615.72 -10.9381 -421.228 1 3
-0.973096 -0.00345581 -0.230374 0 -0.0175004 0.998108 0.0589489 0 0.229735 0.0613946 -0.971315 0 -5616.36 -11.1529 -421.478 1 3
-0.973174 -0.00366193 -0.230043 0 -0.0178945 0.998049 0.0598135 0 0.229375 0.0623254 -0.971341 0 -5618.05 -12.2447 -423.456 1 3
-0.973221 -0.00367298 -0.22984 0 -0.0180419 0.998008 0.0604469 0 0.229161 0.062975 -0.971349 0 -5619.26 -12.3446 -425.332 1 3
-0.973289 -0.00373407 -0.229552 0 -0.0181816 0.997981 0.0608551 0 0.228862 0.0634032 -0.971392 0 -5620.31 -12.506 -426.206 1 3
-0.973362 -0.00373829 -0.229241 0 -0.0182235 0.997965 0.0611031 0 0.228547 0.0636531 -0.97145 0 -5621.23 -12.4497 -426.43 1 3
-0.973434 -0.00367568 -0.228939 0 -0.0181881 0.997953 0.0613124 0 0.228245 0.0638475 -0.971508 0 -5622.05 -12.1662 -426.148 1 3
-0.973506 -0.00361357 -0.228631 0 -0.0181496 0.997942 0.0615076 0 0.227939 0.0640276 -0.971568 0 -5622.73 -12.0367 -425.63 1 3
-0.973577 -0.00364836 -0.228331 0 -0.0181859 0.997935 0.061597 0 0.227635 0.0641218 -0.971633 0 -5623.36 -12.1128 -425.172 1 3
-0.973658 -0.00366115 -0.227984 0 -0.0181882 0.997932 0.0616512 0 0.227287 0.0641738 -0.971711 0 -5623.91 -12.2662 -424.416 1 3
-0.973708 -0.00369119 -0.22777 0 -0.0182119 0.99793 0.061683 0 0.227071 0.0642094 -0.971759 0 -5624.4 -12.4517 -423.961 1 3
-0.973747 -0.00373962 -0.227601 0 -0.0182586 0.997927 0.0617196 0 0.226898 0.064255 -0.971797 0 -5624.79 -12.6862 -423.7 1 3
