0.0976142 0 0.995224 0 0 1 0 0 -0.995224 0 0.0976142 0 -3290.81 0 117.617 1 0
0.0976142 0 0.995224 0 0 1 0 0 -0.995224 0 0.0976142 0 -3290.81 0 117.617 1 0
0.0976142 0 0.995224 0 0 1 0 0 -0.995224 0 0.0976142 0 -3290.81 0 117.617 1 0
0.0976142 0 0.995224 0 0 1 0 0 -0.995224 0 0.0976142 0 -3290.81 0 117.617 1 0
0.0976142 0 0.995224 0 0 1 0 0 -0.995224 0 0.0976142 0 -3290.81 0 117.617 1 0
0.0976142 0 0.995224 0 0 1 0 0 -0.995224 0 0.0976142 0 -3290.81 0 117.617 1 0
0.0976142 0 0.995224 0 0 1 0 0 -0.995224 0 0.0976142 0 -3290.81 0 117.617 1 0
0.0976142 0 0.995224 0 0 1 0 0 -0.995224 0 0.0976142 0 -3290.81 0 117.617 1 0
0.0976142 0 0.995224 0 0 1 0 0 -0.995224 0 0.0976142 0 -3290.81 0 117.617 1 0
0.0976142 0 0.995224 0 0 1 0 0 -0.995224 0 0.0976142 0 -3290.81 0 117.617 1 0
0.0976142 0 0.995224 0 0 1 0 0 -0.995224 0 0.0976142 0 -3290.81 0 117.617 1 0
0.0976142 0 0.995224 0 0 1 0 0 -0.995224 0 0.0976142 0 -3290.81 0 117.617 1 0
0.0976142 0 0.995224 0 0 1 0 0 -0.995224 0 0.0976142 0 -3290.81 0 117.617 1 0
0.0976142 0 0.995224 0 0 1 0 0 -0.995224 0 0.0976142 0 -3290.81 0 117.617 1 0
0.0976142 0 0.995224 0 0 1 0 0 -0.995224 0 0.0976142 0 -3290.81 0 117.617 1 0
0.0976142 0 0.995224 0 0 1 0 0 -0.995224 0 0.0976142 0 -3290.81 0 117.617 1 0
0.0976142 0 0.995224 0 0 1 0 0 -0.995224 0 0.0976142 0 -3290.81 0 117.617 1 0
0.0976142 0 0.995224 0 0 1 0 0 -0.995224 0 0.0976142 0 -3290.81 0 117.617 1 0
0.0976142 0 0.995224 0 0 1 0 0 -0.995224 0 0.0976142 0 -3290.81 0 117.617 1 0
0.0976142 0 0.995224 0 0 1 0 0 -0.995224 0 0.0976142 0 -3290.81 0 117.617 1 0
0.0976142 0 0.995224 0 0 1 0 0 -0.995224 0 0.0976142 0 -3290.81 0 117.617 1 0
0.0976142 0 0.995224 0 0 1 0 0 -0.995224 0 0.0976142 0 -3290.81 0 117.617 1 0
0.0976142 0 0.995224 0 0 1 0 0 -0.995224 0 0.0976142 0 -3290.81 0 117.617 1 0
0.0976142 0 0.995224 0 0 1 0 0 -0.995224 0 0.0976142 0 -3290.81 0 117.617 1 0
0.0976142 0 0.995224 0 0 1 0 0 -0.995224 0 0.0976142 0 -3290.81 0 117.617 1 0
0.0976142 0 0.995224 0 0 1 0 0 -0.995224 0 0.0976142 0 -3290.81 0 117.617 1 0
0.0976142 0 0.995224 0 0 1 0 0 -0.995224 0 0.0976142 0 -3290.81 0 117.617 1 0
0.0976142 0 0.995224 0 0 1 0 0 -0.995224 0 0.0976142 0 -3290.81 0 117.617 1 0
0.0976142 0 0.995224 0 0 1 0 0 -0.995224 0 0.0976142 0 -3290.81 0 117.617 1 0
0.0976142 0 0.995224 0 0 1 0 0 -0.995224 0 0.0976142 0 -3290.81 0 117.617 1 0
0.0976142 0 0.995224 0 0 1 0 0 -0.995224 0 0.0976142 0 -3290.81 0 117.617 1 0
0.0976142 0 0.995224 0 0 1 0 0 -0.995224 0 0.0976142 0 -3290.81 0 117.617 1 0
0.0976142 0 0.995224 0 0 1 0 0 -0.995224 0 0.0976142 0 -3290.81 0 117.617 1 0
0.0976142 0 0.995224 0 0 1 0 0 -0.995224 0 0.0976142 0 -3290.81 0 117.617 1 0
0.0976142 0 0.995224 0 0 1 0 0 -0.995224 0 0.0976142 0 -3290.81 0 117.617 1 0
0.0976142 0 0.995224 0 0 1 0 0 -0.995224 0 0.0976142 0 -3290.81 0 117.617 1 0
0.0976142 0 0.995224 0 0 1 0 0 -0.995224 0 0.0976142 0 -3290.81 0 117.617 1 0
0.0976142 0 0.995224 0 0 1 0 0 -0.995224 0 0.0976142 0 -3290.81 0 117.617 1 0
0.0976142 0 0.995224 0 0 1 0 0 -0.995224 0 0.0976142 0 -3290.81 0 117.617 1 0
0.0976142 0 0.995224 0 0 1 0 0 -0.995224 0 0.0976142 0 -3290.81 0 117.617 1 0
0.0976142 0 0.995224 0 0 1 0 0 -0.995224 0 0.0976142 0 -3290.81 0 117.617 1 0
0.0976142 0 0.995224 0 0 1 0 0 -0.995224 0 0.0976142 0 -3290.81 0 117.617 1 0
0.116883 -0.0680514 0.990811 0 0.0192408 0.997618 0.0662491 0 -0.992959 0.0113206 0.117914 0 -3039.09 -57.0486 1274.65 1 1
0.131587 -0.0490531 0.99009 0 0.0126689 0.998777 0.0477997 0 -0.991224 0.00625352 0.132048 0 -3050.39 -65.1672 1347.19 1 1
0.131587 -0.0490531 0.99009 0 0.0126689 0.998777 0.0477997 0 -0.991224 0.00625352 0.132048 0 -3050.39 -65.1672 1347.19 1 2
0.131587 -0.0490531 0.99009 0 0.0126689 0.998777 0.0477997 0 -0.991224 0.00625352 0.132048 0 -3050.39 -65.1672 1347.19 1 2
0.131587 -0.0490531 0.99009 0 0.0126689 0.998777 0.0477997 0 -0.991224 0.00625352 0.132048 0 -3050.39 -65.1672 1347.19 1 2
0.131587 -0.0490531 0.99009 0 0.0126689 0.998777 0.0477997 0 -0.991224 0.00625352 0.132048 0 -3050.39 -65.1672 1347.19 1 2
0.131587 -0.0490531 0.99009 0 0.0126689 0.998777 0.0477997 0 -0.991224 0.00625352 0.132048 0 -3050.39 -65.1672 1347.19 1 2
0.131587 -0.0490531 0.99009 0 0.0126689 0.998777 0.0477997 0 -0.991224 0.00625352 0.132048 0 -3050.39 -65.1672 1347.19 1 2
0.131587 -0.0490531 0.99009 0 0.0126689 0.998777 0.0477997 0 -0.991224 0.00625352 0.132048 0 -3050.39 -65.1672 1347.19 1 2
0.131587 -0.0490531 0.99009 0 0.0126689 0.998777 0.0477997 0 -0.991224 0.00625352 0.132048 0 -3050.39 -65.1672 1347.19 1 2
0.131587 -0.0490531 0.99009 0 0.0126689 0.998777 0.0477997 0 -0.991224 0.00625352 0.132048 0 -3050.39 -65.1672 1347.19 1 2
0.131587 -0.0490531 0.99009 0 0.0126689 0.998777 0.0477997 0 -0.991224 0.00625352 0.132048 0 -3050.39 -65.1672 1347.19 1 2
0.131587 -0.0490531 0.99009 0 0.0126689 0.998777 0.0477997 0 -0.991224 0.00625352 0.132048 0 -3050.39 -65.1672 1347.19 1 2
0.131587 -0.0490531 0.99009 0 0.0126689 0.998777 0.0477997 0 -0.991224 0.00625352 0.132048 0 -3050.39 -65.1672 1347.19 1 2
0.131587 -0.0490531 0.99009 0 0.0126689 0.998777 0.0477997 0 -0.991224 0.00625352 0.132048 0 -3050.39 -65.1672 1347.19 1 2
0.131587 -0.0490531 0.99009 0 0.0126689 0.998777 0.0477997 0 -0.991224 0.00625352 0.132048 0 -3050.39 -65.1672 1347.19 1 2
0.131587 -0.0490531 0.99009 0 0.0126689 0.998777 0.0477997 0 -0.991224 0.00625352 0.132048 0 -3050.39 -65.1672 1347.19 1 2
0.131587 -0.0490531 0.99009 0 0.0126689 0.998777 0.0477997 0 -0.991224 0.00625352 0.132048 0 -3050.39 -65.1672 1347.19 1 2
0.131587 -0.0490531 0.99009 0 0.0126689 0.998777 0.0477997 0 -0.991224 0.00625352 0.132048 0 -3050.39 -65.1672 1347.19 1 2
0.131587 -0.0490531 0.99009 0 0.0126689 0.998777 0.0477997 0 -0.991224 0.00625352 0.132048 0 -3050.39 -65.1672 1347.19 1 2
0.131587 -0.0490531 0.99009 0 0.0126689 0.998777 0.0477997 0 -0.991224 0.00625352 0.132048 0 -3050.39 -65.1672 1347.19 1 2
0.131587 -0.0490531 0.99009 0 0.0126689 0.998777 0.0477997 0 -0.991224 0.00625352 0.132048 0 -3050.39 -65.1672 1347.19 1 2
0.131587 -0.0490531 0.99009 0 0.0126689 0.998777 0.0477997 0 -0.991224 0.00625352 0.132048 0 -3050.39 -65.1672 1347.19 1 2
0.131587 -0.0490531 0.99009 0 0.0126689 0.998777 0.0477997 0 -0.991224 0.00625352 0.132048 0 -3050.39 -65.1672 1347.19 1 2
0.131587 -0.0490531 0.99009 0 0.0126689 0.998777 0.0477997 0 -0.991224 0.00625352 0.132048 0 -3050.39 -65.1672 1347.19 1 2
0.131587 -0.0490531 0.99009 0 0.0126689 0.998777 0.0477997 0 -0.991224 0.00625352 0.132048 0 -3050.39 -65.1672 1347.19 1 2
0.131587 -0.0490531 0.99009 0 0.0126689 0.998777 0.0477997 0 -0.991224 0.00625352 0.132048 0 -3050.39 -65.1672 1347.19 1 2
0.131587 -0.0490531 0.99009 0 0.0126689 0.998777 0.0477997 0 -0.991224 0.00625352 0.132048 0 -3050.39 -65.1672 1347.19 1 2
0.131587 -0.0490531 0.99009 0 0.0126689 0.998777 0.0477997 0 -0.991224 0.00625352 0.132048 0 -3050.39 -65.1672 1347.19 1 2
0.131587 -0.0490531 0.99009 0 0.0126689 0.998777 0.0477997 0 -0.991224 0.00625352 0.132048 0 -3050.39 -65.1672 1347.19 1 2
0.131587 -0.0490531 0.99009 0 0.0126689 0.998777 0.0477997 0 -0.991224 0.00625352 0.132048 0 -3050.39 -65.1672 1347.19 1 2
0.131587 -0.0490531 0.99009 0 0.0126689 0.998777 0.0477997 0 -0.991224 0.00625352 0.132048 0 -3050.39 -65.1672 1347.19 1 2
0.131587 -0.0490531 0.99009 0 0.0126689 0.998777 0.0477997 0 -0.991224 0.00625352 0.132048 0 -3050.39 -65.1672 1347.19 1 2
0.131587 -0.0490531 0.99009 0 0.0126689 0.998777 0.0477997 0 -0.991224 0.00625352 0.132048 0 -3050.39 -65.1672 1347.19 1 2
0.131587 -0.0490531 0.99009 0 0.0126689 0.998777 0.0477997 0 -0.991224 0.00625352 0.132048 0 -3050.39 -65.1672 1347.19 1 2
0.131587 -0.0490531 0.99009 0 0.0126689 0.998777 0.0477997 0 -0.991224 0.00625352 0.132048 0 -3050.39 -65.1672 1347.19 1 2
0.131587 -0.0490531 0.99009 0 0.0126689 0.998777 0.0477997 0 -0.991224 0.00625352 0.132048 0 -3050.39 -65.1672 1347.19 1 2
0.131587 -0.0490531 0.99009 0 0.0126689 0.998777 0.0477997 0 -0.991224 0.00625352 0.132048 0 -3050.39 -65.1672 1347.19 1 2
0.131587 -0.0490531 0.99009 0 0.0126689 0.998777 0.0477997 0 -0.991224 0.00625352 0.132048 0 -3050.39 -65.1672 1347.19 1 2
0.131587 -0.0490531 0.99009 0 0.0126689 0.998777 0.0477997 0 -0.991224 0.00625352 0.132048 0 -3050.39 -65.1672 1347.19 1 2
0.131587 -0.0490531 0.99009 0 0.0126689 0.998777 0.0477997 0 -0.991224 0.00625352 0.132048 0 -3050.39 -65.1672 1347.19 1 2
0.131587 -0.0490531 0.99009 0 0.0126689 0.998777 0.0477997 0 -0.991224 0.00625352 0.132048 0 -3050.39 -65.1672 1347.19 1 2
0.131587 -0.0490531 0.99009 0 0.0126689 0.998777 0.0477997 0 -0.991224 0.00625352 0.132048 0 -3050.39 -65.1672 1347.19 1 2
0.131587 -0.0490531 0.99009 0 0.0126689 0.998777 0.0477997 0 -0.991224 0.00625352 0.132048 0 -3050.39 -65.1672 1347.19 1 2
0.131587 -0.0490531 0.99009 0 0.0126689 0.998777 0.0477997 0 -0.991224 0.00625352 0.132048 0 -3050.39 -65.1672 1347.19 1 2
0.131587 -0.0490531 0.99009 0 0.0126689 0.998777 0.0477997 0 -0.991224 0.00625352 0.132048 0 -3050.39 -65.1672 1347.19 1 2
0.131587 -0.0490531 0.99009 0 0.0126689 0.998777 0.0477997 0 -0.991224 0.00625352 0.132048 0 -3050.39 -65.1672 1347.19 1 2
0.131587 -0.0490531 0.99009 0 0.0126689 0.998777 0.0477997 0 -0.991224 0.00625352 0.132048 0 -3050.39 -65.1672 1347.19 1 2
0.131587 -0.0490531 0.99009 0 0.0126689 0.998777 0.0477997 0 -0.991224 0.00625352 0.132048 0 -3050.39 -65.1672 1347.19 1 2
0.131587 -0.0490531 0.99009 0 0.0126689 0.998777 0.0477997 0 -0.991224 0.00625352 0.132048 0 -3050.39 -65.1672 1347.19 1 2
0.131587 -0.0490531 0.99009 0 0.0126689 0.998777 0.0477997 0 -0.991224 0.00625352 0.132048 0 -3050.39 -65.1672 1347.19 1 2
0.131587 -0.0490531 0.99009 0 0.0126689 0.998777 0.0477997 0 -0.991224 0.00625352 0.132048 0 -3050.39 -65.1672 1347.19 1 2
0.131587 -0.0490531 0.99009 0 0.0126689 0.998777 0.0477997 0 -0.991224 0.00625352 0.132048 0 -3050.39 -65.1672 1347.19 1 2
0.131587 -0.0490531 0.99009 0 0.0126689 0.998777 0.0477997 0 -0.991224 0.00625352 0.132048 0 -3050.39 -65.1672 1347.19 1 2
0.131587 -0.0490531 0.99009 0 0.0126689 0.998777 0.0477997 0 -0.991224 0.00625352 0.132048 0 -3050.39 -65.1672 1347.19 1 2
0.131587 -0.0490531 0.99009 0 0.0126689 0.998777 0.0477997 0 -0.991224 0.00625352 0.132048 0 -3050.39 -65.1672 1347.19 1 2
0.131587 -0.0490531 0.99009 0 0.0126689 0.998777 0.0477997 0 -0.991224 0.00625352 0.132048 0 -3050.39 -65.1672 1347.19 1 2
0.131587 -0.0490531 0.99009 0 0.0126689 0.998777 0.0477997 0 -0.991224 0.00625352 0.132048 0 -3050.39 -65.1672 1347.19 1 2
0.131587 -0.0490531 0.99009 0 0.0126689 0.998777 0.0477997 0 -0.991224 0.00625352 0.132048 0 -3050.39 -65.1672 1347.19 1 2
0.131587 -0.0490531 0.99009 0 0.0126689 0.998777 0.0477997 0 -0.991224 0.00625352 0.132048 0 -3050.39 -65.1672 1347.19 1 2
0.131587 -0.0490531 0.99009 0 0.0126689 0.998777 0.0477997 0 -0.991224 0.00625352 0.132048 0 -3050.39 -65.1672 1347.19 1 2
0.131587 -0.0490531 0.99009 0 0.0126689 0.998777 0.0477997 0 -0.991224 0.00625352 0.132048 0 -3050.39 -65.1672 1347.19 1 2
0.131587 -0.0490531 0.99009 0 0.0126689 0.998777 0.0477997 0 -0.991224 0.00625352 0.132048 0 -3050.39 -65.1672 1347.19 1 2
0.131587 -0.0490531 0.99009 0 0.0126689 0.998777 0.0477997 0 -0.991224 0.00625352 0.132048 0 -3050.39 -65.1672 1347.19 1 2
0.131587 -0.0490531 0.99009 0 0.0126689 0.998777 0.0477997 0 -0.991224 0.00625352 0.132048 0 -3050.39 -65.1672 1347.19 1 2
0.131587 -0.0490531 0.99009 0 0.0126689 0.998777 0.0477997 0 -0.991224 0.00625352 0.132048 0 -3050.39 -65.1672 1347.19 1 2
0.131587 -0.0490531 0.99009 0 0.0126689 0.998777 0.0477997 0 -0.991224 0.00625352 0.132048 0 -3050.39 -65.1672 1347.19 1 2
0.131587 -0.0490531 0.99009 0 0.0126689 0.998777 0.0477997 0 -0.991224 0.00625352 0.132048 0 -3050.39 -65.1672 1347.19 1 2
0.131587 -0.0490531 0.99009 0 0.0126689 0.998777 0.0477997 0 -0.991224 0.00625352 0.132048 0 -3050.39 -65.1672 1347.19 1 2
0.131587 -0.0490531 0.99009 0 0.0126689 0.998777 0.0477997 0 -0.991224 0.00625352 0.132048 0 -3050.39 -65.1672 1347.19 1 2
0.131587 -0.0490531 0.99009 0 0.0126689 0.998777 0.0477997 0 -0.991224 0.00625352 0.132048 0 -3050.39 -65.1672 1347.19 1 2
0.131587 -0.0490531 0.99009 0 0.0126689 0.998777 0.0477997 0 -0.991224 0.00625352 0.132048 0 -3050.39 -65.1672 1347.19 1 2
0.131587 -0.0490531 0.99009 0 0.0126689 0.998777 0.0477997 0 -0.991224 0.00625352 0.132048 0 -3050.39 -65.1672 1347.19 1 2
0.131587 -0.0490531 0.99009 0 0.0126689 0.998777 0.0477997 0 -0.991224 0.00625352 0.132048 0 -3050.39 -65.1672 1347.19 1 2
0.131587 -0.0490531 0.99009 0 0.0126689 0.998777 0.0477997 0 -0.991224 0.00625352 0.132048 0 -3050.39 -65.1672 1347.19 1 2
0.131587 -0.0490531 0.99009 0 0.0126689 0.998777 0.0477997 0 -0.991224 0.00625352 0.132048 0 -3050.39 -65.1672 1347.19 1 2
0.131587 -0.0490531 0.99009 0 0.0126689 0.998777 0.0477997 0 -0.991224 0.00625352 0.132048 0 -3050.39 -65.1672 1347.19 1 2
0.131587 -0.0490531 0.99009 0 0.0126689 0.998777 0.0477997 0 -0.991224 0.00625352 0.132048 0 -3050.39 -65.1672 1347.19 1 2
0.131587 -0.0490531 0.99009 0 0.0126689 0.998777 0.0477997 0 -0.991224 0.00625352 0.132048 0 -3050.39 -65.1672 1347.19 1 2
0.131587 -0.0490531 0.99009 0 0.0126689 0.998777 0.0477997 0 -0.991224 0.00625352 0.132048 0 -3050.39 -65.1672 1347.19 1 2
0.131587 -0.0490531 0.99009 0 0.0126689 0.998777 0.0477997 0 -0.991224 0.00625352 0.132048 0 -3050.39 -65.1672 1347.19 1 2
0.131587 -0.0490531 0.99009 0 0.0126689 0.998777 0.0477997 0 -0.991224 0.00625352 0.132048 0 -3050.39 -65.1672 1347.19 1 2
0.131587 -0.0490531 0.99009 0 0.0126689 0.998777 0.0477997 0 -0.991224 0.00625352 0.132048 0 -3050.39 -65.1672 1347.19 1 2
0.131587 -0.0490531 0.99009 0 0.0126689 0.998777 0.0477997 0 -0.991224 0.00625352 0.132048 0 -3050.39 -65.1672 1347.19 1 2
0.131587 -0.0490531 0.99009 0 0.0126689 0.998777 0.0477997 0 -0.991224 0.00625352 0.132048 0 -3050.39 -65.1672 1347.19 1 2
0.131587 -0.0490531 0.99009 0 0.0126689 0.998777 0.0477997 0 -0.991224 0.00625352 0.132048 0 -3050.39 -65.1672 1347.19 1 2
0.133375 -0.0519607 0.989703 0 -0.00138459 0.998614 0.0526152 0 -0.991065 -0.00838789 0.133118 0 -3045.81 -101.77 1356.21 1 3
0.135844 -0.0517142 0.98938 0 -0.0135247 0.998447 0.0540451 0 -0.990638 -0.0207228 0.134933 0 -3041.71 -129.545 1363.87 1 3
0.137928 -0.0505107 0.989153 0 -0.0230496 0.998265 0.05419 0 -0.990174 -0.030274 0.136524 0 -3038.46 -150.307 1369.66 1 3
0.140002 -0.0480206 0.988986 0 -0.0302901 0.998148 0.0527534 0 -0.989688 -0.0373421 0.138288 0 -3035.93 -165.172 1375.41 1 3
0.142089 -0.0452839 0.988818 0 -0.0342513 0.99813 0.0506322 0 -0.989261 -0.0410626 0.140272 0 -3034.54 -173.074 1381.24 1 3
0.144868 -0.0433663 0.9885 0 -0.0337951 0.998239 0.0487463 0 -0.988874 -0.0404683 0.143148 0 -3034.62 -171.209 1387.92 1 3
0.147757 -0.0402995 0.988202 0 -0.0317516 0.998461 0.0454654 0 -0.988514 -0.0380949 0.14625 0 -3034.88 -165.522 1395.75 1 3
0.150434 -0.0380034 0.987889 0 -0.0283905 0.998683 0.0427419 0 -0.988212 -0.0344766 0.149157 0 -3035.82 -157.728 1403.45 1 3
0.153173 -0.0354883 0.987562 0 -0.0238968 0.99893 0.0396032 0 -0.98791 -0.0296657 0.152161 0 -3036.55 -147.144 1411.9 1 3
0.156074 -0.0337464 0.987169 0 -0.0190768 0.999127 0.0371713 0 -0.987561 -0.0246335 0.155294 0 -3037.17 -136.109 1420.32 1 3
0.158714 -0.0324212 0.986792 0 -0.0148695 0.999269 0.0352227 0 -0.987213 -0.0202635 0.158116 0 -3038.17 -126.367 1427.39 1 3
0.161059 -0.0317387 0.986434 0 -0.0113729 0.999357 0.0340114 0 -0.986879 -0.0166964 0.160594 0 -3039.31 -118.713 1433.22 1 3
0.162752 -0.0314242 0.986166 0 -0.0085125 0.999411 0.0332511 0 -0.98663 -0.0138064 0.162389 0 -3040.53 -112.313 1437.23 1 3
0.164242 -0.0316311 0.985913 0 -0.00646851 0.99943 0.0331423 0 -0.986399 -0.0118208 0.163944 0 -3041.43 -108.159 1440.41 1 3
0.166042 -0.0317056 0.985609 0 -0.00501774 0.999443 0.032996 0 -0.986106 -0.0104243 0.165791 0 -3041.78 -105.368 1444.1 1 3
0.167959 -0.0318391 0.98528 0 -0.00392753 0.999449 0.0329665 0 -0.985786 -0.00940675 0.167742 0 -3041.71 -103.171 1448.2 1 3
0.170107 -0.0319858 0.984906 0 -0.00279061 0.999453 0.0329402 0 -0.985422 -0.00835184 0.169924 0 -3041.09 -100.91 1452.87 1 3
0.172334 -0.0315603 0.984533 0 -0.00199883 0.999473 0.0323892 0 -0.985037 -0.00754967 0.17218 0 -3041.49 -98.8792 1458.84 1 3
0.174417 -0.0313912 0.984171 0 -0.00110513 0.999485 0.0320755 0 -0.984671 -0.00668215 0.174293 0 -3041.53 -96.6354 1464.19 1 3
0.176183 -0.0312144 0.983862 0 -0.000316359 0.999495 0.0317671 0 -0.984357 -0.00590806 0.176084 0 -3041.66 -94.5677 1468.51 1 3
0.177632 -0.0311306 0.983604 0 0.000449001 0.999502 0.0315527 0 -0.984097 -0.00516313 0.177557 0 -3041.77 -92.7972 1472 1 3
0.178757 -0.0311081 0.983401 0 0.000875314 0.999505 0.0314583 0 -0.983893 -0.00476261 0.178696 0 -3041.94 -91.7863 1474.37 1 3
0.179708 -0.0312137 0.983225 0 0.00128477 0.999503 0.0314956 0 -0.983719 -0.00439681 0.179659 0 -3042.07 -91.0936 1476.21 1 3
0.180273 -0.031361 0.983117 0 0.00158831 0.9995 0.0315924 0 -0.983615 -0.00413376 0.180232 0 -3042.46 -90.5857 1477.04 1 3
0.180729 -0.0314828 0.983029 0 0.00189668 0.999497 0.0316615 0 -0.983531 -0.00385764 0.180697 0 -3042.73 -90.0423 1477.57 1 3
0.181131 -0.0316136 0.982951 0 0.00225582 0.999494 0.03173 0 -0.983456 -0.00352992 0.181111 0 -3043.06 -89.2533 1477.85 1 3
0.181462 -0.031765 0.982885 0 0.00255814 0.99949 0.0318293 0 -0.983395 -0.00326145 0.181451 0 -3043.36 -88.6447 1477.96 1 3
0.181789 -0.0318487 0.982822 0 0.00297118 0.999489 0.0318392 0 -0.983333 -0.00286788 0.181791 0 -3043.62 -87.815 1478.09 1 3
0.182222 -0.0320447 0.982735 0 0.00320566 0.999483 0.0319964 0 -0.983252 -0.00268011 0.18223 0 -3043.65 -87.3218 1478.43 1 3
0.182454 -0.0319254 0.982696 0 0.00320193 0.999487 0.0318764 0 -0.983209 -0.00266947 0.182463 0 -3043.77 -86.7186 1479.13 1 3
0.182675 -0.0318958 0.982656 0 0.00315185 0.999487 0.0318562 0 -0.983168 -0.00272215 0.182682 0 -3043.98 -86.435 1479.39 1 3
0.182807 -0.0319329 0.98263 0 0.00315042 0.999486 0.0318946 0 -0.983144 -0.00273484 0.182813 0 -3044.24 -86.3005 1479.29 1 3
0.182939 -0.03193 0.982606 0 0.00311403 0.999486 0.0318987 0 -0.983119 -0.00277567 0.182945 0 -3044.4 -86.3509 1479.08 1 3
0.18296 -0.0319028 0.982603 0 0.00303425 0.999487 0.0318861 0 -0.983116 -0.00285242 0.182963 0 -3044.53 -86.5057 1478.85 1 3
0.182972 -0.0319249 0.9826 0 0.00298235 0.999486 0.0319182 0 -0.983114 -0.00290967 0.182973 0 -3044.69 -86.6358 1478.46 1 3
0.182694 -0.032481 0.982633 0 0.00253943 0.999466 0.0325653 0 -0.983167 -0.00345415 0.182679 0 -3045.39 -88.1368 1476.97 1 3
0.18244 -0.0329099 0.982666 0 0.00232328 0.999451 0.0330407 0 -0.983214 -0.00374493 0.182416 0 -3046.01 -88.954 1475.66 1 3
0.182361 -0.0331743 0.982672 0 0.00213055 0.999442 0.033345 0 -0.983229 -0.00398719 0.182329 0 -3046.38 -89.5516 1474.93 1 3
0.182394 -0.0333108 0.982661 0 0.00204496 0.999437 0.0334999 0 -0.983223 -0.00410069 0.18236 0 -3046.6 -89.8913 1474.57 1 3
0.182529 -0.0334054 0.982633 0 0.00199202 0.999433 0.0336065 0 -0.983198 -0.00417675 0.182492 0 -3046.71 -89.9999 1474.49 1 3
0.182687 -0.0335645 0.982598 0 0.00193005 0.999427 0.0337806 0 -0.983169 -0.0042748 0.182647 0 -3046.66 -90.2463 1474.47 1 3
0.18286 -0.0336128 0.982564 0 0.00186518 0.999425 0.0338425 0 -0.983137 -0.00435577 0.182817 0 -3046.6 -90.3703 1474.44 1 3
0.183084 -0.033644 0.982521 0 0.00181167 0.999424 0.0338852 0 -0.983096 -0.00442384 0.18304 0 -3046.45 -90.5131 1474.58 1 3
0.183192 -0.033696 0.982499 0 0.00178355 0.999422 0.0339438 0 -0.983075 -0.00446592 0.183147 0 -3046.39 -90.6456 1474.62 1 3
0.183253 -0.0337254 0.982487 0 0.00173147 0.999421 0.0339838 0 -0.983064 -0.00452649 0.183206 0 -3046.37 -90.8161 1474.58 1 3
