0.998546 0 -0.0539049 0 0 1 0 0 0.0539049 0 0.998546 0 -804.016 0 479.635 1 0
0.998546 0 -0.0539049 0 0 1 0 0 0.0539049 0 0.998546 0 -804.016 0 479.635 1 0
0.998546 0 -0.0539049 0 0 1 0 0 0.0539049 0 0.998546 0 -804.016 0 479.635 1 0
0.998546 0 -0.0539049 0 0 1 0 0 0.0539049 0 0.998546 0 -804.016 0 479.635 1 0
0.998546 0 -0.0539049 0 0 1 0 0 0.0539049 0 0.998546 0 -804.016 0 479.635 1 0
0.998546 0 -0.0539049 0 0 1 0 0 0.0539049 0 0.998546 0 -804.016 0 479.635 1 0
0.998546 0 -0.0539049 0 0 1 0 0 0.0539049 0 0.998546 0 -804.016 0 479.635 1 0
0.998546 0 -0.0539049 0 0 1 0 0 0.0539049 0 0.998546 0 -804.016 0 479.635 1 0
0.998546 0 -0.0539049 0 0 1 0 0 0.0539049 0 0.998546 0 -804.016 0 479.635 1 0
0.998546 0 -0.0539049 0 0 1 0 0 0.0539049 0 0.998546 0 -804.016 0 479.635 1 0
0.998546 0 -0.0539049 0 0 1 0 0 0.0539049 0 0.998546 0 -804.016 0 479.635 1 0
0.998546 0 -0.0539049 0 0 1 0 0 0.0539049 0 0.998546 0 -804.016 0 479.635 1 0
0.998546 0 -0.0539049 0 0 1 0 0 0.0539049 0 0.998546 0 -804.016 0 479.635 1 0
0.998546 0 -0.0539049 0 0 1 0 0 0.0539049 0 0.998546 0 -804.016 0 479.635 1 0
0.998546 0 -0.0539049 0 0 1 0 0 0.0539049 0 0.998546 0 -804.016 0 479.635 1 0
0.998546 0 -0.0539049 0 0 1 0 0 0.0539049 0 0.998546 0 -804.016 0 479.635 1 0
0.995726 -0.023257 -0.089384 0 0.024584 0.999603 0.0137739 0 0.0890282 -0.0159125 0.995902 0 -608.742 -16.3984 736.135 1 1
0.994922 -0.0444333 -0.090305 0 0.0453884 0.998933 0.00854942 0 0.0898288 -0.0126048 0.995877 0 -584.834 -18.7123 742.517 1 1
0.994922 -0.0444333 -0.090305 0 0.0453884 0.998933 0.00854942 0 0.0898288 -0.0126048 0.995877 0 -584.834 -18.7123 742.517 1 2
0.994922 -0.0444333 -0.090305 0 0.0453884 0.998933 0.00854942 0 0.0898288 -0.0126048 0.995877 0 -584.834 -18.7123 742.517 1 2
0.994922 -0.0444333 -0.090305 0 0.0453884 0.998933 0.00854942 0 0.0898288 -0.0126048 0.995877 0 -584.834 -18.7123 742.517 1 2
0.994922 -0.0444333 -0.090305 0 0.0453884 0.998933 0.00854942 0 0.0898288 -0.0126048 0.995877 0 -584.834 -18.7123 742.517 1 2
0.994922 -0.0444333 -0.090305 0 0.0453884 0.998933 0.00854942 0 0.0898288 -0.0126048 0.995877 0 -584.834 -18.7123 742.517 1 2
0.994922 -0.0444333 -0.090305 0 0.0453884 0.998933 0.00854942 0 0.0898288 -0.0126048 0.995877 0 -584.834 -18.7123 742.517 1 2
0.994922 -0.0444333 -0.090305 0 0.0453884 0.998933 0.00854942 0 0.0898288 -0.0126048 0.995877 0 -584.834 -18.7123 742.517 1 2
0.994922 -0.0444333 -0.090305 0 0.0453884 0.998933 0.00854942 0 0.0898288 -0.0126048 0.995877 0 -584.834 -18.7123 742.517 1 2
0.994922 -0.0444333 -0.090305 0 0.0453884 0.998933 0.00854942 0 0.0898288 -0.0126048 0.995877 0 -584.834 -18.7123 742.517 1 2
0.994922 -0.0444333 -0.090305 0 0.0453884 0.998933 0.00854942 0 0.0898288 -0.0126048 0.995877 0 -584.834 -18.7123 742.517 1 2
0.994922 -0.0444333 -0.090305 0 0.0453884 0.998933 0.00854942 0 0.0898288 -0.0126048 0.995877 0 -584.834 -18.7123 742.517 1 2
0.994922 -0.0444333 -0.090305 0 0.0453884 0.998933 0.00854942 0 0.0898288 -0.0126048 0.995877 0 -584.834 -18.7123 742.517 1 2
0.994922 -0.0444333 -0.090305 0 0.0453884 0.998933 0.00854942 0 0.0898288 -0.0126048 0.995877 0 -584.834 -18.7123 742.517 1 2
0.994922 -0.0444333 -0.090305 0 0.0453884 0.998933 0.00854942 0 0.0898288 -0.0126048 0.995877 0 -584.834 -18.7123 742.517 1 2
0.994922 -0.0444333 -0.090305 0 0.0453884 0.998933 0.00854942 0 0.0898288 -0.0126048 0.995877 0 -584.834 -18.7123 742.517 1 2
0.994922 -0.0444333 -0.090305 0 0.0453884 0.998933 0.00854942 0 0.0898288 -0.0126048 0.995877 0 -584.834 -18.7123 742.517 1 2
0.994922 -0.0444333 -0.090305 0 0.0453884 0.998933 0.00854942 0 0.0898288 -0.0126048 0.995877 0 -584.834 -18.7123 742.517 1 2
0.994922 -0.0444333 -0.090305 0 0.0453884 0.998933 0.00854942 0 0.0898288 -0.0126048 0.995877 0 -584.834 -18.7123 742.517 1 2
0.994922 -0.0444333 -0.090305 0 0.0453884 0.998933 0.00854942 0 0.0898288 -0.0126048 0.995877 0 -584.834 -18.7123 742.517 1 2
0.994922 -0.0444333 -0.090305 0 0.0453884 0.998933 0.00854942 0 0.0898288 -0.0126048 0.995877 0 -584.834 -18.7123 742.517 1 2
0.994922 -0.0444333 -0.090305 0 0.0453884 0.998933 0.00854942 0 0.0898288 -0.0126048 0.995877 0 -584.834 -18.7123 742.517 1 2
0.994922 -0.0444333 -0.090305 0 0.0453884 0.998933 0.00854942 0 0.0898288 -0.0126048 0.995877 0 -584.834 -18.7123 742.517 1 2
0.994922 -0.0444333 -0.090305 0 0.0453884 0.998933 0.00854942 0 0.0898288 -0.0126048 0.995877 0 -584.834 -18.7123 742.517 1 2
0.994922 -0.0444333 -0.090305 0 0.0453884 0.998933 0.00854942 0 0.0898288 -0.0126048 0.995877 0 -584.834 -18.7123 742.517 1 2
0.994922 -0.0444333 -0.090305 0 0.0453884 0.998933 0.00854942 0 0.0898288 -0.0126048 0.995877 0 -584.834 -18.7123 742.517 1 2
0.994922 -0.0444333 -0.090305 0 0.0453884 0.998933 0.00854942 0 0.0898288 -0.0126048 0.995877 0 -584.834 -18.7123 742.517 1 2
0.994922 -0.0444333 -0.090305 0 0.0453884 0.998933 0.00854942 0 0.0898288 -0.0126048 0.995877 0 -584.834 -18.7123 742.517 1 2
0.994922 -0.0444333 -0.090305 0 0.0453884 0.998933 0.00854942 0 0.0898288 -0.0126048 0.995877 0 -584.834 -18.7123 742.517 1 2
0.994922 -0.0444333 -0.090305 0 0.0453884 0.998933 0.00854942 0 0.0898288 -0.0126048 0.995877 0 -584.834 -18.7123 742.517 1 2
0.994922 -0.0444333 -0.090305 0 0.0453884 0.998933 0.00854942 0 0.0898288 -0.0126048 0.995877 0 -584.834 -18.7123 742.517 1 2
0.994922 -0.0444333 -0.090305 0 0.0453884 0.998933 0.00854942 0 0.0898288 -0.0126048 0.995877 0 -584.834 -18.7123 742.517 1 2
0.994922 -0.0444333 -0.090305 0 0.0453884 0.998933 0.00854942 0 0.0898288 -0.0126048 0.995877 0 -584.834 -18.7123 742.517 1 2
0.994922 -0.0444333 -0.090305 0 0.0453884 0.998933 0.00854942 0 0.0898288 -0.0126048 0.995877 0 -584.834 -18.7123 742.517 1 2
0.994922 -0.0444333 -0.090305 0 0.0453884 0.998933 0.00854942 0 0.0898288 -0.0126048 0.995877 0 -584.834 -18.7123 742.517 1 2
0.994922 -0.0444333 -0.090305 0 0.0453884 0.998933 0.00854942 0 0.0898288 -0.0126048 0.995877 0 -584.834 -18.7123 742.517 1 2
0.994922 -0.0444333 -0.090305 0 0.0453884 0.998933 0.00854942 0 0.0898288 -0.0126048 0.995877 0 -584.834 -18.7123 742.517 1 2
0.994922 -0.0444333 -0.090305 0 0.0453884 0.998933 0.00854942 0 0.0898288 -0.0126048 0.995877 0 -584.834 -18.7123 742.517 1 2
0.994922 -0.0444333 -0.090305 0 0.0453884 0.998933 0.00854942 0 0.0898288 -0.0126048 0.995877 0 -584.834 -18.7123 742.517 1 2
0.994922 -0.0444333 -0.090305 0 0.0453884 0.998933 0.00854942 0 0.0898288 -0.0126048 0.995877 0 -584.834 -18.7123 742.517 1 2
0.994922 -0.0444333 -0.090305 0 0.0453884 0.998933 0.00854942 0 0.0898288 -0.0126048 0.995877 0 -584.834 -18.7123 742.517 1 2
0.994922 -0.0444333 -0.090305 0 0.0453884 0.998933 0.00854942 0 0.0898288 -0.0126048 0.995877 0 -584.834 -18.7123 742.517 1 2
0.994922 -0.0444333 -0.090305 0 0.0453884 0.998933 0.00854942 0 0.0898288 -0.0126048 0.995877 0 -584.834 -18.7123 742.517 1 2
0.994922 -0.0444333 -0.090305 0 0.0453884 0.998933 0.00854942 0 0.0898288 -0.0126048 0.995877 0 -584.834 -18.7123 742.517 1 2
0.994922 -0.0444333 -0.090305 0 0.0453884 0.998933 0.00854942 0 0.0898288 -0.0126048 0.995877 0 -584.834 -18.7123 742.517 1 2
0.994922 -0.0444333 -0.090305 0 0.0453884 0.998933 0.00854942 0 0.0898288 -0.0126048 0.995877 0 -584.834 -18.7123 742.517 1 2
0.994922 -0.0444333 -0.090305 0 0.0453884 0.998933 0.00854942 0 0.0898288 -0.0126048 0.995877 0 -584.834 -18.7123 742.517 1 2
0.994922 -0.0444333 -0.090305 0 0.0453884 0.998933 0.00854942 0 0.0898288 -0.0126048 0.995877 0 -584.834 -18.7123 742.517 1 2
0.994922 -0.0444333 -0.090305 0 0.0453884 0.998933 0.00854942 0 0.0898288 -0.0126048 0.995877 0 -584.834 -18.7123 742.517 1 2
0.994922 -0.0444333 -0.090305 0 0.0453884 0.998933 0.00854942 0 0.0898288 -0.0126048 0.995877 0 -584.834 -18.7123 742.517 1 2
0.994922 -0.0444333 -0.090305 0 0.0453884 0.998933 0.00854942 0 0.0898288 -0.0126048 0.995877 0 -584.834 -18.7123 742.517 1 2
0.994922 -0.0444333 -0.090305 0 0.0453884 0.998933 0.00854942 0 0.0898288 -0.0126048 0.995877 0 -584.834 -18.7123 742.517 1 2
0.994922 -0.0444333 -0.090305 0 0.0453884 0.998933 0.00854942 0 0.0898288 -0.0126048 0.995877 0 -584.834 -18.7123 742.517 1 2
0.994922 -0.0444333 -0.090305 0 0.0453884 0.998933 0.00854942 0 0.0898288 -0.0126048 0.995877 0 -584.834 -18.7123 742.517 1 2
0.994922 -0.0444333 -0.090305 0 0.0453884 0.998933 0.00854942 0 0.0898288 -0.0126048 0.995877 0 -584.834 -18.7123 742.517 1 2
0.994922 -0.0444333 -0.090305 0 0.0453884 0.998933 0.00854942 0 0.0898288 -0.0126048 0.995877 0 -584.834 -18.7123 742.517 1 2
0.994922 -0.0444333 -0.090305 0 0.0453884 0.998933 0.00854942 0 0.0898288 -0.0126048 0.995877 0 -584.834 -18.7123 742.517 1 2
0.994922 -0.0444333 -0.090305 0 0.0453884 0.998933 0.00854942 0 0.0898288 -0.0126048 0.995877 0 -584.834 -18.7123 742.517 1 2
0.994922 -0.0444333 -0.090305 0 0.0453884 0.998933 0.00854942 0 0.0898288 -0.0126048 0.995877 0 -584.834 -18.7123 742.517 1 2
0.994922 -0.0444333 -0.090305 0 0.0453884 0.998933 0.00854942 0 0.0898288 -0.0126048 0.995877 0 -584.834 -18.7123 742.517 1 2
0.994922 -0.0444333 -0.090305 0 0.0453884 0.998933 0.00854942 0 0.0898288 -0.0126048 0.995877 0 -584.834 -18.7123 742.517 1 2
0.994922 -0.0444333 -0.090305 0 0.0453884 0.998933 0.00854942 0 0.0898288 -0.0126048 0.995877 0 -584.834 -18.7123 742.517 1 2
0.994922 -0.0444333 -0.090305 0 0.0453884 0.998933 0.00854942 0 0.0898288 -0.0126048 0.995877 0 -584.834 -18.7123 742.517 1 2
0.994922 -0.0444333 -0.090305 0 0.0453884 0.998933 0.00854942 0 0.0898288 -0.0126048 0.995877 0 -584.834 -18.7123 742.517 1 2
0.994922 -0.0444333 -0.090305 0 0.0453884 0.998933 0.00854942 0 0.0898288 -0.0126048 0.995877 0 -584.834 -18.7123 742.517 1 2
0.994922 -0.0444333 -0.090305 0 0.0453884 0.998933 0.00854942 0 0.0898288 -0.0126048 0.995877 0 -584.834 -18.7123 742.517 1 2
0.994922 -0.0444333 -0.090305 0 0.0453884 0.998933 0.00854942 0 0.0898288 -0.0126048 0.995877 0 -584.834 -18.7123 742.517 1 2
0.994922 -0.0444333 -0.090305 0 0.0453884 0.998933 0.00854942 0 0.0898288 -0.0126048 0.995877 0 -584.834 -18.7123 742.517 1 2
0.994922 -0.0444333 -0.090305 0 0.0453884 0.998933 0.00854942 0 0.0898288 -0.0126048 0.995877 0 -584.834 -18.7123 742.517 1 2
0.994922 -0.0444333 -0.090305 0 0.0453884 0.998933 0.00854942 0 0.0898288 -0.0126048 0.995877 0 -584.834 -18.7123 742.517 1 2
0.994922 -0.0444333 -0.090305 0 0.0453884 0.998933 0.00854942 0 0.0898288 -0.0126048 0.995877 0 -584.834 -18.7123 742.517 1 2
0.994922 -0.0444333 -0.090305 0 0.0453884 0.998933 0.00854942 0 0.0898288 -0.0126048 0.995877 0 -584.834 -18.7123 742.517 1 2
0.994922 -0.0444333 -0.090305 0 0.0453884 0.998933 0.00854942 0 0.0898288 -0.0126048 0.995877 0 -584.834 -18.7123 742.517 1 2
0.994922 -0.0444333 -0.090305 0 0.0453884 0.998933 0.00854942 0 0.0898288 -0.0126048 0.995877 0 -584.834 -18.7123 742.517 1 2
0.994922 -0.0444333 -0.090305 0 0.0453884 0.998933 0.00854942 0 0.0898288 -0.0126048 0.995877 0 -584.834 -18.7123 742.517 1 2
0.994922 -0.0444333 -0.090305 0 0.0453884 0.998933 0.00854942 0 0.0898288 -0.0126048 0.995877 0 -584.834 -18.7123 742.517 1 2
0.994922 -0.0444333 -0.090305 0 0.0453884 0.998933 0.00854942 0 0.0898288 -0.0126048 0.995877 0 -584.834 -18.7123 742.517 1 2
0.994922 -0.0444333 -0.090305 0 0.0453884 0.998933 0.00854942 0 0.0898288 -0.0126048 0.995877 0 -584.834 -18.7123 742.517 1 2
0.994922 -0.0444333 -0.090305 0 0.0453884 0.998933 0.00854942 0 0.0898288 -0.0126048 0.995877 0 -584.834 -18.7123 742.517 1 2
0.994922 -0.0444333 -0.090305 0 0.0453884 0.998933 0.00854942 0 0.0898288 -0.0126048 0.995877 0 -584.834 -18.7123 742.517 1 2
0.994922 -0.0444333 -0.090305 0 0.0453884 0.998933 0.00854942 0 0.0898288 -0.0126048 0.995877 0 -584.834 -18.7123 742.517 1 2
0.994922 -0.0444333 -0.090305 0 0.0453884 0.998933 0.00854942 0 0.0898288 -0.0126048 0.995877 0 -584.834 -18.7123 742.517 1 2
0.994922 -0.0444333 -0.090305 0 0.0453884 0.998933 0.00854942 0 0.0898288 -0.0126048 0.995877 0 -584.834 -18.7123 742.517 1 2
0.994922 -0.0444333 -0.090305 0 0.0453884 0.998933 0.00854942 0 0.0898288 -0.0126048 0.995877 0 -584.834 -18.7123 742.517 1 2
0.994922 -0.0444333 -0.090305 0 0.0453884 0.998933 0.00854942 0 0.0898288 -0.0126048 0.995877 0 -584.834 -18.7123 742.517 1 2
0.994922 -0.0444333 -0.090305 0 0.0453884 0.998933 0.00854942 0 0.0898288 -0.0126048 0.995877 0 -584.834 -18.7123 742.517 1 2
0.994922 -0.0444333 -0.090305 0 0.0453884 0.998933 0.00854942 0 0.0898288 -0.0126048 0.995877 0 -584.834 -18.7123 742.517 1 2
0.994922 -0.0444333 -0.090305 0 0.0453884 0.998933 0.00854942 0 0.0898288 -0.0126048 0.995877 0 -584.834 -18.7123 742.517 1 2
0.994922 -0.0444333 -0.090305 0 0.0453884 0.998933 0.00854942 0 0.0898288 -0.0126048 0.995877 0 -584.834 -18.7123 742.517 1 2
0.994922 -0.0444333 -0.090305 0 0.0453884 0.998933 0.00854942 0 0.0898288 -0.0126048 0.995877 0 -584.834 -18.7123 742.517 1 2
0.994922 -0.0444333 -0.090305 0 0.0453884 0.998933 0.00854942 0 0.0898288 -0.0126048 0.995877 0 -584.834 -18.7123 742.517 1 2
0.994922 -0.0444333 -0.090305 0 0.0453884 0.998933 0.00854942 0 0.0898288 -0.0126048 0.995877 0 -584.834 -18.7123 742.517 1 2
0.994922 -0.0444333 -0.090305 0 0.0453884 0.998933 0.00854942 0 0.0898288 -0.0126048 0.995877 0 -584.834 -18.7123 742.517 1 2
0.994922 -0.0444333 -0.090305 0 0.0453884 0.998933 0.00854942 0 0.0898288 -0.0126048 0.995877 0 -584.834 -18.7123 742.517 1 2
0.994922 -0.0444333 -0.090305 0 0.0453884 0.998933 0.00854942 0 0.0898288 -0.0126048 0.995877 0 -584.834 -18.7123 742.517 1 2
0.994922 -0.0444333 -0.090305 0 0.0453884 0.998933 0.00854942 0 0.0898288 -0.0126048 0.995877 0 -584.834 -18.7123 742.517 1 2
0.994922 -0.0444333 -0.090305 0 0.0453884 0.998933 0.00854942 0 0.0898288 -0.0126048 0.995877 0 -584.834 -18.7123 742.517 1 2
0.994922 -0.0444333 -0.090305 0 0.0453884 0.998933 0.00854942 0 0.0898288 -0.0126048 0.995877 0 -584.834 -18.7123 742.517 1 2
0.994922 -0.0444333 -0.090305 0 0.0453884 0.998933 0.00854942 0 0.0898288 -0.0126048 0.995877 0 -584.834 -18.7123 742.517 1 2
0.994922 -0.0444333 -0.090305 0 0.0453884 0.998933 0.00854942 0 0.0898288 -0.0126048 0.995877 0 -584.834 -18.7123 742.517 1 2
0.994922 -0.0444333 -0.090305 0 0.0453884 0.998933 0.00854942 0 0.0898288 -0.0126048 0.995877 0 -584.834 -18.7123 742.517 1 2
0.994922 -0.0444333 -0.090305 0 0.0453884 0.998933 0.00854942 0 0.0898288 -0.0126048 0.995877 0 -584.834 -18.7123 742.517 1 2
0.994922 -0.0444333 -0.090305 0 0.0453884 0.998933 0.00854942 0 0.0898288 -0.0126048 0.995877 0 -584.834 -18.7123 742.517 1 2
0.994922 -0.0444333 -0.090305 0 0.0453884 0.998933 0.00854942 0 0.0898288 -0.0126048 0.995877 0 -584.834 -18.7123 742.517 1 2
0.994922 -0.0444333 -0.090305 0 0.0453884 0.998933 0.00854942 0 0.0898288 -0.0126048 0.995877 0 -584.834 -18.7123 742.517 1 2
0.994922 -0.0444333 -0.090305 0 0.0453884 0.998933 0.00854942 0 0.0898288 -0.0126048 0.995877 0 -584.834 -18.7123 742.517 1 2
0.994922 -0.0444333 -0.090305 0 0.0453884 0.998933 0.00854942 0 0.0898288 -0.0126048 0.995877 0 -584.834 -18.7123 742.517 1 2
0.994922 -0.0444333 -0.090305 0 0.0453884 0.998933 0.00854942 0 0.0898288 -0.0126048 0.995877 0 -584.834 -18.7123 742.517 1 2
0.994922 -0.0444333 -0.090305 0 0.0453884 0.998933 0.00854942 0 0.0898288 -0.0126048 0.995877 0 -584.834 -18.7123 742.517 1 2
0.994922 -0.0444333 -0.090305 0 0.0453884 0.998933 0.00854942 0 0.0898288 -0.0126048 0.995877 0 -584.834 -18.7123 742.517 1 2
0.994922 -0.0444333 -0.090305 0 0.0453884 0.998933 0.00854942 0 0.0898288 -0.0126048 0.995877 0 -584.834 -18.7123 742.517 1 2
0.994901 -0.0403087 -0.092453 0 0.0414578 0.999085 0.0105407 0 0.0919435 -0.0143198 0.995661 0 -582.783 -25.4922 743.201 1 3
0.994916 -0.0363377 -0.0939237 0 0.0375456 0.999233 0.0111259 0 0.0934474 -0.0145957 0.995517 0 -580.5 -29.4922 743.9 1 3
0.994944 -0.033189 -0.0947839 0 0.03439 0.999347 0.0110648 0 0.0943548 -0.0142685 0.995436 0 -578.386 -32.0265 744.777 1 3
0.994956 -0.0306056 -0.0955333 0 0.0317392 0.999442 0.0103681 0 0.0951627 -0.0133479 0.995372 0 -576.543 -33.6032 745.567 1 3
0.994931 -0.028955 -0.096297 0 0.0300164 0.999503 0.00959155 0 0.0959715 -0.0124334 0.995306 0 -575.07 -34.4217 746.27 1 3
0.99481 -0.0296607 -0.0973284 0 0.0307297 0.999483 0.00950199 0 0.0969962 -0.0124435 0.995207 0 -574.512 -33.8849 746.696 1 3
0.994662 -0.0305899 -0.0985461 0 0.0316399 0.999458 0.00910939 0 0.098214 -0.0121788 0.995091 0 -573.919 -32.7741 747.187 1 3
0.994515 -0.0317962 -0.0996447 0 0.0328915 0.999415 0.00936756 0 0.0992885 -0.0125936 0.994979 0 -573.711 -31.6945 747.749 1 3
0.994346 -0.0338887 -0.100632 0 0.0349457 0.999351 0.00875866 0 0.10027 -0.0122258 0.994885 0 -573.221 -30.8129 748.985 1 3
0.994164 -0.0361473 -0.101639 0 0.0372047 0.999271 0.00852739 0 0.101256 -0.0122591 0.994785 0 -572.817 -29.7646 750.269 1 3
0.994029 -0.0380812 -0.102258 0 0.0391509 0.999197 0.00847328 0 0.101853 -0.0124262 0.994722 0 -572.783 -29.1596 751.198 1 3
0.993924 -0.0396132 -0.102694 0 0.0407066 0.999134 0.00857292 0 0.102265 -0.0127011 0.994676 0 -573.003 -28.9362 752.03 1 3
0.993875 -0.040853 -0.102686 0 0.0419565 0.999082 0.0086087 0 0.10224 -0.0128643 0.994677 0 -573.248 -28.6117 752.664 1 3
0.993851 -0.0416098 -0.102606 0 0.0427395 0.999047 0.00883565 0 0.102141 -0.0131667 0.994683 0 -573.385 -28.5582 753.174 1 3
0.993809 -0.0420131 -0.102851 0 0.0431481 0.99903 0.00883502 0 0.10238 -0.0132182 0.994657 0 -573.326 -28.5235 753.702 1 3
0.993748 -0.0423642 -0.103299 0 0.0435054 0.999014 0.00881931 0 0.102823 -0.0132582 0.994611 0 -573.047 -28.3988 754.24 1 3
0.993654 -0.0429411 -0.103964 0 0.0441026 0.998987 0.00889856 0 0.103476 -0.0134272 0.994541 0 -572.639 -28.3805 754.683 1 3
0.993417 -0.0433871 -0.106018 0 0.0444881 0.998978 0.00804175 0 0.10556 -0.0127053 0.994332 0 -574.369 -28.4238 755.327 1 3
0.993218 -0.0438671 -0.107678 0 0.04493 0.998962 0.0074639 0 0.107239 -0.0122512 0.994158 0 -575.512 -28.2543 755.864 1 3
0.993057 -0.0443847 -0.108941 0 0.0454139 0.998944 0.00698313 0 0.108516 -0.0118821 0.994024 0 -576.541 -28.0463 756.165 1 3
0.99293 -0.04486 -0.109895 0 0.0458805 0.998924 0.00677382 0 0.109473 -0.011768 0.99392 0 -577.232 -27.9126 756.402 1 3
0.99285 -0.0451764 -0.110492 0 0.046194 0.99891 0.00666516 0 0.110071 -0.0117216 0.993855 0 -577.839 -27.8336 756.5 1 3
0.992791 -0.0454092 -0.110925 0 0.0464373 0.998899 0.00670111 0 0.110499 -0.0118039 0.993806 0 -578.226 -27.8553 756.485 1 3
0.99277 -0.0456002 -0.111029 0 0.0466408 0.998889 0.00679244 0 0.110596 -0.0119218 0.993794 0 -578.603 -27.8584 756.369 1 3
0.992758 -0.0457931 -0.111057 0 0.0468414 0.998879 0.00684777 0 0.110619 -0.0120002 0.99379 0 -578.785 -27.8347 756.25 1 3
0.992751 -0.0460376 -0.111025 0 0.0470978 0.998866 0.00694394 0 0.11058 -0.0121226 0.993793 0 -578.974 -27.7876 756.07 1 3
0.992748 -0.0462338 -0.110966 0 0.0473049 0.998856 0.00703717 0 0.110514 -0.0122354 0.993799 0 -579.097 -27.7626 755.835 1 3
0.99275 -0.0463947 -0.110879 0 0.0474733 0.998847 0.00710669 0 0.110421 -0.0123189 0.993809 0 -579.151 -27.7539 755.573 1 3
0.992746 -0.0464947 -0.110873 0 0.0475855 0.998841 0.00721071 0 0.110409 -0.0124343 0.993808 0 -579.05 -27.7777 755.352 1 3
0.992738 -0.0467609 -0.11084 0 0.047837 0.99883 0.00706759 0 0.11038 -0.0123185 0.993813 0 -579.12 -27.6058 755.859 1 3
0.992744 -0.0469306 -0.110709 0 0.0479953 0.998823 0.00696997 0 0.110252 -0.0122329 0.993828 0 -579.227 -27.4466 756.132 1 3
0.992759 -0.0470394 -0.11053 0 0.0481037 0.998818 0.00698079 0 0.110071 -0.0122471 0.993848 0 -579.267 -27.4172 756.266 1 3
0.992771 -0.0470379 -0.110418 0 0.0480995 0.998818 0.00696892 0 0.10996 -0.0122296 0.993861 0 -579.202 -27.3963 756.299 1 3
0.992789 -0.0469958 -0.110277 0 0.0480517 0.998821 0.0069353 0 0.109821 -0.0121843 0.993877 0 -579.125 -27.3995 756.31 1 3
0.992806 -0.0470005 -0.110126 0 0.0480567 0.99882 0.0069551 0 0.10967 -0.0121974 0.993893 0 -579.085 -27.4356 756.208 1 3
0.992846 -0.0467293 -0.109875 0 0.0478227 0.998829 0.00733516 0 0.109403 -0.0125372 0.993918 0 -579.333 -27.682 756.002 1 3
0.992883 -0.046593 -0.109604 0 0.0477064 0.998833 0.00755724 0 0.109124 -0.0127323 0.993947 0 -579.536 -27.8136 755.759 1 3
0.992908 -0.0464731 -0.109422 0 0.0475957 0.998837 0.00766873 0 0.108938 -0.0128224 0.993966 0 -579.65 -27.8802 755.63 1 3
0.992927 -0.0463639 -0.109296 0 0.0474881 0.998842 0.00770387 0 0.108812 -0.0128396 0.993979 0 -579.69 -27.9309 755.533 1 3
0.992936 -0.0463015 -0.109244 0 0.0474239 0.998845 0.00769757 0 0.108761 -0.012824 0.993985 0 -579.655 -27.9632 755.435 1 3
0.992938 -0.0462633 -0.109244 0 0.0473939 0.998846 0.00777409 0 0.108758 -0.0128967 0.993985 0 -579.545 -28.0573 755.329 1 3
0.992939 -0.0462238 -0.10925 0 0.0473549 0.998848 0.00777995 0 0.108764 -0.0128985 0.993984 0 -579.443 -28.08 755.239 1 3
0.992938 -0.0461797 -0.109276 0 0.0473096 0.99885 0.00776824 0 0.108791 -0.0128832 0.993981 0 -579.278 -28.1035 755.203 1 3
0.992941 -0.0461353 -0.109273 0 0.047268 0.998852 0.00779694 0 0.108788 -0.012907 0.993981 0 -579.169 -28.1456 755.163 1 3
0.992947 -0.0460825 -0.10924 0 0.0472156 0.998854 0.00780721 0 0.108755 -0.01291 0.993985 0 -579.074 -28.1718 755.166 1 3
