0.0987657 0 0.995111 0 0 1 0 0 -0.995111 0 0.0987657 0 -3761.37 0 -4.19805 1 0
0.0987657 0 0.995111 0 0 1 0 0 -0.995111 0 0.0987657 0 -3761.37 0 -4.19805 1 0
0.0987657 0 0.995111 0 0 1 0 0 -0.995111 0 0.0987657 0 -3761.37 0 -4.19805 1 0
0.0987657 0 0.995111 0 0 1 0 0 -0.995111 0 0.0987657 0 -3761.37 0 -4.19805 1 0
0.0987657 0 0.995111 0 0 1 0 0 -0.995111 0 0.0987657 0 -3761.37 0 -4.19805 1 0
0.0987657 0 0.995111 0 0 1 0 0 -0.995111 0 0.0987657 0 -3761.37 0 -4.19805 1 0
0.0987657 0 0.995111 0 0 1 0 0 -0.995111 0 0.0987657 0 -3761.37 0 -4.19805 1 0
0.0987657 0 0.995111 0 0 1 0 0 -0.995111 0 0.0987657 0 -3761.37 0 -4.19805 1 0
0.0987657 0 0.995111 0 0 1 0 0 -0.995111 0 0.0987657 0 -3761.37 0 -4.19805 1 0
0.0987657 0 0.995111 0 0 1 0 0 -0.995111 0 0.0987657 0 -3761.37 0 -4.19805 1 0
0.0987657 0 0.995111 0 0 1 0 0 -0.995111 0 0.0987657 0 -3761.37 0 -4.19805 1 0
0.0987657 0 0.995111 0 0 1 0 0 -0.995111 0 0.0987657 0 -3761.37 0 -4.19805 1 0
0.0987657 0 0.995111 0 0 1 0 0 -0.995111 0 0.0987657 0 -3761.37 0 -4.19805 1 0
0.0987657 0 0.995111 0 0 1 0 0 -0.995111 0 0.0987657 0 -3761.37 0 -4.19805 1 0
0.0987657 0 0.995111 0 0 1 0 0 -0.995111 0 0.0987657 0 -3761.37 0 -4.19805 1 0
0.0987657 0 0.995111 0 0 1 0 0 -0.995111 0 0.0987657 0 -3761.37 0 -4.19805 1 0
0.0987657 0 0.995111 0 0 1 0 0 -0.995111 0 0.0987657 0 -3761.37 0 -4.19805 1 0
0.0987657 0 0.995111 0 0 1 0 0 -0.995111 0 0.0987657 0 -3761.37 0 -4.19805 1 0
0.0987657 0 0.995111 0 0 1 0 0 -0.995111 0 0.0987657 0 -3761.37 0 -4.19805 1 0
0.0987657 0 0.995111 0 0 1 0 0 -0.995111 0 0.0987657 0 -3761.37 0 -4.19805 1 0
0.0987657 0 0.995111 0 0 1 0 0 -0.995111 0 0.0987657 0 -3761.37 0 -4.19805 1 0
0.0987657 0 0.995111 0 0 1 0 0 -0.995111 0 0.0987657 0 -3761.37 0 -4.19805 1 0
0.0987657 0 0.995111 0 0 1 0 0 -0.995111 0 0.0987657 0 -3761.37 0 -4.19805 1 0
0.0987657 0 0.995111 0 0 1 0 0 -0.995111 0 0.0987657 0 -3761.37 0 -4.19805 1 0
0.0987657 0 0.995111 0 0 1 0 0 -0.995111 0 0.0987657 0 -3761.37 0 -4.19805 1 0
0.0987657 0 0.995111 0 0 1 0 0 -0.995111 0 0.0987657 0 -3761.37 0 -4.19805 1 0
0.0987657 0 0.995111 0 0 1 0 0 -0.995111 0 0.0987657 0 -3761.37 0 -4.19805 1 0
0.0987657 0 0.995111 0 0 1 0 0 -0.995111 0 0.0987657 0 -3761.37 0 -4.19805 1 0
0.0987657 0 0.995111 0 0 1 0 0 -0.995111 0 0.0987657 0 -3761.37 0 -4.19805 1 0
0.0987657 0 0.995111 0 0 1 0 0 -0.995111 0 0.0987657 0 -3761.37 0 -4.19805 1 0
0.0987657 0 0.995111 0 0 1 0 0 -0.995111 0 0.0987657 0 -3761.37 0 -4.19805 1 0
0.0987657 0 0.995111 0 0 1 0 0 -0.995111 0 0.0987657 0 -3761.37 0 -4.19805 1 0
0.0987657 0 0.995111 0 0 1 0 0 -0.995111 0 0.0987657 0 -3761.37 0 -4.19805 1 0
0.0987657 0 0.995111 0 0 1 0 0 -0.995111 0 0.0987657 0 -3761.37 0 -4.19805 1 0
0.0987657 0 0.995111 0 0 1 0 0 -0.995111 0 0.0987657 0 -3761.37 0 -4.19805 1 0
0.0987657 0 0.995111 0 0 1 0 0 -0.995111 0 0.0987657 0 -3761.37 0 -4.19805 1 0
0.0987657 0 0.995111 0 0 1 0 0 -0.995111 0 0.0987657 0 -3761.37 0 -4.19805 1 0
0.0987657 0 0.995111 0 0 1 0 0 -0.995111 0 0.0987657 0 -3761.37 0 -4.19805 1 0
0.0987657 0 0.995111 0 0 1 0 0 -0.995111 0 0.0987657 0 -3761.37 0 -4.19805 1 0
0.0987657 0 0.995111 0 0 1 0 0 -0.995111 0 0.0987657 0 -3761.37 0 -4.19805 1 0
0.0987657 0 0.995111 0 0 1 0 0 -0.995111 0 0.0987657 0 -3761.37 0 -4.19805 1 0
0.0987657 0 0.995111 0 0 1 0 0 -0.995111 0 0.0987657 0 -3761.37 0 -4.19805 1 0
0.0987657 0 0.995111 0 0 1 0 0 -0.995111 0 0.0987657 0 -3761.37 0 -4.19805 1 0
0.0987657 0 0.995111 0 0 1 0 0 -0.995111 0 0.0987657 0 -3761.37 0 -4.19805 1 0
0.0987657 0 0.995111 0 0 1 0 0 -0.995111 0 0.0987657 0 -3761.37 0 -4.19805 1 0
0.0987657 0 0.995111 0 0 1 0 0 -0.995111 0 0.0987657 0 -3761.37 0 -4.19805 1 0
0.132287 -0.058183 0.989502 0 0.00483293 0.998302 0.0580543 0 -0.9912 -0.00289763 0.132343 0 -3528.66 -62.9066 1339.46 1 1
0.135549 -0.0580771 0.989067 0 0.0048067 0.998307 0.0579609 0 -0.990759 -0.00310242 0.135599 0 -3538.32 -67.722 1417.83 1 1
0.135549 -0.0580771 0.989067 0 0.0048067 0.998307 0.0579609 0 -0.990759 -0.00310242 0.135599 0 -3538.32 -67.722 1417.83 1 2
0.135549 -0.0580771 0.989067 0 0.0048067 0.998307 0.0579609 0 -0.990759 -0.00310242 0.135599 0 -3538.32 -67.722 1417.83 1 2
0.135549 -0.0580771 0.989067 0 0.0048067 0.998307 0.0579609 0 -0.990759 -0.00310242 0.135599 0 -3538.32 -67.722 1417.83 1 2
0.135549 -0.0580771 0.989067 0 0.0048067 0.998307 0.0579609 0 -0.990759 -0.00310242 0.135599 0 -3538.32 -67.722 1417.83 1 2
0.135549 -0.0580771 0.989067 0 0.0048067 0.998307 0.0579609 0 -0.990759 -0.00310242 0.135599 0 -3538.32 -67.722 1417.83 1 2
0.135549 -0.0580771 0.989067 0 0.0048067 0.998307 0.0579609 0 -0.990759 -0.00310242 0.135599 0 -3538.32 -67.722 1417.83 1 2
0.135549 -0.0580771 0.989067 0 0.0048067 0.998307 0.0579609 0 -0.990759 -0.00310242 0.135599 0 -3538.32 -67.722 1417.83 1 2
0.135549 -0.0580771 0.989067 0 0.0048067 0.998307 0.0579609 0 -0.990759 -0.00310242 0.135599 0 -3538.32 -67.722 1417.83 1 2
0.135549 -0.0580771 0.989067 0 0.0048067 0.998307 0.0579609 0 -0.990759 -0.00310242 0.135599 0 -3538.32 -67.722 1417.83 1 2
0.135549 -0.0580771 0.989067 0 0.0048067 0.998307 0.0579609 0 -0.990759 -0.00310242 0.135599 0 -3538.32 -67.722 1417.83 1 2
0.135549 -0.0580771 0.989067 0 0.0048067 0.998307 0.0579609 0 -0.990759 -0.00310242 0.135599 0 -3538.32 -67.722 1417.83 1 2
0.135549 -0.0580771 0.989067 0 0.0048067 0.998307 0.0579609 0 -0.990759 -0.00310242 0.135599 0 -3538.32 -67.722 1417.83 1 2
0.135549 -0.0580771 0.989067 0 0.0048067 0.998307 0.0579609 0 -0.990759 -0.00310242 0.135599 0 -3538.32 -67.722 1417.83 1 2
0.135549 -0.0580771 0.989067 0 0.0048067 0.998307 0.0579609 0 -0.990759 -0.00310242 0.135599 0 -3538.32 -67.722 1417.83 1 2
0.135549 -0.0580771 0.989067 0 0.0048067 0.998307 0.0579609 0 -0.990759 -0.00310242 0.135599 0 -3538.32 -67.722 1417.83 1 2
0.135549 -0.0580771 0.989067 0 0.0048067 0.998307 0.0579609 0 -0.990759 -0.00310242 0.135599 0 -3538.32 -67.722 1417.83 1 2
0.135549 -0.0580771 0.989067 0 0.0048067 0.998307 0.0579609 0 -0.990759 -0.00310242 0.135599 0 -3538.32 -67.722 1417.83 1 2
0.135549 -0.0580771 0.989067 0 0.0048067 0.998307 0.0579609 0 -0.990759 -0.00310242 0.135599 0 -3538.32 -67.722 1417.83 1 2
0.135549 -0.0580771 0.989067 0 0.0048067 0.998307 0.0579609 0 -0.990759 -0.00310242 0.135599 0 -3538.32 -67.722 1417.83 1 2
0.135549 -0.0580771 0.989067 0 0.0048067 0.998307 0.0579609 0 -0.990759 -0.00310242 0.135599 0 -3538.32 -67.722 1417.83 1 2
0.135549 -0.0580771 0.989067 0 0.0048067 0.998307 0.0579609 0 -0.990759 -0.00310242 0.135599 0 -3538.32 -67.722 1417.83 1 2
0.135549 -0.0580771 0.989067 0 0.0048067 0.998307 0.0579609 0 -0.990759 -0.00310242 0.135599 0 -3538.32 -67.722 1417.83 1 2
0.135549 -0.0580771 0.989067 0 0.0048067 0.998307 0.0579609 0 -0.990759 -0.00310242 0.135599 0 -3538.32 -67.722 1417.83 1 2
0.135549 -0.0580771 0.989067 0 0.0048067 0.998307 0.0579609 0 -0.990759 -0.00310242 0.135599 0 -3538.32 -67.722 1417.83 1 2
0.135549 -0.0580771 0.989067 0 0.0048067 0.998307 0.0579609 0 -0.990759 -0.00310242 0.135599 0 -3538.32 -67.722 1417.83 1 2
0.135549 -0.0580771 0.989067 0 0.0048067 0.998307 0.0579609 0 -0.990759 -0.00310242 0.135599 0 -3538.32 -67.722 1417.83 1 2
0.135549 -0.0580771 0.989067 0 0.0048067 0.998307 0.0579609 0 -0.990759 -0.00310242 0.135599 0 -3538.32 -67.722 1417.83 1 2
0.135549 -0.0580771 0.989067 0 0.0048067 0.998307 0.0579609 0 -0.990759 -0.00310242 0.135599 0 -3538.32 -67.722 1417.83 1 2
0.135549 -0.0580771 0.989067 0 0.0048067 0.998307 0.0579609 0 -0.990759 -0.00310242 0.135599 0 -3538.32 -67.722 1417.83 1 2
0.135549 -0.0580771 0.989067 0 0.0048067 0.998307 0.0579609 0 -0.990759 -0.00310242 0.135599 0 -3538.32 -67.722 1417.83 1 2
0.135549 -0.0580771 0.989067 0 0.0048067 0.998307 0.0579609 0 -0.990759 -0.00310242 0.135599 0 -3538.32 -67.722 1417.83 1 2
0.135549 -0.0580771 0.989067 0 0.0048067 0.998307 0.0579609 0 -0.990759 -0.00310242 0.135599 0 -3538.32 -67.722 1417.83 1 2
0.135549 -0.0580771 0.989067 0 0.0048067 0.998307 0.0579609 0 -0.990759 -0.00310242 0.135599 0 -3538.32 -67.722 1417.83 1 2
0.135549 -0.0580771 0.989067 0 0.0048067 0.998307 0.0579609 0 -0.990759 -0.00310242 0.135599 0 -3538.32 -67.722 1417.83 1 2
0.135549 -0.0580771 0.989067 0 0.0048067 0.998307 0.0579609 0 -0.990759 -0.00310242 0.135599 0 -3538.32 -67.722 1417.83 1 2
0.135549 -0.0580771 0.989067 0 0.0048067 0.998307 0.0579609 0 -0.990759 -0.00310242 0.135599 0 -3538.32 -67.722 1417.83 1 2
0.135549 -0.0580771 0.989067 0 0.0048067 0.998307 0.0579609 0 -0.990759 -0.00310242 0.135599 0 -3538.32 -67.722 1417.83 1 2
0.135549 -0.0580771 0.989067 0 0.0048067 0.998307 0.0579609 0 -0.990759 -0.00310242 0.135599 0 -3538.32 -67.722 1417.83 1 2
0.135549 -0.0580771 0.989067 0 0.0048067 0.998307 0.0579609 0 -0.990759 -0.00310242 0.135599 0 -3538.32 -67.722 1417.83 1 2
0.135549 -0.0580771 0.989067 0 0.0048067 0.998307 0.0579609 0 -0.990759 -0.00310242 0.135599 0 -3538.32 -67.722 1417.83 1 2
0.135549 -0.0580771 0.989067 0 0.0048067 0.998307 0.0579609 0 -0.990759 -0.00310242 0.135599 0 -3538.32 -67.722 1417.83 1 2
0.135549 -0.0580771 0.989067 0 0.0048067 0.998307 0.0579609 0 -0.990759 -0.00310242 0.135599 0 -3538.32 -67.722 1417.83 1 2
0.135549 -0.0580771 0.989067 0 0.0048067 0.998307 0.0579609 0 -0.990759 -0.00310242 0.135599 0 -3538.32 -67.722 1417.83 1 2
0.135549 -0.0580771 0.989067 0 0.0048067 0.998307 0.0579609 0 -0.990759 -0.00310242 0.135599 0 -3538.32 -67.722 1417.83 1 2
0.135549 -0.0580771 0.989067 0 0.0048067 0.998307 0.0579609 0 -0.990759 -0.00310242 0.135599 0 -3538.32 -67.722 1417.83 1 2
0.135549 -0.0580771 0.989067 0 0.0048067 0.998307 0.0579609 0 -0.990759 -0.00310242 0.135599 0 -3538.32 -67.722 1417.83 1 2
0.135549 -0.0580771 0.989067 0 0.0048067 0.998307 0.0579609 0 -0.990759 -0.00310242 0.135599 0 -3538.32 -67.722 1417.83 1 2
0.135549 -0.0580771 0.989067 0 0.0048067 0.998307 0.0579609 0 -0.990759 -0.00310242 0.135599 0 -3538.32 -67.722 1417.83 1 2
0.135549 -0.0580771 0.989067 0 0.0048067 0.998307 0.0579609 0 -0.990759 -0.00310242 0.135599 0 -3538.32 -67.722 1417.83 1 2
0.135549 -0.0580771 0.989067 0 0.0048067 0.998307 0.0579609 0 -0.990759 -0.00310242 0.135599 0 -3538.32 -67.722 1417.83 1 2
0.135549 -0.0580771 0.989067 0 0.0048067 0.998307 0.0579609 0 -0.990759 -0.00310242 0.135599 0 -3538.32 -67.722 1417.83 1 2
0.135549 -0.0580771 0.989067 0 0.0048067 0.998307 0.0579609 0 -0.990759 -0.00310242 0.135599 0 -3538.32 -67.722 1417.83 1 2
0.135549 -0.0580771 0.989067 0 0.0048067 0.998307 0.0579609 0 -0.990759 -0.00310242 0.135599 0 -3538.32 -67.722 1417.83 1 2
0.135549 -0.0580771 0.989067 0 0.0048067 0.998307 0.0579609 0 -0.990759 -0.00310242 0.135599 0 -3538.32 -67.722 1417.83 1 2
0.135549 -0.0580771 0.989067 0 0.0048067 0.998307 0.0579609 0 -0.990759 -0.00310242 0.135599 0 -3538.32 -67.722 1417.83 1 2
0.135549 -0.0580771 0.989067 0 0.0048067 0.998307 0.0579609 0 -0.990759 -0.00310242 0.135599 0 -3538.32 -67.722 1417.83 1 2
0.135549 -0.0580771 0.989067 0 0.0048067 0.998307 0.0579609 0 -0.990759 -0.00310242 0.135599 0 -3538.32 -67.722 1417.83 1 2
0.135549 -0.0580771 0.989067 0 0.0048067 0.998307 0.0579609 0 -0.990759 -0.00310242 0.135599 0 -3538.32 -67.722 1417.83 1 2
0.135549 -0.0580771 0.989067 0 0.0048067 0.998307 0.0579609 0 -0.990759 -0.00310242 0.135599 0 -3538.32 -67.722 1417.83 1 2
0.135549 -0.0580771 0.989067 0 0.0048067 0.998307 0.0579609 0 -0.990759 -0.00310242 0.135599 0 -3538.32 -67.722 1417.83 1 2
0.135549 -0.0580771 0.989067 0 0.0048067 0.998307 0.0579609 0 -0.990759 -0.00310242 0.135599 0 -3538.32 -67.722 1417.83 1 2
0.135549 -0.0580771 0.989067 0 0.0048067 0.998307 0.0579609 0 -0.990759 -0.00310242 0.135599 0 -3538.32 -67.722 1417.83 1 2
0.135549 -0.0580771 0.989067 0 0.0048067 0.998307 0.0579609 0 -0.990759 -0.00310242 0.135599 0 -3538.32 -67.722 1417.83 1 2
0.135549 -0.0580771 0.989067 0 0.0048067 0.998307 0.0579609 0 -0.990759 -0.00310242 0.135599 0 -3538.32 -67.722 1417.83 1 2
0.135549 -0.0580771 0.989067 0 0.0048067 0.998307 0.0579609 0 -0.990759 -0.00310242 0.135599 0 -3538.32 -67.722 1417.83 1 2
0.135549 -0.0580771 0.989067 0 0.0048067 0.998307 0.0579609 0 -0.990759 -0.00310242 0.135599 0 -3538.32 -67.722 1417.83 1 2
0.135549 -0.0580771 0.989067 0 0.0048067 0.998307 0.0579609 0 -0.990759 -0.00310242 0.135599 0 -3538.32 -67.722 1417.83 1 2
0.135549 -0.0580771 0.989067 0 0.0048067 0.998307 0.0579609 0 -0.990759 -0.00310242 0.135599 0 -3538.32 -67.722 1417.83 1 2
0.135549 -0.0580771 0.989067 0 0.0048067 0.998307 0.0579609 0 -0.990759 -0.00310242 0.135599 0 -3538.32 -67.722 1417.83 1 2
0.135549 -0.0580771 0.989067 0 0.0048067 0.998307 0.0579609 0 -0.990759 -0.00310242 0.135599 0 -3538.32 -67.722 1417.83 1 2
0.135549 -0.0580771 0.989067 0 0.0048067 0.998307 0.0579609 0 -0.990759 -0.00310242 0.135599 0 -3538.32 -67.722 1417.83 1 2
0.135549 -0.0580771 0.989067 0 0.0048067 0.998307 0.0579609 0 -0.990759 -0.00310242 0.135599 0 -3538.32 -67.722 1417.83 1 2
0.135549 -0.0580771 0.989067 0 0.0048067 0.998307 0.0579609 0 -0.990759 -0.00310242 0.135599 0 -3538.32 -67.722 1417.83 1 2
0.135549 -0.0580771 0.989067 0 0.0048067 0.998307 0.0579609 0 -0.990759 -0.00310242 0.135599 0 -3538.32 -67.722 1417.83 1 2
0.135549 -0.0580771 0.989067 0 0.0048067 0.998307 0.0579609 0 -0.990759 -0.00310242 0.135599 0 -3538.32 -67.722 1417.83 1 2
0.135549 -0.0580771 0.989067 0 0.0048067 0.998307 0.0579609 0 -0.990759 -0.00310242 0.135599 0 -3538.32 -67.722 1417.83 1 2
0.135549 -0.0580771 0.989067 0 0.0048067 0.998307 0.0579609 0 -0.990759 -0.00310242 0.135599 0 -3538.32 -67.722 1417.83 1 2
0.135549 -0.0580771 0.989067 0 0.0048067 0.998307 0.0579609 0 -0.990759 -0.00310242 0.135599 0 -3538.32 -67.722 1417.83 1 2
0.135549 -0.0580771 0.989067 0 0.0048067 0.998307 0.0579609 0 -0.990759 -0.00310242 0.135599 0 -3538.32 -67.722 1417.83 1 2
0.135549 -0.0580771 0.989067 0 0.0048067 0.998307 0.0579609 0 -0.990759 -0.00310242 0.135599 0 -3538.32 -67.722 1417.83 1 2
0.13424 -0.062631 0.988968 0 -0.011282 0.997839 0.0647243 0 -0.990885 -0.0198461 0.133244 0 -3534.13 -113.77 1425.25 1 3
0.134525 -0.0633468 0.988883 0 -0.0248327 0.997426 0.0672721 0 -0.990599 -0.0336064 0.132606 0 -3530.39 -148.752 1432 1 3
0.135478 -0.0626744 0.988796 0 -0.0352464 0.997061 0.0680275 0 -0.990153 -0.0440677 0.132871 0 -3527.39 -174.866 1437.19 1 3
0.136855 -0.0607203 0.988728 0 -0.0430457 0.996812 0.067175 0 -0.989655 -0.0517538 0.133805 0 -3524.99 -193.631 1442.66 1 3
0.138482 -0.058185 0.988654 0 -0.0471876 0.996751 0.0652712 0 -0.98924 -0.0556911 0.135287 0 -3523.78 -203.594 1448.69 1 3
0.140945 -0.0563892 0.98841 0 -0.0467005 0.996887 0.0635322 0 -0.988915 -0.0551137 0.137873 0 -3524.14 -201.585 1456.27 1 3
0.143651 -0.0533 0.988192 0 -0.0444887 0.997191 0.0602526 0 -0.988628 -0.0526187 0.140877 0 -3524.67 -194.773 1465.38 1 3
0.146248 -0.0508938 0.987938 0 -0.0409385 0.997509 0.0574471 0 -0.9884 -0.0488462 0.143801 0 -3525.88 -185.203 1474.41 1 3
0.148915 -0.0483379 0.987668 0 -0.0362969 0.997864 0.0543095 0 -0.988184 -0.0439368 0.146843 0 -3526.88 -172.265 1484.29 1 3
0.151746 -0.0465517 0.987323 0 -0.0313333 0.998162 0.0518785 0 -0.987923 -0.0388085 0.150009 0 -3527.7 -158.725 1494.26 1 3
0.154334 -0.0452281 0.986983 0 -0.0269845 0.998386 0.0499702 0 -0.98765 -0.0343454 0.152864 0 -3528.86 -146.807 1502.73 1 3
0.156694 -0.0446262 0.986639 0 -0.0233082 0.998533 0.0488659 0 -0.987372 -0.0306537 0.155424 0 -3530.15 -137.355 1509.74 1 3
0.158466 -0.0444076 0.986365 0 -0.0203141 0.99863 0.0482234 0 -0.987156 -0.0276789 0.157346 0 -3531.51 -129.468 1514.62 1 3
0.160099 -0.0447567 0.986086 0 -0.0181008 0.99867 0.0482667 0 -0.986935 -0.0255764 0.159076 0 -3532.51 -124.267 1518.56 1 3
0.161982 -0.0449363 0.98577 0 -0.0164786 0.9987 0.0482335 0 -0.986656 -0.024057 0.161031 0 -3532.94 -120.726 1523.16 1 3
0.163992 -0.0451416 0.985428 0 -0.0152639 0.998717 0.0482905 0 -0.986344 -0.0229607 0.163093 0 -3532.84 -117.975 1528.28 1 3
0.166197 -0.0452973 0.985052 0 -0.0140167 0.998735 0.0482914 0 -0.985993 -0.021833 0.165352 0 -3532.13 -115.144 1534.08 1 3
0.168362 -0.0449043 0.984702 0 -0.0130945 0.998772 0.0477848 0 -0.985638 -0.0209393 0.167567 0 -3532.4 -112.707 1541.17 1 3
0.170428 -0.0447541 0.984353 0 -0.0121306 0.998797 0.047511 0 -0.985295 -0.020038 0.16968 0 -3532.33 -110.024 1547.57 1 3
0.172217 -0.0446204 0.984048 0 -0.0112721 0.998819 0.0472629 0 -0.984995 -0.0192318 0.171511 0 -3532.37 -107.564 1552.79 1 3
0.173693 -0.0445548 0.983791 0 -0.0104544 0.998836 0.0470819 0 -0.984744 -0.0184628 0.173025 0 -3532.41 -105.414 1557.01 1 3
0.174851 -0.0445733 0.983586 0 -0.00993504 0.998844 0.0470309 0 -0.984545 -0.0179953 0.174206 0 -3532.56 -104.191 1559.93 1 3
0.175839 -0.0447573 0.983401 0 -0.00943185 0.998843 0.0471466 0 -0.984374 -0.0175655 0.175213 0 -3532.7 -103.302 1562.21 1 3
0.17645 -0.04496 0.983282 0 -0.00905325 0.99884 0.047296 0 -0.984268 -0.0172473 0.175838 0 -3533.14 -102.648 1563.31 1 3
0.176948 -0.0451779 0.983183 0 -0.0086547 0.998836 0.0474548 0 -0.984182 -0.0169062 0.176351 0 -3533.44 -101.938 1564.03 1 3
0.177378 -0.045368 0.983097 0 -0.00823957 0.998833 0.0475809 0 -0.984108 -0.0165401 0.176797 0 -3533.77 -100.976 1564.49 1 3
0.17775 -0.0455616 0.98302 0 -0.00789276 0.998829 0.0477215 0 -0.984044 -0.0162412 0.177182 0 -3534.07 -100.225 1564.76 1 3
0.178101 -0.0456921 0.982951 0 -0.00743826 0.99883 0.047778 0 -0.983984 -0.0158208 0.177553 0 -3534.34 -99.1981 1565.04 1 3
0.178552 -0.0459291 0.982858 0 -0.00714961 0.998823 0.047974 0 -0.983905 -0.0155929 0.178013 0 -3534.36 -98.6097 1565.58 1 3
0.178809 -0.0458368 0.982815 0 -0.00711486 0.998828 0.0478781 0 -0.983858 -0.0155536 0.178274 0 -3534.49 -98.0087 1566.39 1 3
0.179084 -0.0458242 0.982766 0 -0.00713635 0.998828 0.0478735 0 -0.983808 -0.0155868 0.178547 0 -3534.7 -97.7491 1566.75 1 3
0.179247 -0.0458873 0.982733 0 -0.00713237 0.998825 0.0479396 0 -0.983778 -0.0156022 0.178709 0 -3534.96 -97.6235 1566.71 1 3
0.179419 -0.0458888 0.982702 0 -0.00715466 0.998824 0.0479479 0 -0.983747 -0.0156336 0.178879 0 -3535.11 -97.6955 1566.57 1 3
0.179494 -0.0458735 0.982689 0 -0.0072121 0.998824 0.047944 0 -0.983733 -0.0156929 0.178952 0 -3535.26 -97.8852 1566.37 1 3
0.179534 -0.0458891 0.982681 0 -0.007257 0.998822 0.0479687 0 -0.983725 -0.0157434 0.17899 0 -3535.42 -98.0456 1565.98 1 3
0.179331 -0.0464671 0.982691 0 -0.00770195 0.998787 0.0486337 0 -0.983759 -0.0162902 0.178756 0 -3536.2 -99.8195 1564.33 1 3
0.179107 -0.0469106 0.982711 0 -0.00793019 0.998761 0.0491222 0 -0.983798 -0.0165912 0.178513 0 -3536.89 -100.778 1562.87 1 3
0.17908 -0.0472072 0.982701 0 -0.00811593 0.998743 0.0494568 0 -0.983801 -0.0168322 0.178472 0 -3537.32 -101.483 1562.09 1 3
0.179139 -0.0473901 0.982682 0 -0.00819254 0.998733 0.0496576 0 -0.98379 -0.0169463 0.178524 0 -3537.6 -101.875 1561.73 1 3
0.17929 -0.047513 0.982648 0 -0.00821844 0.998726 0.0497899 0 -0.983762 -0.0170026 0.178671 0 -3537.73 -102.013 1561.7 1 3
0.179474 -0.047699 0.982606 0 -0.00826243 0.998716 0.0499902 0 -0.983728 -0.0170907 0.17885 0 -3537.71 -102.303 1561.76 1 3
0.179662 -0.0477651 0.982568 0 -0.00832683 0.998711 0.0500724 0 -0.983693 -0.0171778 0.179033 0 -3537.66 -102.473 1561.81 1 3
0.179891 -0.0478072 0.982524 0 -0.00837678 0.998708 0.0501283 0 -0.983651 -0.017248 0.179258 0 -3537.53 -102.655 1562.08 1 3
0.180033 -0.0478498 0.982496 0 -0.00846232 0.998704 0.0501898 0 -0.983624 -0.01735 0.179395 0 -3537.52 -102.823 1562.18 1 3
0.18012 -0.0478907 0.982478 0 -0.00854147 0.9987 0.0502474 0 -0.983607 -0.0174424 0.179477 0 -3537.56 -103.021 1562.19 1 3
