-0.967639 0 0.25234 0 0 1 0 0 -0.25234 0 -0.967639 0 -5134.96 0 -1070.83 1 0
-0.967639 0 0.25234 0 0 1 0 0 -0.25234 0 -0.967639 0 -5134.96 0 -1070.83 1 0
-0.967639 0 0.25234 0 0 1 0 0 -0.25234 0 -0.967639 0 -5134.96 0 -1070.83 1 0
-0.967639 0 0.25234 0 0 1 0 0 -0.25234 0 -0.967639 0 -5134.96 0 -1070.83 1 0
-0.967639 0 0.25234 0 0 1 0 0 -0.25234 0 -0.967639 0 -5134.96 0 -1070.83 1 0
-0.967639 0 0.25234 0 0 1 0 0 -0.25234 0 -0.967639 0 -5134.96 0 -1070.83 1 0
-0.967639 0 0.25234 0 0 1 0 0 -0.25234 0 -0.967639 0 -5134.96 0 -1070.83 1 0
-0.967639 0 0.25234 0 0 1 0 0 -0.25234 0 -0.967639 0 -5134.96 0 -1070.83 1 0
-0.967639 0 0.25234 0 0 1 0 0 -0.25234 0 -0.967639 0 -5134.96 0 -1070.83 1 0
-0.967639 0 0.25234 0 0 1 0 0 -0.25234 0 -0.967639 0 -5134.96 0 -1070.83 1 0
-0.967639 0 0.25234 0 0 1 0 0 -0.25234 0 -0.967639 0 -5134.96 0 -1070.83 1 0
-0.967639 0 0.25234 0 0 1 0 0 -0.25234 0 -0.967639 0 -5134.96 0 -1070.83 1 0
-0.967639 0 0.25234 0 0 1 0 0 -0.25234 0 -0.967639 0 -5134.96 0 -1070.83 1 0
-0.967639 0 0.25234 0 0 1 0 0 -0.25234 0 -0.967639 0 -5134.96 0 -1070.83 1 0
-0.967639 0 0.25234 0 0 1 0 0 -0.25234 0 -0.967639 0 -5134.96 0 -1070.83 1 0
-0.967639 0 0.25234 0 0 1 0 0 -0.25234 0 -0.967639 0 -5134.96 0 -1070.83 1 0
-0.967639 0 0.25234 0 0 1 0 0 -0.25234 0 -0.967639 0 -5134.96 0 -1070.83 1 0
-0.967639 0 0.25234 0 0 1 0 0 -0.25234 0 -0.967639 0 -5134.96 0 -1070.83 1 0
-0.967639 0 0.25234 0 0 1 0 0 -0.25234 0 -0.967639 0 -5134.96 0 -1070.83 1 0
-0.967639 0 0.25234 0 0 1 0 0 -0.25234 0 -0.967639 0 -5134.96 0 -1070.83 1 0
-0.967639 0 0.25234 0 0 1 0 0 -0.25234 0 -0.967639 0 -5134.96 0 -1070.83 1 0
-0.967639 0 0.25234 0 0 1 0 0 -0.25234 0 -0.967639 0 -5134.96 0 -1070.83 1 0
-0.967639 0 0.25234 0 0 1 0 0 -0.25234 0 -0.967639 0 -5134.96 0 -1070.83 1 0
-0.967639 0 0.25234 0 0 1 0 0 -0.25234 0 -0.967639 0 -5134.96 0 -1070.83 1 0
-0.967639 0 0.25234 0 0 1 0 0 -0.25234 0 -0.967639 0 -5134.96 0 -1070.83 1 0
-0.967639 0 0.25234 0 0 1 0 0 -0.25234 0 -0.967639 0 -5134.96 0 -1070.83 1 0
-0.967639 0 0.25234 0 0 1 0 0 -0.25234 0 -0.967639 0 -5134.96 0 -1070.83 1 0
-0.967639 0 0.25234 0 0 1 0 0 -0.25234 0 -0.967639 0 -5134.96 0 -1070.83 1 0
-0.967639 0 0.25234 0 0 1 0 0 -0.25234 0 -0.967639 0 -5134.96 0 -1070.83 1 0
-0.967639 0 0.25234 0 0 1 0 0 -0.25234 0 -0.967639 0 -5134.96 0 -1070.83 1 0
-0.967639 0 0.25234 0 0 1 0 0 -0.25234 0 -0.967639 0 -5134.96 0 -1070.83 1 0
-0.967639 0 0.25234 0 0 1 0 0 -0.25234 0 -0.967639 0 -5134.96 0 -1070.83 1 0
-0.967639 0 0.25234 0 0 1 0 0 -0.25234 0 -0.967639 0 -5134.96 0 -1070.83 1 0
-0.967639 0 0.25234 0 0 1 0 0 -0.25234 0 -0.967639 0 -5134.96 0 -1070.83 1 0
-0.967639 0 0.25234 0 0 1 0 0 -0.25234 0 -0.967639 0 -5134.96 0 -1070.83 1 0
-0.967639 0 0.25234 0 0 1 0 0 -0.25234 0 -0.967639 0 -5134.96 0 -1070.83 1 0
-0.967639 0 0.25234 0 0 1 0 0 -0.25234 0 -0.967639 0 -5134.96 0 -1070.83 1 0
-0.967639 0 0.25234 0 0 1 0 0 -0.25234 0 -0.967639 0 -5134.96 0 -1070.83 1 0
-0.967639 0 0.25234 0 0 1 0 0 -0.25234 0 -0.967639 0 -5134.96 0 -1070.83 1 0
-0.967639 0 0.25234 0 0 1 0 0 -0.25234 0 -0.967639 0 -5134.96 0 -1070.83 1 0
-0.967639 0 0.25234 0 0 1 0 0 -0.25234 0 -0.967639 0 -5134.96 0 -1070.83 1 0
-0.967639 0 0.25234 0 0 1 0 0 -0.25234 0 -0.967639 0 -5134.96 0 -1070.83 1 0
-0.967639 0 0.25234 0 0 1 0 0 -0.25234 0 -0.967639 0 -5134.96 0 -1070.83 1 0
-0.967639 0 0.25234 0 0 1 0 0 -0.25234 0 -0.967639 0 -5134.96 0 -1070.83 1 0
-0.967639 0 0.25234 0 0 1 0 0 -0.25234 0 -0.967639 0 -5134.96 0 -1070.83 1 0
-0.967639 0 0.25234 0 0 1 0 0 -0.25234 0 -0.967639 0 -5134.96 0 -1070.83 1 0
-0.967639 0 0.25234 0 0 1 0 0 -0.25234 0 -0.967639 0 -5134.96 0 -1070.83 1 0
-0.967639 0 0.25234 0 0 1 0 0 -0.25234 0 -0.967639 0 -5134.96 0 -1070.83 1 0
-0.967639 0 0.25234 0 0 1 0 0 -0.25234 0 -0.967639 0 -5134.96 0 -1070.83 1 0
-0.967639 0 0.25234 0 0 1 0 0 -0.25234 0 -0.967639 0 -5134.96 0 -1070.83 1 0
-0.967639 0 0.25234 0 0 1 0 0 -0.25234 0 -0.967639 0 -5134.96 0 -1070.83 1 0
-0.967639 0 0.25234 0 0 1 0 0 -0.25234 0 -0.967639 0 -5134.96 0 -1070.83 1 0
-0.967639 0 0.25234 0 0 1 0 0 -0.25234 0 -0.967639 0 -5134.96 0 -1070.83 1 0
-0.967639 0 0.25234 0 0 1 0 0 -0.25234 0 -0.967639 0 -5134.96 0 -1070.83 1 0
-0.967639 0 0.25234 0 0 1 0 0 -0.25234 0 -0.967639 0 -5134.96 0 -1070.83 1 0
-0.967639 0 0.25234 0 0 1 0 0 -0.25234 0 -0.967639 0 -5134.96 0 -1070.83 1 0
-0.967639 0 0.25234 0 0 1 0 0 -0.25234 0 -0.967639 0 -5134.96 0 -1070.83 1 0
-0.967639 0 0.25234 0 0 1 0 0 -0.25234 0 -0.967639 0 -5134.96 0 -1070.83 1 0
-0.967639 0 0.25234 0 0 1 0 0 -0.25234 0 -0.967639 0 -5134.96 0 -1070.83 1 0
-0.967639 0 0.25234 0 0 1 0 0 -0.25234 0 -0.967639 0 -5134.96 0 -1070.83 1 0
-0.967639 0 0.25234 0 0 1 0 0 -0.25234 0 -0.967639 0 -5134.96 0 -1070.83 1 0
-0.967639 0 0.25234 0 0 1 0 0 -0.25234 0 -0.967639 0 -5134.96 0 -1070.83 1 0
-0.951001 -0.0308345 0.307647 0 -0.0122118 0.997984 0.0622755 0 -0.308947 0.0554671 -0.94946 0 -5174.45 -17.0059 957.634 1 1
-0.952577 -0.0360952 0.302149 0 -0.0191112 0.998076 0.0589804 0 -0.303696 0.0504089 -0.951434 0 -5254.97 -18.5455 976.553 1 1
-0.952577 -0.0360952 0.302149 0 -0.0191112 0.998076 0.0589804 0 -0.303696 0.0504089 -0.951434 0 -5254.97 -18.5455 976.553 1 2
-0.952577 -0.0360952 0.302149 0 -0.0191112 0.998076 0.0589804 0 -0.303696 0.0504089 -0.951434 0 -5254.97 -18.5455 976.553 1 2
-0.952577 -0.0360952 0.302149 0 -0.0191112 0.998076 0.0589804 0 -0.303696 0.0504089 -0.951434 0 -5254.97 -18.5455 976.553 1 2
-0.952577 -0.0360952 0.302149 0 -0.0191112 0.998076 0.0589804 0 -0.303696 0.0504089 -0.951434 0 -5254.97 -18.5455 976.553 1 2
-0.952577 -0.0360952 0.302149 0 -0.0191112 0.998076 0.0589804 0 -0.303696 0.0504089 -0.951434 0 -5254.97 -18.5455 976.553 1 2
-0.952577 -0.0360952 0.302149 0 -0.0191112 0.998076 0.0589804 0 -0.303696 0.0504089 -0.951434 0 -5254.97 -18.5455 976.553 1 2
-0.952577 -0.0360952 0.302149 0 -0.0191112 0.998076 0.0589804 0 -0.303696 0.0504089 -0.951434 0 -5254.97 -18.5455 976.553 1 2
-0.952577 -0.0360952 0.302149 0 -0.0191112 0.998076 0.0589804 0 -0.303696 0.0504089 -0.951434 0 -5254.97 -18.5455 976.553 1 2
-0.952577 -0.0360952 0.302149 0 -0.0191112 0.998076 0.0589804 0 -0.303696 0.0504089 -0.951434 0 -5254.97 -18.5455 976.553 1 2
-0.952577 -0.0360952 0.302149 0 -0.0191112 0.998076 0.0589804 0 -0.303696 0.0504089 -0.951434 0 -5254.97 -18.5455 976.553 1 2
-0.952577 -0.0360952 0.302149 0 -0.0191112 0.998076 0.0589804 0 -0.303696 0.0504089 -0.951434 0 -5254.97 -18.5455 976.553 1 2
-0.952577 -0.0360952 0.302149 0 -0.0191112 0.998076 0.0589804 0 -0.303696 0.0504089 -0.951434 0 -5254.97 -18.5455 976.553 1 2
-0.952577 -0.0360952 0.302149 0 -0.0191112 0.998076 0.0589804 0 -0.303696 0.0504089 -0.951434 0 -5254.97 -18.5455 976.553 1 2
-0.952577 -0.0360952 0.302149 0 -0.0191112 0.998076 0.0589804 0 -0.303696 0.0504089 -0.951434 0 -5254.97 -18.5455 976.553 1 2
-0.952577 -0.0360952 0.302149 0 -0.0191112 0.998076 0.0589804 0 -0.303696 0.0504089 -0.951434 0 -5254.97 -18.5455 976.553 1 2
-0.952577 -0.0360952 0.302149 0 -0.0191112 0.998076 0.0589804 0 -0.303696 0.0504089 -0.951434 0 -5254.97 -18.5455 976.553 1 2
-0.952577 -0.0360952 0.302149 0 -0.0191112 0.998076 0.0589804 0 -0.303696 0.0504089 -0.951434 0 -5254.97 -18.5455 976.553 1 2
-0.952577 -0.0360952 0.302149 0 -0.0191112 0.998076 0.0589804 0 -0.303696 0.0504089 -0.951434 0 -5254.97 -18.5455 976.553 1 2
-0.952577 -0.0360952 0.302149 0 -0.0191112 0.998076 0.0589804 0 -0.303696 0.0504089 -0.951434 0 -5254.97 -18.5455 976.553 1 2
-0.952577 -0.0360952 0.302149 0 -0.0191112 0.998076 0.0589804 0 -0.303696 0.0504089 -0.951434 0 -5254.97 -18.5455 976.553 1 2
-0.952577 -0.0360952 0.302149 0 -0.0191112 0.998076 0.0589804 0 -0.303696 0.0504089 -0.951434 0 -5254.97 -18.5455 976.553 1 2
-0.952577 -0.0360952 0.302149 0 -0.0191112 0.998076 0.0589804 0 -0.303696 0.0504089 -0.951434 0 -5254.97 -18.5455 976.553 1 2
-0.952577 -0.0360952 0.302149 0 -0.0191112 0.998076 0.0589804 0 -0.303696 0.0504089 -0.951434 0 -5254.97 -18.5455 976.553 1 2
-0.952577 -0.0360952 0.302149 0 -0.0191112 0.998076 0.0589804 0 -0.303696 0.0504089 -0.951434 0 -5254.97 -18.5455 976.553 1 2
-0.952577 -0.0360952 0.302149 0 -0.0191112 0.998076 0.0589804 0 -0.303696 0.0504089 -0.951434 0 -5254.97 -18.5455 976.553 1 2
-0.952577 -0.0360952 0.302149 0 -0.0191112 0.998076 0.0589804 0 -0.303696 0.0504089 -0.951434 0 -5254.97 -18.5455 976.553 1 2
-0.952577 -0.0360952 0.302149 0 -0.0191112 0.998076 0.0589804 0 -0.303696 0.0504089 -0.951434 0 -5254.97 -18.5455 976.553 1 2
-0.952577 -0.0360952 0.302149 0 -0.0191112 0.998076 0.0589804 0 -0.303696 0.0504089 -0.951434 0 -5254.97 -18.5455 976.553 1 2
-0.952577 -0.0360952 0.302149 0 -0.0191112 0.998076 0.0589804 0 -0.303696 0.0504089 -0.951434 0 -5254.97 -18.5455 976.553 1 2
-0.952577 -0.0360952 0.302149 0 -0.0191112 0.998076 0.0589804 0 -0.303696 0.0504089 -0.951434 0 -5254.97 -18.5455 976.553 1 2
-0.952577 -0.0360952 0.302149 0 -0.0191112 0.998076 0.0589804 0 -0.303696 0.0504089 -0.951434 0 -5254.97 -18.5455 976.553 1 2
-0.952577 -0.0360952 0.302149 0 -0.0191112 0.998076 0.0589804 0 -0.303696 0.0504089 -0.951434 0 -5254.97 -18.5455 976.553 1 2
-0.952577 -0.0360952 0.302149 0 -0.0191112 0.998076 0.0589804 0 -0.303696 0.0504089 -0.951434 0 -5254.97 -18.5455 976.553 1 2
-0.952577 -0.0360952 0.302149 0 -0.0191112 0.998076 0.0589804 0 -0.303696 0.0504089 -0.951434 0 -5254.97 -18.5455 976.553 1 2
-0.952577 -0.0360952 0.302149 0 -0.0191112 0.998076 0.0589804 0 -0.303696 0.0504089 -0.951434 0 -5254.97 -18.5455 976.553 1 2
-0.952577 -0.0360952 0.302149 0 -0.0191112 0.998076 0.0589804 0 -0.303696 0.0504089 -0.951434 0 -5254.97 -18.5455 976.553 1 2
-0.952577 -0.0360952 0.302149 0 -0.0191112 0.998076 0.0589804 0 -0.303696 0.0504089 -0.951434 0 -5254.97 -18.5455 976.553 1 2
-0.952577 -0.0360952 0.302149 0 -0.0191112 0.998076 0.0589804 0 -0.303696 0.0504089 -0.951434 0 -5254.97 -18.5455 976.553 1 2
-0.952577 -0.0360952 0.302149 0 -0.0191112 0.998076 0.0589804 0 -0.303696 0.0504089 -0.951434 0 -5254.97 -18.5455 976.553 1 2
-0.952577 -0.0360952 0.302149 0 -0.0191112 0.998076 0.0589804 0 -0.303696 0.0504089 -0.951434 0 -5254.97 -18.5455 976.553 1 2
-0.952577 -0.0360952 0.302149 0 -0.0191112 0.998076 0.0589804 0 -0.303696 0.0504089 -0.951434 0 -5254.97 -18.5455 976.553 1 2
-0.952577 -0.0360952 0.302149 0 -0.0191112 0.998076 0.0589804 0 -0.303696 0.0504089 -0.951434 0 -5254.97 -18.5455 976.553 1 2
-0.952577 -0.0360952 0.302149 0 -0.0191112 0.998076 0.0589804 0 -0.303696 0.0504089 -0.951434 0 -5254.97 -18.5455 976.553 1 2
-0.952577 -0.0360952 0.302149 0 -0.0191112 0.998076 0.0589804 0 -0.303696 0.0504089 -0.951434 0 -5254.97 -18.5455 976.553 1 2
-0.952577 -0.0360952 0.302149 0 -0.0191112 0.998076 0.0589804 0 -0.303696 0.0504089 -0.951434 0 -5254.97 -18.5455 976.553 1 2
-0.952577 -0.0360952 0.302149 0 -0.0191112 0.998076 0.0589804 0 -0.303696 0.0504089 -0.951434 0 -5254.97 -18.5455 976.553 1 2
-0.952577 -0.0360952 0.302149 0 -0.0191112 0.998076 0.0589804 0 -0.303696 0.0504089 -0.951434 0 -5254.97 -18.5455 976.553 1 2
-0.952577 -0.0360952 0.302149 0 -0.0191112 0.998076 0.0589804 0 -0.303696 0.0504089 -0.951434 0 -5254.97 -18.5455 976.553 1 2
-0.952577 -0.0360952 0.302149 0 -0.0191112 0.998076 0.0589804 0 -0.303696 0.0504089 -0.951434 0 -5254.97 -18.5455 976.553 1 2
-0.952577 -0.0360952 0.302149 0 -0.0191112 0.998076 0.0589804 0 -0.303696 0.0504089 -0.951434 0 -5254.97 -18.5455 976.553 1 2
-0.952577 -0.0360952 0.302149 0 -0.0191112 0.998076 0.0589804 0 -0.303696 0.0504089 -0.951434 0 -5254.97 -18.5455 976.553 1 2
-0.952577 -0.0360952 0.302149 0 -0.0191112 0.998076 0.0589804 0 -0.303696 0.0504089 -0.951434 0 -5254.97 -18.5455 976.553 1 2
-0.952577 -0.0360952 0.302149 0 -0.0191112 0.998076 0.0589804 0 -0.303696 0.0504089 -0.951434 0 -5254.97 -18.5455 976.553 1 2
-0.952577 -0.0360952 0.302149 0 -0.0191112 0.998076 0.0589804 0 -0.303696 0.0504089 -0.951434 0 -5254.97 -18.5455 976.553 1 2
-0.952577 -0.0360952 0.302149 0 -0.0191112 0.998076 0.0589804 0 -0.303696 0.0504089 -0.951434 0 -5254.97 -18.5455 976.553 1 2
-0.952577 -0.0360952 0.302149 0 -0.0191112 0.998076 0.0589804 0 -0.303696 0.0504089 -0.951434 0 -5254.97 -18.5455 976.553 1 2
-0.952577 -0.0360952 0.302149 0 -0.0191112 0.998076 0.0589804 0 -0.303696 0.0504089 -0.951434 0 -5254.97 -18.5455 976.553 1 2
-0.952577 -0.0360952 0.302149 0 -0.0191112 0.998076 0.0589804 0 -0.303696 0.0504089 -0.951434 0 -5254.97 -18.5455 976.553 1 2
-0.952577 -0.0360952 0.302149 0 -0.0191112 0.998076 0.0589804 0 -0.303696 0.0504089 -0.951434 0 -5254.97 -18.5455 976.553 1 2
-0.952577 -0.0360952 0.302149 0 -0.0191112 0.998076 0.0589804 0 -0.303696 0.0504089 -0.951434 0 -5254.97 -18.5455 976.553 1 2
-0.952577 -0.0360952 0.302149 0 -0.0191112 0.998076 0.0589804 0 -0.303696 0.0504089 -0.951434 0 -5254.97 -18.5455 976.553 1 2
-0.952577 -0.0360952 0.302149 0 -0.0191112 0.998076 0.0589804 0 -0.303696 0.0504089 -0.951434 0 -5254.97 -18.5455 976.553 1 2
-0.952577 -0.0360952 0.302149 0 -0.0191112 0.998076 0.0589804 0 -0.303696 0.0504089 -0.951434 0 -5254.97 -18.5455 976.553 1 2
-0.952577 -0.0360952 0.302149 0 -0.0191112 0.998076 0.0589804 0 -0.303696 0.0504089 -0.951434 0 -5254.97 -18.5455 976.553 1 2
-0.952614 -0.0537466 0.299396 0 -0.0350981 0.997114 0.0673238 0 -0.30215 0.0536254 -0.951751 0 -5254.63 -96.1054 985.791 1 3
-0.952026 -0.0666813 0.298665 0 -0.0478777 0.996408 0.0698472 0 -0.30225 0.0521969 -0.951799 0 -5253.98 -157.248 994.651 1 3
-0.951181 -0.0757924 0.299182 0 -0.0574504 0.995916 0.069647 0 -0.303239 0.0490587 -0.951651 0 -5253.6 -204.04 1002.28 1 3
-0.95027 -0.0819079 0.300464 0 -0.0644356 0.995628 0.067624 0 -0.304689 0.0449004 -0.951393 0 -5253.66 -239.174 1010.84 1 3
-0.949444 -0.0839297 0.302509 0 -0.0675522 0.995647 0.0642205 0 -0.306582 0.0405387 -0.950981 0 -5255.09 -259.017 1020.63 1 3
-0.948702 -0.0816282 0.305453 0 -0.0660978 0.995955 0.0608634 0 -0.309186 0.0375514 -0.95026 0 -5258.58 -258.531 1033.86 1 3
-0.948005 -0.0768199 0.308845 0 -0.0626702 0.99649 0.0554926 0 -0.312024 0.0332519 -0.949492 0 -5262.15 -250.569 1049.45 1 3
-0.947399 -0.0708835 0.312108 0 -0.0578954 0.997035 0.0506982 0 -0.314776 0.0299617 -0.948693 0 -5266.26 -236.822 1064.91 1 3
-0.946754 -0.0642233 0.315487 0 -0.0523278 0.997568 0.0460415 0 -0.317677 0.0270812 -0.947812 0 -5269.98 -217.576 1081.36 1 3
-0.945994 -0.0578602 0.318978 0 -0.0467332 0.998006 0.0424339 0 -0.320797 0.0252354 -0.946812 0 -5273.3 -196.78 1098.02 1 3
-0.945234 -0.0524838 0.322147 0 -0.0419344 0.998335 0.0396049 0 -0.323689 0.0239269 -0.945861 0 -5276.52 -178.345 1112.63 1 3
-0.944509 -0.0482256 0.324925 0 -0.0379974 0.998564 0.0377548 0 -0.32628 0.0233135 -0.944986 0 -5279.33 -163.133 1125.07 1 3
-0.943891 -0.0447086 0.327218 0 -0.0346406 0.998732 0.0365353 0 -0.328436 0.0231503 -0.944242 0 -5281.95 -150.24 1134.25 1 3
-0.943276 -0.0422265 0.329312 0 -0.0320857 0.99883 0.0361705 0 -0.330455 0.0235526 -0.943528 0 -5284.11 -141.104 1142.13 1 3
-0.942596 -0.0404481 0.331478 0 -0.0302404 0.998898 0.035897 0 -0.332564 0.0238123 -0.94278 0 -5285.62 -134.739 1150.83 1 3
-0.941889 -0.0391792 0.333632 0 -0.0288435 0.99894 0.0358786 0 -0.334684 0.0241705 -0.94202 0 -5286.51 -129.891 1160.06 1 3
-0.941116 -0.037955 0.335947 0 -0.0275222 0.998981 0.0357638 0 -0.336962 0.0244118 -0.941202 0 -5286.77 -125.073 1170.3 1 3
-0.940435 -0.0369813 0.337958 0 -0.0265798 0.999021 0.0353553 0 -0.338934 0.0242665 -0.940497 0 -5287.66 -121.311 1181.32 1 3
-0.939781 -0.036052 0.33987 0 -0.0256354 0.999055 0.0350906 0 -0.340814 0.0242648 -0.939817 0 -5288.21 -117.181 1191.54 1 3
-0.939209 -0.035223 0.341535 0 -0.0248074 0.999086 0.0348176 0 -0.342449 0.0242284 -0.939224 0 -5288.82 -113.488 1200.12 1 3
-0.93872 -0.0344103 0.342959 0 -0.0239987 0.999115 0.0345576 0 -0.343845 0.0242094 -0.938714 0 -5289.37 -110.161 1207.16 1 3
-0.938332 -0.0339232 0.344067 0 -0.0234675 0.999129 0.0345087 0 -0.344937 0.0243062 -0.938311 0 -5289.96 -108.171 1212.32 1 3
-0.937992 -0.0335159 0.345034 0 -0.022969 0.999137 0.0346117 0 -0.345896 0.0245404 -0.937952 0 -5290.52 -106.458 1216.58 1 3
-0.937787 -0.0331792 0.345623 0 -0.0225558 0.999143 0.0347148 0 -0.346478 0.0247593 -0.937731 0 -5291.29 -105.186 1219 1 3
-0.937593 -0.0328749 0.346176 0 -0.0221652 0.999147 0.0348519 0 -0.347026 0.0250039 -0.937522 0 -5291.87 -103.812 1220.82 1 3
-0.937425 -0.0325505 0.346663 0 -0.021754 0.999151 0.0349912 0 -0.347507 0.0252603 -0.937337 0 -5292.45 -102.136 1222.21 1 3
-0.937263 -0.0322646 0.347127 0 -0.0213725 0.999153 0.035162 0 -0.347968 0.0255371 -0.937159 0 -5293.01 -100.722 1223.28 1 3
-0.93712 -0.0318881 0.347547 0 -0.0209155 0.999159 0.0352785 0 -0.348379 0.025791 -0.936999 0 -5293.5 -98.8806 1224.25 1 3
-0.936946 -0.0316985 0.348032 0 -0.0206222 0.999157 0.0354849 0 -0.348864 0.0260703 -0.936811 0 -5293.74 -97.7333 1225.67 1 3
-0.93682 -0.0316264 0.348381 0 -0.0205693 0.999162 0.0353928 0 -0.349208 0.0259907 -0.936685 0 -5294.04 -97.1402 1226.96 1 3
-0.936706 -0.0316006 0.348689 0 -0.0205421 0.999163 0.0353674 0 -0.349515 0.0259661 -0.936571 0 -5294.42 -96.949 1227.81 1 3
-0.936614 -0.0316018 0.348935 0 -0.0205039 0.999161 0.0354539 0 -0.349762 0.0260521 -0.936476 0 -5294.8 -96.7795 1228.13 1 3
-0.936524 -0.031625 0.349175 0 -0.0205132 0.99916 0.0354759 0 -0.350004 0.0260613 -0.936386 0 -5295.07 -96.8914 1228.34 1 3
-0.936451 -0.0316578 0.349366 0 -0.0205423 0.999159 0.0354764 0 -0.350196 0.0260452 -0.936314 0 -5295.37 -97.1627 1228.3 1 3
-0.936394 -0.0316965 0.349515 0 -0.0205695 0.999158 0.0355025 0 -0.350346 0.026055 -0.936258 0 -5295.67 -97.393 1228.01 1 3
-0.936329 -0.0323448 0.349631 0 -0.0209721 0.999122 0.0362656 0 -0.350497 0.0266241 -0.936185 0 -5296.76 -99.6711 1225.99 1 3
-0.936316 -0.0327238 0.349631 0 -0.0211469 0.999096 0.0368789 0 -0.350522 0.0271367 -0.936161 0 -5297.69 -100.759 1224.13 1 3
-0.93627 -0.0330467 0.349724 0 -0.0213158 0.999075 0.0373402 0 -0.350635 0.0275059 -0.936108 0 -5298.35 -101.624 1223.24 1 3
-0.936207 -0.0331657 0.34988 0 -0.0213349 0.999065 0.0376154 0 -0.3508 0.0277511 -0.936039 0 -5298.83 -102.005 1222.97 1 3
-0.93613 -0.0332212 0.350082 0 -0.0213117 0.999057 0.037818 0 -0.351008 0.0279417 -0.935955 0 -5299.16 -102.081 1223.19 1 3
-0.936036 -0.033311 0.350325 0 -0.0213099 0.999048 0.0380575 0 -0.351259 0.0281578 -0.935855 0 -5299.32 -102.345 1223.61 1 3
-0.935944 -0.0333967 0.350561 0 -0.0213547 0.999043 0.0381617 0 -0.3515 0.0282311 -0.935762 0 -5299.44 -102.602 1224.02 1 3
-0.935836 -0.0334683 0.350842 0 -0.0214041 0.99904 0.0382094 0 -0.351784 0.0282483 -0.935655 0 -5299.46 -102.858 1224.69 1 3
-0.935765 -0.0335558 0.351025 0 -0.0214691 0.999037 0.0382692 0 -0.351971 0.0282748 -0.935584 0 -5299.59 -103.154 1225.09 1 3
-0.935712 -0.0336461 0.351157 0 -0.0215372 0.999033 0.0383332 0 -0.352107 0.0283059 -0.935531 0 -5299.72 -103.487 1225.29 1 3
